0 0.145 0.13833333333333334 0.18333333333333332 0.23
0 0.29083333333333333 0.13166666666666665 0.12166666666666667 0.23666666666666666
0 0.4191666666666667 0.125 0.13833333333333334 0.25
0 0.5683333333333334 0.12833333333333333 0.16 0.25666666666666665
0 0.7325 0.13166666666666665 0.17166666666666666 0.2633333333333333
0 0.8358333333333333 0.12833333333333333 0.03833333333333333 0.21666666666666667
0 0.8966666666666666 0.16333333333333333 0.08666666666666667 0.14666666666666667
0 0.1225 0.36333333333333334 0.115 0.21333333333333335
0 0.2325 0.36833333333333335 0.12166666666666667 0.21666666666666667
0 0.35583333333333333 0.37 0.13166666666666665 0.23333333333333334
0 0.5325 0.37833333333333335 0.22833333333333333 0.25666666666666665
0 0.7716666666666666 0.38333333333333336 0.25333333333333335 0.29333333333333333
0 0.9425 0.38 0.115 0.3
0 0.16 0.5766666666666667 0.17 0.22666666666666666
0 0.30083333333333334 0.5883333333333334 0.11833333333333333 0.21666666666666667
0 0.4225 0.6033333333333334 0.125 0.22666666666666666
0 0.565 0.6066666666666667 0.15666666666666668 0.26666666666666666
0 0.13666666666666666 0.77 0.11 0.20666666666666667
0 0.24416666666666667 0.7883333333333333 0.11833333333333333 0.21
0 0.36 0.8066666666666666 0.12 0.22
0 0.5283333333333333 0.8233333333333334 0.21666666666666667 0.29333333333333333
0 0.17 0.93 0.16 0.14
0 0.305 0.945 0.11 0.11
0 0.42333333333333334 0.9566666666666667 0.12 0.08666666666666667
0 0.55 0.9733333333333334 0.13 0.05333333333333334
0 0.7558333333333334 0.8833333333333333 0.24166666666666667 0.23333333333333334
0 0.935 0.9 0.13 0.2
0 0.7216666666666667 0.6516666666666666 0.16 0.25666666666666665
0 0.8883333333333333 0.6666666666666666 0.18 0.26666666666666666
0 0.9866666666666667 0.675 0.02666666666666667 0.27
