0 0.209 0.06017699115044248 0.418 0.12035398230088495
0 0.233 0.30265486725663715 0.462 0.41061946902654867
0 0.689 0.27079646017699116 0.49 0.3823008849557522
0 0.953 0.25398230088495577 0.09 0.18938053097345134
0 0.883 0.5283185840707965 0.23 0.3734513274336283
0 0.583 0.5946902654867257 0.426 0.27964601769911507
0 0.19 0.6185840707964602 0.38 0.2814159292035398
0 0.177 0.8513274336283185 0.354 0.24424778761061947
0 0.523 0.8256637168141593 0.37 0.22123893805309736
0 0.848 0.8035398230088495 0.304 0.215929203539823
