0 0.399624765478424 0.2733333333333333 0.25140712945590993 0.2866666666666667
0 0.573170731707317 0.2916666666666667 0.10694183864915573 0.23666666666666666
0 0.6632270168855535 0.29833333333333334 0.08818011257035648 0.21666666666666667
0 0.7514071294559099 0.30333333333333334 0.10318949343339587 0.18666666666666668
0 0.7804878048780488 0.11833333333333333 0.075046904315197 0.21
0 0.7373358348968105 0.48833333333333334 0.1050656660412758 0.17666666666666667
0 0.6275797373358349 0.5116666666666667 0.13696060037523453 0.21666666666666667
0 0.5121951219512195 0.5283333333333333 0.1125703564727955 0.23
0 0.35647279549718575 0.5283333333333333 0.2026266416510319 0.30333333333333334
0 0.7429643527204502 0.6516666666666666 0.07129455909943715 0.18333333333333332
0 0.6716697936210131 0.675 0.0900562851782364 0.20333333333333334
0 0.5628517823639775 0.7183333333333334 0.13883677298311445 0.23
0 0.3789868667917448 0.77 0.23639774859287055 0.30666666666666664
0 0.7129455909943715 0.8216666666666667 0.11632270168855535 0.19666666666666666
0 0.6013133208255159 0.8766666666666667 0.11444652908067542 0.21333333333333335
0 0.49530956848030017 0.9066666666666666 0.1050656660412758 0.18666666666666668
0 0.34896810506566606 0.915 0.19136960600375236 0.17
0 0.36585365853658536 0.07833333333333334 0.2176360225140713 0.15666666666666668
0 0.5347091932457786 0.09 0.12382739212007504 0.18
0 0.6350844277673546 0.09666666666666666 0.08818011257035648 0.19333333333333333
0 0.7138836772983115 0.10666666666666667 0.08442776735459662 0.21333333333333335
0 0.848968105065666 0.13166666666666665 0.07692307692307693 0.19666666666666666
0 0.9118198874296435 0.15333333333333332 0.07129455909943715 0.18
0 0.9568480300187617 0.17166666666666666 0.04127579737335835 0.15666666666666668
0 0.8461538461538461 0.30833333333333335 0.10881801125703565 0.17666666666666667
0 0.9296435272045028 0.31833333333333336 0.08067542213883677 0.15666666666666668
0 0.8273921200750469 0.4816666666666667 0.09380863039399624 0.16333333333333333
0 0.8939962476547842 0.475 0.058161350844277676 0.15
0 0.9362101313320825 0.4683333333333333 0.04127579737335835 0.14333333333333334
0 0.8236397748592871 0.64 0.10131332082551595 0.17333333333333334
0 0.9033771106941839 0.615 0.06941838649155722 0.15
0 0.800187617260788 0.7933333333333333 0.07692307692307693 0.16666666666666666
0 0.8583489681050657 0.7633333333333333 0.058161350844277676 0.16666666666666666
0 0.9033771106941839 0.7333333333333333 0.04690431519699812 0.15333333333333332
0 0.8039399624765479 0.92 0.09193245778611632 0.16
0 0.7354596622889306 0.935 0.05628517823639775 0.13
0 0.6688555347091932 0.95 0.08442776735459662 0.1
0 0.8714821763602252 0.875 0.058161350844277676 0.14333333333333334
0 0.21482176360225141 0.07833333333333334 0.08067542213883677 0.15666666666666668
0 0.2523452157598499 0.265 0.039399624765478425 0.23666666666666666
0 0.2129455909943715 0.255 0.03564727954971857 0.21
0 0.1801125703564728 0.24 0.0300187617260788 0.17333333333333334
0 0.1575984990619137 0.07833333333333334 0.0375234521575985 0.15666666666666668
0 0.15196998123827393 0.23666666666666666 0.02626641651031895 0.15333333333333332
0 0.22795497185741087 0.4583333333333333 0.05065666041275797 0.23666666666666666
0 0.24765478424015008 0.6883333333333334 0.0525328330206379 0.27
0 0.20637898686679174 0.6283333333333333 0.04127579737335835 0.23666666666666666
0 0.9437148217636022 0.7 0.0525328330206379 0.14
0 0.9212007504690432 0.825 0.05628517823639775 0.14333333333333334
0 0.9643527204502814 0.7916666666666666 0.0450281425891182 0.14333333333333334
0 0.0450281425891182 0.06833333333333333 0.0900562851782364 0.13666666666666666
0 0.05909943714821764 0.235 0.11819887429643527 0.21
0 0.05065666041275797 0.44166666666666665 0.10131332082551595 0.20333333333333334
0 0.0600375234521576 0.6183333333333333 0.1200750469043152 0.23
0 0.07410881801125703 0.7916666666666666 0.12195121951219512 0.24333333333333335
0 0.08067542213883677 0.9016666666666666 0.16135084427767354 0.19666666666666666
0 0.17333060789452553 0.4064072632944229 0.05840226016746849 0.19974059662775612
0 0.2269876844233872 0.8441504539559014 0.06351245793212196 0.2658884565499351
0 0.14741460494521139 0.5283268482490272 0.04745183638606813 0.1867704280155642
0 0.18172593279359914 0.5724254215304799 0.040151553865134595 0.19714656290531782
0 0.2147451428666095 0.8822663723325975 0.1014707039581858 0.23399558498896245
