0 0.832 0.35435435435435436 0.164 0.3303303303303303
0 0.676 0.36936936936936937 0.156 0.3063063063063063
0 0.538 0.3333333333333333 0.128 0.3063063063063063
0 0.41 0.33183183183183185 0.128 0.2972972972972973
0 0.664 0.6771771771771772 0.14 0.3153153153153153
0 0.532 0.6411411411411412 0.128 0.30930930930930933
0 0.408 0.6381381381381381 0.124 0.30930930930930933
0 0.535 0.8993993993993994 0.13 0.2012012012012012
0 0.668 0.918918918918919 0.136 0.16216216216216217
0 0.407 0.8963963963963963 0.118 0.2072072072072072
0 0.284 0.3978978978978979 0.128 0.27927927927927926
0 0.158 0.4009009009009009 0.136 0.2732732732732733
0 0.155 0.6696696696696697 0.13 0.2702702702702703
0 0.282 0.6681681681681682 0.128 0.2672672672672673
0 0.115 0.9024024024024024 0.146 0.19519519519519518
0 0.814 0.6786786786786787 0.168 0.32432432432432434
0 0.868 0.7492492492492493 0.264 0.5015015015015015
