0 0.019 0.14666666666666667 0.038 0.144
0 0.084 0.144 0.1 0.13866666666666666
0 0.183 0.14533333333333334 0.106 0.14133333333333334
0 0.285 0.14533333333333334 0.102 0.14133333333333334
0 0.385 0.14266666666666666 0.102 0.14666666666666667
0 0.486 0.14133333333333334 0.1 0.144
0 0.586 0.14133333333333334 0.104 0.13866666666666666
0 0.688 0.14133333333333334 0.104 0.13866666666666666
0 0.794 0.13733333333333334 0.116 0.14666666666666667
0 0.9 0.14 0.108 0.14133333333333334
0 0.973 0.13733333333333334 0.054 0.14133333333333334
0 0.021 0.2853333333333333 0.042 0.13866666666666666
0 0.089 0.2826666666666667 0.102 0.144
0 0.187 0.2853333333333333 0.102 0.144
0 0.289 0.284 0.102 0.14133333333333334
0 0.388 0.2853333333333333 0.1 0.13866666666666666
0 0.487 0.2826666666666667 0.098 0.13866666666666666
0 0.588 0.2826666666666667 0.1 0.144
0 0.69 0.284 0.104 0.14133333333333334
0 0.895 0.284 0.102 0.14666666666666667
0 0.791 0.2853333333333333 0.106 0.144
0 0.973 0.28 0.054 0.14933333333333335
0 0.97 0.4226666666666667 0.06 0.136
0 0.89 0.42533333333333334 0.108 0.136
0 0.787 0.42533333333333334 0.106 0.136
0 0.685 0.4226666666666667 0.098 0.136
0 0.585 0.42 0.098 0.136
0 0.483 0.42133333333333334 0.102 0.13866666666666666
0 0.386 0.42533333333333334 0.096 0.136
0 0.288 0.424 0.1 0.13866666666666666
0 0.188 0.424 0.1 0.13333333333333333
0 0.089 0.4226666666666667 0.098 0.136
0 0.021 0.4226666666666667 0.042 0.136
0 0.02 0.5613333333333334 0.04 0.136
0 0.089 0.56 0.098 0.13866666666666666
0 0.188 0.56 0.1 0.13866666666666666
0 0.288 0.56 0.096 0.13333333333333333
0 0.388 0.56 0.1 0.13866666666666666
0 0.486 0.5613333333333334 0.1 0.14133333333333334
0 0.586 0.56 0.1 0.13866666666666666
0 0.686 0.5573333333333333 0.1 0.13866666666666666
0 0.788 0.5573333333333333 0.108 0.13866666666666666
0 0.89 0.5586666666666666 0.104 0.136
0 0.971 0.56 0.058 0.13866666666666666
0 0.021 0.696 0.042 0.13333333333333333
0 0.09 0.6973333333333334 0.096 0.136
0 0.189 0.696 0.102 0.13866666666666666
0 0.289 0.6946666666666667 0.098 0.136
0 0.388 0.6946666666666667 0.1 0.13066666666666665
0 0.487 0.696 0.098 0.128
0 0.585 0.6973333333333334 0.102 0.136
0 0.685 0.6973333333333334 0.102 0.136
0 0.785 0.6986666666666667 0.106 0.13866666666666666
0 0.888 0.7 0.104 0.14133333333333334
0 0.97 0.7 0.06 0.14133333333333334
0 0.02 0.8293333333333334 0.04 0.13333333333333333
0 0.091 0.832 0.098 0.13333333333333333
0 0.19 0.8306666666666667 0.1 0.13066666666666665
0 0.289 0.8293333333333334 0.098 0.13333333333333333
0 0.388 0.828 0.1 0.136
0 0.485 0.8293333333333334 0.098 0.13333333333333333
0 0.583 0.8306666666666667 0.102 0.136
0 0.683 0.8333333333333334 0.098 0.13066666666666665
0 0.784 0.8346666666666667 0.104 0.13333333333333333
0 0.886 0.836 0.104 0.13066666666666665
0 0.966 0.8373333333333334 0.068 0.128
0 0.968 0.9506666666666667 0.064 0.09866666666666667
0 0.886 0.9506666666666667 0.1 0.09866666666666667
0 0.786 0.9493333333333334 0.1 0.10133333333333333
0 0.685 0.948 0.102 0.09866666666666667
0 0.586 0.9466666666666667 0.1 0.10133333333333333
0 0.485 0.9466666666666667 0.098 0.10133333333333333
0 0.388 0.9493333333333334 0.1 0.10133333333333333
0 0.288 0.9493333333333334 0.1 0.10133333333333333
0 0.189 0.948 0.102 0.104
0 0.092 0.9493333333333334 0.096 0.10133333333333333
0 0.022 0.948 0.044 0.09866666666666667
