0 0.1550595238095238 0.32216034839722996 0.30773809523809526 0.19990004997501246
0 0.1660714285714286 0.4961804811879775 0.2988095238095238 0.14814021560648255
0 0.1761904761904762 0.6333886628114513 0.2654761904761905 0.13698507888912692
0 0.16279761904761905 0.7266456057685443 0.2541666666666667 0.20480831013064893
0 0.19970238095238096 0.8625151709859356 0.23154761904761903 0.13475405154565578
0 0.4318452380952381 0.8221335760691082 0.21369047619047626 0.15572570857428425
0 0.4089285714285714 0.7476172627971728 0.23095238095238096 0.1262761476404655
0 0.4336309523809524 0.6215642178910545 0.2505952380952381 0.13743128435782112
0 0.4407738095238095 0.4914953237666881 0.24821428571428572 0.1360926679517384
0 0.44851190476190483 0.33086135503676734 0.29583333333333334 0.19856143356892983
0 0.7053571428571429 0.3589722995645035 0.2797619047619048 0.2030234882558721
0 0.6782738095238096 0.5149211108731349 0.2505952380952381 0.12761476404654812
0 0.6523809523809524 0.6293728135932034 0.225 0.10575069608053124
0 0.6279761904761905 0.7290997358463626 0.225 0.09638038123795244
0 0.638095238095238 0.8152173913043478 0.2297619047619047 0.13118440779610194
0 0.830654761904762 0.8143249803669594 0.19583333333333325 0.09548797030056394
0 0.8398809523809524 0.7308845577211395 0.2297619047619048 0.1008424359248947
0 0.8698333333333333 0.6318269436710217 0.25633333333333325 0.1356464624830442
0 0.8863095238095239 0.517152138216606 0.22142857142857145 0.13475405154565578
0 0.9019761904761905 0.38342435924894697 0.19204761904761905 0.16268651388591418
