0 0.163 0.2818590704647676 0.326 0.22188905547226387
0 0.481 0.29310344827586204 0.31 0.1904047976011994
0 0.199 0.49775112443778113 0.394 0.24587706146926536
0 0.518 0.4790104947526237 0.316 0.19940029985007496
0 0.213 0.6836581709145427 0.35 0.2098950524737631
0 0.52 0.6401799100449775 0.272 0.18290854572713644
0 0.227 0.8328335832083958 0.322 0.19940029985007496
0 0.511 0.7743628185907047 0.254 0.17541229385307347
0 0.237 0.9302848575712144 0.298 0.136431784107946
0 0.502 0.8898050974512743 0.236 0.17541229385307347
0 0.01 0.5577211394302849 0.02 0.12293853073463268
0 0.027 0.7053973013493253 0.05 0.18140929535232383
0 0.036 0.8718140929535232 0.072 0.1634182908545727
0 0.045 0.9662668665667167 0.09 0.06446776611694154
0 0.73 0.3770614692653673 0.22 0.1424287856071964
0 0.832 0.280359820089955 0.196 0.07796101949025487
0 0.848 0.3740629685157421 0.228 0.13043478260869565
0 0.95 0.2773613193403298 0.052 0.053973013493253376
0 0.964 0.3748125937031484 0.072 0.1199400299850075
0 0.736 0.4970014992503748 0.156 0.11544227886056972
0 0.862 0.48800599700149927 0.148 0.10944527736131934
0 0.954 0.48200899550224885 0.092 0.10044977511244378
0 0.717 0.5989505247376312 0.146 0.11244377811094453
0 0.839 0.5839580209895052 0.138 0.10644677661169415
0 0.943 0.5727136431784108 0.114 0.10194902548725637
0 0.7 0.6911544227886057 0.14 0.11094452773613193
0 0.683 0.7796101949025487 0.138 0.11094452773613193
0 0.671 0.8583208395802099 0.126 0.10644677661169415
0 0.819 0.6739130434782609 0.134 0.10344827586206896
0 0.8 0.7541229385307346 0.128 0.09895052473763119
0 0.779 0.8313343328335832 0.126 0.10044977511244378
0 0.924 0.656671664167916 0.128 0.10194902548725637
0 0.904 0.7331334332833583 0.124 0.095952023988006
0 0.882 0.8058470764617691 0.116 0.0944527736131934
0 0.976 0.6394302848575713 0.048 0.15442278860569716
0 0.961 0.7653673163418291 0.078 0.11244377811094453
