0 0.148 0.17733333333333334 0.144 0.20533333333333334
0 0.27 0.16133333333333333 0.14 0.2
0 0.395 0.144 0.13 0.21866666666666668
0 0.578 0.16266666666666665 0.252 0.24
0 0.721 0.148 0.054 0.232
0 0.138 0.2986666666666667 0.184 0.08
0 0.123 0.4653333333333333 0.246 0.296
0 0.277 0.276 0.158 0.088
0 0.421 0.276 0.154 0.07733333333333334
0 0.576 0.2946666666666667 0.168 0.04533333333333334
0 0.693 0.2866666666666667 0.114 0.050666666666666665
0 0.116 0.7 0.192 0.22133333333333333
0 0.276 0.68 0.176 0.21866666666666668
0 0.434 0.6666666666666666 0.168 0.20266666666666666
0 0.198 0.8773333333333333 0.248 0.192
0 0.434 0.86 0.248 0.184
0 0.169 1.044 0.166 0.184
0 0.318 1.0413333333333334 0.168 0.184
0 0.478 1.044 0.16 0.184
0 0.634 1.0453333333333332 0.156 0.17066666666666666
0 0.723 1.044 0.05 0.15733333333333333
0 0.653 0.8533333333333334 0.19 0.21866666666666668
0 0.596 0.6706666666666666 0.168 0.2
0 0.707 0.668 0.082 0.20533333333333334
0 0.361 0.44533333333333336 0.27 0.2613333333333333
0 0.62 0.436 0.256 0.2853333333333333
