0 0.386 0.18617021276595744 0.3 0.3723404255319149
0 0.69 0.19946808510638298 0.332 0.39893617021276595
0 0.158 0.3829787234042553 0.244 0.39361702127659576
0 0.39 0.47606382978723405 0.268 0.26063829787234044
0 0.668 0.5079787234042553 0.296 0.30319148936170215
0 0.888 0.6409574468085106 0.224 0.4627659574468085
0 0.884 0.9148936170212766 0.232 0.1702127659574468
0 0.658 0.7367021276595744 0.26 0.25
0 0.402 0.6968085106382979 0.244 0.2553191489361702
0 0.418 0.8856382978723404 0.212 0.18617021276595744
0 0.644 0.9069148936170213 0.232 0.18617021276595744
0 0.43 0.9707446808510638 0.188 0.05851063829787234
0 0.242 0.9468085106382979 0.18 0.10638297872340426
0 0.222 0.8404255319148937 0.196 0.20212765957446807
0 0.194 0.6781914893617021 0.212 0.21808510638297873
0 0.056 0.5478723404255319 0.112 0.3723404255319149
0 0.07 0.7925531914893617 0.14 0.19148936170212766
0 0.084 0.9202127659574468 0.168 0.1595744680851064
