0 0.296 0.06133333333333333 0.192 0.12266666666666666
0 0.509 0.056 0.23 0.10666666666666667
0 0.723 0.058666666666666666 0.206 0.11733333333333333
0 0.299 0.216 0.206 0.19733333333333333
0 0.292 0.408 0.2 0.192
0 0.308 0.5906666666666667 0.204 0.2
0 0.31 0.7826666666666666 0.2 0.19466666666666665
0 0.311 0.94 0.198 0.12
0 0.511 0.188 0.234 0.184
0 0.509 0.37466666666666665 0.238 0.19466666666666665
0 0.513 0.5706666666666667 0.21 0.19733333333333333
0 0.514 0.776 0.208 0.21333333333333335
0 0.514 0.9386666666666666 0.208 0.11733333333333333
0 0.724 0.19466666666666665 0.196 0.19733333333333333
0 0.729 0.38266666666666665 0.198 0.20533333333333334
0 0.725 0.584 0.21 0.20266666666666666
0 0.722 0.776 0.204 0.21333333333333335
0 0.718 0.94 0.204 0.11466666666666667
0 0.032 0.268 0.064 0.15733333333333333
0 0.023 0.3933333333333333 0.046 0.09333333333333334
0 0.06 0.528 0.12 0.176
0 0.033 0.8293333333333334 0.066 0.16533333333333333
0 0.113 0.9626666666666667 0.13 0.07466666666666667
0 0.141 0.8786666666666667 0.126 0.216
