0 0.1872037914691943 0.08898305084745763 0.26066350710900477 0.17796610169491525
0 0.44075829383886256 0.05084745762711865 0.24644549763033174 0.1016949152542373
0 0.6682464454976303 0.07203389830508475 0.18009478672985782 0.1440677966101695
0 0.8791469194312796 0.08898305084745763 0.24170616113744076 0.17796610169491525
0 0.17535545023696683 0.3432203389830508 0.26540284360189575 0.3474576271186441
0 0.45260663507109006 0.2584745762711864 0.25118483412322273 0.3135593220338983
0 0.6706161137440758 0.211864406779661 0.1848341232227488 0.13559322033898305
0 0.6706161137440758 0.3474576271186441 0.1848341232227488 0.13559322033898305
0 0.17298578199052134 0.7203389830508474 0.26066350710900477 0.3389830508474576
0 0.16587677725118483 0.9449152542372882 0.2559241706161137 0.11016949152542373
0 0.43601895734597157 0.8898305084745762 0.2559241706161137 0.22033898305084745
0 0.43601895734597157 0.5932203389830508 0.2559241706161137 0.3559322033898305
0 0.6611374407582938 0.4788135593220339 0.17535545023696683 0.1271186440677966
0 0.6540284360189573 0.614406779661017 0.18009478672985782 0.1440677966101695
0 0.6682464454976303 0.7457627118644068 0.1895734597156398 0.13559322033898305
0 0.6777251184834123 0.885593220338983 0.1990521327014218 0.1440677966101695
0 0.8767772511848341 0.3855932203389831 0.24644549763033174 0.3135593220338983
0 0.8720379146919431 0.75 0.2559241706161137 0.3983050847457627
