0 0.039 0.9338028169014084 0.078 0.1323943661971831
0 0.039 0.780281690140845 0.078 0.23661971830985915
0 0.03 0.5661971830985916 0.06 0.22535211267605634
0 0.028 0.35070422535211265 0.056 0.21690140845070421
0 0.024 0.12253521126760564 0.048 0.22816901408450704
0 0.22 0.9042253521126761 0.272 0.19154929577464788
0 0.151 0.7281690140845071 0.186 0.24507042253521127
0 0.147 0.5169014084507042 0.182 0.23943661971830985
0 0.37 0.8845070422535212 0.112 0.23098591549295774
0 0.455 0.971830985915493 0.198 0.056338028169014086
0 0.325 0.7 0.202 0.22253521126760564
0 0.319 0.5014084507042254 0.21 0.2140845070422535
0 0.297 0.29295774647887324 0.238 0.21971830985915494
0 0.125 0.29577464788732394 0.11 0.2084507042253521
0 0.112 0.10845070422535211 0.132 0.2056338028169014
0 0.206 0.1056338028169014 0.06 0.16619718309859155
0 0.323 0.10140845070422536 0.174 0.2028169014084507
0 0.467 0.1056338028169014 0.118 0.19436619718309858
0 0.629 0.1028169014084507 0.206 0.2056338028169014
0 0.758 0.12394366197183099 0.052 0.19154929577464788
0 0.89 0.12535211267605634 0.22 0.19436619718309858
0 0.474 0.2971830985915493 0.128 0.2056338028169014
0 0.64 0.2971830985915493 0.208 0.2056338028169014
0 0.763 0.3028169014084507 0.046 0.18309859154929578
0 0.893 0.3 0.214 0.18309859154929578
0 0.878 0.4915492957746479 0.244 0.2112676056338028
0 0.65 0.4971830985915493 0.216 0.2056338028169014
0 0.481 0.4943661971830986 0.13 0.2
0 0.487 0.6816901408450704 0.126 0.19718309859154928
0 0.649 0.6859154929577465 0.21 0.23380281690140844
0 0.489 0.8718309859154929 0.126 0.2056338028169014
0 0.64 0.8873239436619719 0.18 0.22535211267605634
0 0.617 0.9873239436619718 0.126 0.02535211267605634
0 0.707 0.9845070422535211 0.05 0.030985915492957747
0 0.788 0.6887323943661972 0.048 0.18873239436619718
0 0.858 0.6957746478873239 0.112 0.19154929577464788
0 0.956 0.6873239436619718 0.088 0.21971830985915494
0 0.788 0.8028169014084507 0.052 0.03943661971830986
0 0.872 0.8112676056338028 0.088 0.05070422535211268
0 0.967 0.8760563380281691 0.066 0.24788732394366197
0 0.79 0.8985915492957747 0.06 0.15774647887323945
0 0.872 0.9154929577464789 0.088 0.15211267605633802
0 0.794 0.9859154929577465 0.048 0.028169014084507043
