0 0.077 0.236 0.154 0.168
0 0.21 0.388 0.156 0.168
0 0.067 0.3893333333333333 0.134 0.16533333333333333
0 0.067 0.5426666666666666 0.134 0.15733333333333333
0 0.069 0.7 0.138 0.15733333333333333
0 0.067 0.8586666666666667 0.134 0.176
0 0.069 0.9666666666666667 0.138 0.06666666666666667
0 0.216 0.2813333333333333 0.124 0.07733333333333334
0 0.215 0.5426666666666666 0.146 0.15733333333333333
0 0.216 0.7 0.152 0.16266666666666665
0 0.208 0.8506666666666667 0.152 0.16533333333333333
0 0.214 0.9533333333333334 0.156 0.088
0 0.373 0.124 0.182 0.248
0 0.376 0.388 0.172 0.168
0 0.389 0.568 0.178 0.24533333333333332
0 0.384 0.8053333333333333 0.184 0.25066666666666665
0 0.387 0.9386666666666666 0.17 0.12266666666666666
0 0.55 0.932 0.164 0.136
0 0.54 0.7826666666666666 0.144 0.248
0 0.539 0.5506666666666666 0.126 0.216
0 0.532 0.332 0.12 0.22666666666666666
0 0.518 0.11333333333333333 0.132 0.216
0 0.645 0.17733333333333334 0.13 0.216
0 0.656 0.384 0.136 0.21866666666666668
0 0.669 0.5906666666666667 0.134 0.21066666666666667
0 0.679 0.7893333333333333 0.138 0.208
0 0.693 0.94 0.134 0.12
0 0.821 0.94 0.142 0.12
0 0.807 0.78 0.146 0.21066666666666667
0 0.8 0.576 0.152 0.21333333333333335
0 0.796 0.37866666666666665 0.16 0.192
0 0.783 0.18666666666666668 0.158 0.24
0 0.911 0.33466666666666667 0.062 0.04
0 0.93 0.5466666666666666 0.06 0.042666666666666665
0 0.888 0.552 0.024 0.032
0 0.895 0.5893333333333334 0.014 0.037333333333333336
0 0.934 0.588 0.068 0.04533333333333334
0 0.936 0.632 0.068 0.048
0 0.939 0.6746666666666666 0.066 0.048
0 0.931 0.72 0.038 0.042666666666666665
0 0.931 0.764 0.042 0.04533333333333334
0 0.935 0.8066666666666666 0.034 0.04533333333333334
0 0.937 0.8506666666666667 0.03 0.042666666666666665
0 0.901 0.8533333333333334 0.046 0.042666666666666665
0 0.902 0.8106666666666666 0.044 0.048
0 0.897 0.7666666666666667 0.034 0.050666666666666665
0 0.896 0.7213333333333334 0.036 0.04533333333333334
0 0.974 0.7373333333333333 0.052 0.104
0 0.975 0.8266666666666667 0.05 0.09066666666666667
