0 0.17562886597938146 0.054639175257731966 0.34432989690721655 0.10927835051546393
0 0.13575257731958765 0.2149484536082474 0.2715051546391753 0.21134020618556698
0 0.19676288659793817 0.4020618556701031 0.3474226804123712 0.18762886597938144
0 0.21480412371134022 0.5494845360824743 0.331958762886598 0.21649484536082475
0 0.19779381443298968 0.7309278350515465 0.22164948453608246 0.1463917525773196
0 0.19109278350515463 0.8582474226804124 0.21649484536082475 0.16391752577319596
0 0.4122268041237114 0.6943298969072165 0.22164948453608246 0.23608247422680415
0 0.3895463917525773 0.2175257731958763 0.2649484536082474 0.21237113402061858
0 0.5256288659793815 0.05515463917525774 0.3556701030927835 0.11030927835051547
0 0.6715051546391753 0.21649484536082475 0.2597938144329897 0.20824742268041235
0 0.5725360824742267 0.395360824742268 0.32164948453608244 0.2175257731958763
0 0.5622268041237114 0.5798969072164948 0.29896907216494845 0.18865979381443293
0 0.6472783505154639 0.743298969072165 0.22164948453608246 0.15051546391752585
0 0.6055257731958763 0.872680412371134 0.20618556701030924 0.16597938144329896
0 0.3962474226804124 0.8742268041237115 0.2164948453608248 0.14432989690721648
0 0.8507319587628867 0.05618556701030928 0.29453608247422675 0.11030927835051547
0 0.8971237113402062 0.217 0.20175257731958754 0.21
0 0.8646494845360825 0.416340206185567 0.26670103092783504 0.18731958762886597
0 0.8538247422680413 0.5966391752577319 0.28835051546391754 0.17472164948453606
0 0.8759896907216494 0.7556701030927835 0.24402061855670104 0.1608247422680413
0 0.8163505154639177 0.8963917525773196 0.22371134020618558 0.1536082474226805
