0 0.05378640776699029 0.12417529367591053 0.10601941747572814 0.2472777986375583
0 0.26834951456310674 0.12122512471168803 0.30601941747572814 0.24245024942337606
0 0.030485436893203884 0.46666309070428574 0.05941747572815534 0.4419889502762431
0 0.14640776699029126 0.45566700638309277 0.24932038834951456 0.43179745749074716
0 0.3489320388349514 0.43179745749074716 0.189126213592233 0.37654883870621675
0 0.09533980582524272 0.8230971410180764 0.1899029126213592 0.3470471490639918
0 0.30970873786407765 0.789036099340235 0.2877669902912621 0.41624202113393766
0 0.2660873786407767 0.9845920720914015 0.06382524271844661 0.025290993938743903
0 0.3780970873786408 0.9486536501636003 0.15580582524271847 0.09716783779434644
0 0.5258252427184466 0.9183071394088934 0.13514563106796118 0.15769994099662074
0 0.5427184466019418 0.7144772836989755 0.21009708737864077 0.3604570079922759
0 0.5048543689320387 0.41275545781258377 0.15378640776699024 0.3395376280641528
0 0.5289320388349514 0.12122512471168803 0.2229126213592233 0.24245024942337606
0 0.7203883495145631 0.11827495574746553 0.16233009708737858 0.23547712278066832
0 0.6388349514563106 0.3937134581344204 0.1281553398058253 0.3068175722791396
0 0.7532038834951457 0.3803035992061363 0.10135922330097094 0.2821434318510969
0 0.7223300970873786 0.6552057072359598 0.16543689320388352 0.31164512149332185
0 0.648009708737864 0.8947460172718983 0.12398058252427188 0.2049831035777504
0 0.7543689320388349 0.8743630317009065 0.11067961165048541 0.245749074719734
0 0.8641425389755011 0.11843384316282961 0.12561247216035634 0.23563720483825323
0 0.9615838926174497 0.11602209944751381 0.07283221476510061 0.23204419889502761
0 0.8493288590604027 0.3640754199265824 0.09127516778523499 0.25909377433349406
0 0.9241610738255033 0.3541102747599096 0.07046979865771812 0.2419444547443361
0 0.9760134228187919 0.34636063628610625 0.04397315436241615 0.21758315102525122
0 0.8697986577181209 0.6048611368608403 0.12953020134228188 0.2780970744187772
0 0.9622887189292543 0.5652313998077391 0.07142256214149142 0.23543517530608576
0 0.8523741007194244 0.8402559720179658 0.11338129496402882 0.26948606860368063
0 0.9391366906474821 0.7967327795222385 0.06992805755395681 0.2508048809571127
0 0.981589928057554 0.7592114153980682 0.03282014388489211 0.21455542748121945
