0 0.7478260869565218 0.10982658959537572 0.1826086956521739 0.21965317919075145
0 0.8760869565217392 0.13005780346820808 0.07391304347826087 0.1791907514450867
0 0.941304347826087 0.23699421965317918 0.11739130434782609 0.19653179190751446
0 0.8608695652173913 0.28034682080924855 0.034782608695652174 0.09826589595375723
0 0.9565217391304348 0.3815028901734104 0.08695652173913043 0.08092485549132948
0 0.8739130434782608 0.3786127167630058 0.06956521739130435 0.08670520231213873
0 0.9652173913043478 0.48554913294797686 0.06956521739130435 0.12716763005780346
0 0.8847826086956522 0.4913294797687861 0.1 0.12716763005780346
0 0.95 0.6213872832369942 0.1 0.14450867052023122
0 0.8652173913043478 0.6242774566473989 0.06086956521739131 0.13872832369942195
0 0.9108695652173913 0.8410404624277457 0.1782608695652174 0.27167630057803466
0 0.5608695652173913 0.1069364161849711 0.17391304347826086 0.2138728323699422
0 0.3630434782608696 0.10404624277456648 0.18695652173913044 0.20809248554913296
0 0.1608695652173913 0.1069364161849711 0.19130434782608696 0.2138728323699422
0 0.034782608695652174 0.26878612716763006 0.06956521739130435 0.2023121387283237
0 0.20869565217391303 0.3179190751445087 0.2782608695652174 0.21965317919075145
0 0.44565217391304346 0.3208092485549133 0.1782608695652174 0.2254335260115607
0 0.691304347826087 0.32947976878612717 0.2956521739130435 0.21965317919075145
0 0.7456521739130435 0.5491329479768786 0.16956521739130434 0.21965317919075145
0 0.5608695652173913 0.5433526011560693 0.1826086956521739 0.21965317919075145
0 0.36086956521739133 0.5433526011560693 0.1826086956521739 0.23121387283236994
0 0.15869565217391304 0.5433526011560693 0.18695652173913044 0.21965317919075145
0 0.20652173913043478 0.7601156069364162 0.29130434782608694 0.2138728323699422
0 0.4391304347826087 0.7572254335260116 0.1826086956521739 0.20809248554913296
0 0.6782608695652174 0.7601156069364162 0.28695652173913044 0.2023121387283237
0 0.7326086956521739 0.9277456647398844 0.16956521739130434 0.14450867052023122
0 0.5608695652173913 0.930635838150289 0.16521739130434782 0.13872832369942195
0 0.3826086956521739 0.9277456647398844 0.17391304347826086 0.14450867052023122
0 0.18695652173913044 0.9277456647398844 0.1826086956521739 0.14450867052023122
