0 0.7661290322580645 0.16136363636363638 0.1774193548387097 0.10454545454545454
0 0.5967741935483871 0.14545454545454545 0.1935483870967742 0.11818181818181818
0 0.3951612903225806 0.1340909090909091 0.20967741935483872 0.12272727272727273
0 0.1935483870967742 0.12045454545454545 0.24193548387096775 0.1318181818181818
0 0.04435483870967742 0.10909090909090909 0.08870967741935484 0.12727272727272726
0 0.09274193548387097 0.23863636363636365 0.18548387096774194 0.1409090909090909
0 0.3870967741935484 0.24772727272727274 0.4032258064516129 0.1409090909090909
0 0.7580645161290323 0.26590909090909093 0.3387096774193548 0.12272727272727273
0 0.8508064516129032 0.38181818181818183 0.1693548387096774 0.11818181818181818
0 0.6733870967741935 0.3840909090909091 0.20161290322580644 0.12272727272727273
0 0.4798387096774194 0.38181818181818183 0.21774193548387097 0.12727272727272726
0 0.2661290322580645 0.3795454545454545 0.24193548387096775 0.1318181818181818
0 0.07258064516129033 0.37727272727272726 0.14516129032258066 0.13636363636363635
0 0.09274193548387097 0.5181818181818182 0.18548387096774194 0.14545454545454545
0 0.3951612903225806 0.5136363636363637 0.4032258064516129 0.13636363636363635
0 0.7701612903225806 0.5045454545454545 0.3467741935483871 0.12727272727272726
0 0.8306451612903226 0.6204545454545455 0.1774193548387097 0.12272727272727273
0 0.6491935483870968 0.6295454545454545 0.18548387096774194 0.12272727272727273
0 0.4475806451612903 0.6409090909090909 0.21774193548387097 0.13636363636363635
0 0.23387096774193547 0.6522727272727272 0.22580645161290322 0.1409090909090909
0 0.06048387096774194 0.6590909090909091 0.12096774193548387 0.14545454545454545
0 0.05241935483870968 0.8045454545454546 0.10483870967741936 0.14545454545454545
0 0.22580645161290322 0.7886363636363637 0.24193548387096775 0.1590909090909091
0 0.45161290322580644 0.7772727272727272 0.20967741935483872 0.15454545454545454
0 0.6491935483870968 0.7568181818181818 0.20161290322580644 0.1409090909090909
0 0.8387096774193549 0.7431818181818182 0.1774193548387097 0.1318181818181818
