0 0.084 0.25944767441860467 0.168 0.3008720930232558
0 0.286 0.2136627906976744 0.424 0.313953488372093
0 0.603 0.18095930232558138 0.342 0.2747093023255814
0 0.365 0.46584302325581395 0.43 0.29505813953488375
0 0.681 0.40915697674418605 0.314 0.26308139534883723
0 0.111 0.5007267441860465 0.222 0.23401162790697674
0 0.076 0.7071220930232558 0.152 0.1933139534883721
0 0.234 0.7630813953488372 0.404 0.4738372093023256
0 0.157 0.9055232558139535 0.282 0.18895348837209303
0 0.457 0.6918604651162791 0.39 0.2877906976744186
0 0.742 0.6199127906976745 0.312 0.27180232558139533
0 0.551 0.8757267441860465 0.354 0.24854651162790697
0 0.81 0.8255813953488372 0.296 0.27906976744186046
0 0.872 0.9411337209302325 0.256 0.11773255813953488
0 0.69 0.9811046511627907 0.14 0.0377906976744186
