0 0.12048 0.1688 0.20576000000000003 0.136
0 0.29856 0.1704 0.17024 0.13727999999999999
0 0.49056 0.17264 0.09791999999999997 0.136
0 0.69328 0.17024 0.19167999999999996 0.13695999999999997
0 0.88336 0.16735999999999998 0.20576 0.13824
0 0.89052 0.30672 0.21496000000000004 0.14048
0 0.89404 0.45024000000000003 0.20791999999999997 0.14656
0 0.89676 0.59904 0.20248000000000002 0.15039999999999998
0 0.9022 0.754 0.19160000000000002 0.164
0 0.71696 0.75488 0.22303999999999996 0.1606400000000001
0 0.7064000000000001 0.6008 0.21791999999999995 0.15456000000000006
0 0.7019200000000001 0.45088 0.21087999999999998 0.14527999999999996
0 0.6980799999999999 0.30848000000000003 0.20319999999999994 0.14271999999999996
0 0.50064 0.30992000000000003 0.19936000000000006 0.14048000000000002
0 0.49824 0.45184 0.20032 0.14335999999999996
0 0.49968 0.6016 0.20960000000000004 0.15679999999999997
0 0.50688 0.75888 0.21375999999999998 0.16096000000000005
0 0.29456 0.7587200000000001 0.22304 0.16384000000000004
0 0.29552 0.6008 0.21472 0.15712
0 0.29952 0.45071999999999995 0.21056 0.14367999999999995
0 0.30448000000000003 0.30863999999999997 0.2032 0.14304000000000003
0 0.11232 0.30768 0.22208 0.1424
0 0.10592 0.44976 0.21184 0.14303999999999997
0 0.10288 0.59872 0.20576 0.15615999999999997
0 0.10208 0.75792 0.20416 0.16415999999999997
