0 0.572 0.8133333333333334 0.4 0.26666666666666666
0 0.577 0.6426666666666667 0.398 0.22933333333333333
0 0.58 0.4613333333333333 0.404 0.208
0 0.577 0.26 0.402 0.20533333333333334
0 0.291 0.15333333333333332 0.282 0.19466666666666665
0 0.249 0.30133333333333334 0.262 0.16533333333333333
0 0.257 0.44666666666666666 0.242 0.16266666666666665
0 0.261 0.5986666666666667 0.234 0.17866666666666667
0 0.248 0.732 0.256 0.232
0 0.675 0.124 0.346 0.17866666666666667
0 0.466 0.144 0.076 0.10133333333333333
0 0.094 0.42133333333333334 0.088 0.13333333333333333
0 0.101 0.528 0.094 0.10666666666666667
0 0.08 0.6453333333333333 0.14 0.17066666666666666
0 0.06 0.25466666666666665 0.12 0.07733333333333334
0 0.797 0.264 0.042 0.18666666666666668
0 0.801 0.448 0.038 0.18133333333333335
0 0.793 0.624 0.034 0.18666666666666668
0 0.793 0.7893333333333333 0.046 0.20266666666666666
0 0.861 0.15066666666666667 0.026 0.15733333333333333
0 0.835 0.2773333333333333 0.038 0.176
0 0.839 0.43866666666666665 0.042 0.16266666666666665
0 0.834 0.6026666666666667 0.048 0.176
0 0.829 0.7533333333333333 0.026 0.15733333333333333
0 0.859 0.6893333333333334 0.046 0.14666666666666667
0 0.861 0.28933333333333333 0.026 0.152
0 0.884 0.2986666666666667 0.024 0.13866666666666666
0 0.904 0.30533333333333335 0.02 0.12533333333333332
0 0.885 0.16933333333333334 0.022 0.14133333333333334
0 0.904 0.18266666666666667 0.016 0.13066666666666665
0 0.871 0.43066666666666664 0.022 0.136
0 0.893 0.42933333333333334 0.022 0.12266666666666666
0 0.862 0.5653333333333334 0.04 0.13866666666666666
0 0.902 0.5426666666666666 0.04 0.12
0 0.92 0.08133333333333333 0.156 0.09866666666666667
0 0.935 0.14666666666666667 0.086 0.096
0 0.948 0.23466666666666666 0.072 0.10133333333333333
0 0.948 0.32133333333333336 0.068 0.09333333333333334
0 0.941 0.4093333333333333 0.074 0.09333333333333334
0 0.94 0.5053333333333333 0.072 0.10933333333333334
0 0.896 0.652 0.028 0.14133333333333334
0 0.923 0.6253333333333333 0.026 0.13066666666666665
0 0.953 0.5973333333333334 0.038 0.128
