0 0.299 0.024737631184407798 0.354 0.049475262368815595
0 0.676 0.046476761619190406 0.36 0.09295352323838081
0 0.307 0.23463268365817092 0.39 0.3733133433283358
0 0.255 0.3808095952023988 0.426 0.24887556221889057
0 0.71 0.14392803598200898 0.388 0.2098950524737631
0 0.709 0.3538230884557721 0.414 0.22788605697151423
0 0.279 0.6116941529235382 0.446 0.272863568215892
0 0.727 0.5997001499250375 0.466 0.2698650674662669
0 0.282 0.8793103448275862 0.476 0.2413793103448276
0 0.757 0.8650674662668666 0.486 0.2698650674662669
