0 0.067 0.021341463414634148 0.134 0.042682926829268296
0 0.068 0.0975609756097561 0.136 0.12195121951219512
0 0.065 0.21646341463414634 0.13 0.13414634146341464
0 0.064 0.32926829268292684 0.128 0.12195121951219512
0 0.063 0.44359756097560976 0.126 0.11890243902439024
0 0.06 0.5457317073170732 0.12 0.10975609756097561
0 0.02 0.6326219512195121 0.036 0.0701219512195122
0 0.151 0.7027439024390244 0.302 0.20426829268292682
0 0.148 0.8307926829268293 0.296 0.16158536585365854
0 0.223 0.12042682926829268 0.178 0.13719512195121952
0 0.226 0.03353658536585366 0.18 0.06707317073170732
0 0.402 0.04420731707317073 0.172 0.08841463414634146
0 0.396 0.1326219512195122 0.176 0.13719512195121952
0 0.217 0.23628048780487804 0.174 0.13109756097560976
0 0.211 0.3490853658536585 0.17 0.125
0 0.209 0.4573170731707317 0.166 0.11585365853658537
0 0.205 0.5579268292682927 0.166 0.10365853658536585
0 0.37 0.573170731707317 0.164 0.10975609756097561
0 0.373 0.4679878048780488 0.17 0.11890243902439024
0 0.38 0.3567073170731707 0.172 0.11585365853658537
0 0.386 0.24542682926829268 0.172 0.11890243902439024
0 0.373 0.6753048780487805 0.15 0.10060975609756098
0 0.369 0.7682926829268293 0.15 0.0975609756097561
0 0.365 0.864329268292683 0.15 0.10060975609756098
0 0.586 0.850609756097561 0.292 0.12804878048780488
0 0.596 0.7667682926829268 0.296 0.14329268292682926
0 0.611 0.6387195121951219 0.298 0.1798780487804878
0 0.63 0.5335365853658537 0.304 0.1524390243902439
0 0.632 0.3902439024390244 0.3 0.18902439024390244
0 0.463 0.5807926829268293 0.022 0.09451219512195122
0 0.453 0.6798780487804879 0.022 0.0975609756097561
0 0.468 0.4740853658536585 0.024 0.10670731707317073
0 0.472 0.36585365853658536 0.02 0.10365853658536585
0 0.492 0.25609756097560976 0.04 0.10975609756097561
0 0.751 0.2896341463414634 0.078 0.11585365853658537
0 0.724 0.17835365853658536 0.172 0.125
0 0.561 0.1524390243902439 0.166 0.12195121951219512
0 0.569 0.054878048780487805 0.17 0.10975609756097561
0 0.735 0.06554878048780488 0.166 0.125
0 0.893 0.08841463414634146 0.154 0.12195121951219512
0 0.897 0.019817073170731708 0.154 0.039634146341463415
0 0.985 0.021341463414634148 0.026 0.042682926829268296
0 0.982 0.0975609756097561 0.036 0.10365853658536585
0 0.978 0.19207317073170732 0.044 0.07926829268292683
0 0.883 0.1951219512195122 0.158 0.10975609756097561
0 0.92 0.3795731707317073 0.16 0.32621951219512196
0 0.825 0.3018292682926829 0.074 0.10975609756097561
0 0.814 0.40853658536585363 0.064 0.10365853658536585
0 0.807 0.5091463414634146 0.058 0.0975609756097561
0 0.912 0.5640243902439024 0.176 0.2073170731707317
0 0.902 0.6829268292682927 0.196 0.21341463414634146
0 0.794 0.6097560975609756 0.056 0.09146341463414634
0 0.781 0.7057926829268293 0.046 0.09451219512195122
0 0.891 0.7972560975609756 0.214 0.21646341463414634
0 0.765 0.8003048780487805 0.038 0.08841463414634146
0 0.879 0.8536585365853658 0.238 0.12804878048780488
0 0.747 0.8780487804878049 0.026 0.06097560975609756
