0 0.048 0.10898876404494381 0.096 0.12359550561797752
0 0.154 0.10898876404494381 0.132 0.1258426966292135
0 0.278 0.10786516853932585 0.128 0.12359550561797752
0 0.406 0.10786516853932585 0.132 0.12134831460674157
0 0.528 0.10898876404494381 0.12 0.12359550561797752
0 0.651 0.10955056179775281 0.13 0.12247191011235956
0 0.772 0.10898876404494381 0.124 0.12134831460674157
0 0.891 0.11067415730337078 0.126 0.12022471910112359
0 0.036 0.24775280898876403 0.072 0.15393258426966291
0 0.132 0.24775280898876403 0.144 0.15393258426966291
0 0.263 0.24719101123595505 0.138 0.1550561797752809
0 0.4 0.24382022471910111 0.136 0.15730337078651685
0 0.535 0.2443820224719101 0.13 0.15393258426966291
0 0.666 0.2455056179775281 0.132 0.15168539325842698
0 0.797 0.2449438202247191 0.138 0.15280898876404495
0 0.922 0.2443820224719101 0.136 0.15168539325842698
0 0.972 0.13089887640449438 0.044 0.08426966292134831
0 0.071 0.398876404494382 0.138 0.15056179775280898
0 0.236 0.39662921348314606 0.204 0.14831460674157304
0 0.432 0.3960674157303371 0.196 0.149438202247191
0 0.627 0.3938202247191011 0.198 0.14719101123595504
0 0.823 0.39325842696629215 0.198 0.14382022471910114
0 0.956 0.3938202247191011 0.088 0.14719101123595504
0 0.988 0.2595505617977528 0.02 0.12134831460674157
0 0.044 0.5449438202247191 0.088 0.14157303370786517
0 0.147 0.5432584269662921 0.142 0.14269662921348314
0 0.278 0.5421348314606742 0.136 0.14269662921348314
0 0.404 0.5398876404494382 0.132 0.14269662921348314
0 0.531 0.5393258426966292 0.13 0.14382022471910114
0 0.661 0.5382022471910113 0.13 0.14606741573033707
0 0.787 0.5359550561797752 0.13 0.14382022471910114
0 0.913 0.5348314606741573 0.13 0.1393258426966292
0 0.986 0.5353932584269663 0.024 0.13820224719101123
0 0.082 0.6837078651685393 0.164 0.14269662921348314
0 0.249 0.6808988764044944 0.19 0.14157303370786517
0 0.438 0.6803370786516854 0.188 0.13820224719101123
0 0.62 0.6752808988764045 0.184 0.1348314606741573
0 0.806 0.6730337078651686 0.196 0.13707865168539327
0 0.945 0.6702247191011236 0.106 0.13370786516853933
0 0.063 0.8162921348314607 0.122 0.12921348314606743
0 0.178 0.8151685393258427 0.136 0.12696629213483146
0 0.299 0.8146067415730337 0.134 0.12808988764044943
0 0.42 0.8112359550561797 0.128 0.1303370786516854
0 0.543 0.8084269662921348 0.126 0.13146067415730336
0 0.663 0.8067415730337079 0.13 0.1303370786516854
0 0.786 0.802247191011236 0.124 0.1258426966292135
0 0.908 0.799438202247191 0.128 0.12696629213483146
0 0.98 0.7983146067415731 0.036 0.12247191011235956
0 0.097 0.9387640449438203 0.194 0.12022471910112359
0 0.275 0.9376404494382022 0.186 0.12022471910112359
0 0.451 0.9348314606741573 0.178 0.12134831460674157
0 0.627 0.9303370786516854 0.182 0.12808988764044943
0 0.803 0.9258426966292135 0.178 0.12808988764044943
0 0.949 0.9207865168539325 0.098 0.12471910112359551
