0 0.072 0.18351063829787234 0.144 0.3670212765957447
0 0.2 0.1422872340425532 0.132 0.2845744680851064
0 0.079 0.5837765957446809 0.158 0.5930851063829787
0 0.276 0.12234042553191489 0.032 0.24468085106382978
0 0.206 0.4853723404255319 0.136 0.4601063829787234
0 0.221 0.7526595744680851 0.142 0.2553191489361702
0 0.39 0.10505319148936171 0.196 0.21010638297872342
0 0.54 0.09840425531914894 0.112 0.19680851063829788
0 0.713 0.10106382978723404 0.238 0.20212765957446807
0 0.87 0.09707446808510638 0.084 0.19414893617021275
0 0.953 0.0425531914893617 0.09 0.0851063829787234
0 0.956 0.13297872340425532 0.088 0.11702127659574468
0 0.477 0.3257978723404255 0.238 0.2579787234042553
0 0.327 0.32180851063829785 0.054 0.22340425531914893
0 0.334 0.5957446808510638 0.056 0.32978723404255317
0 0.34 0.8191489361702128 0.052 0.1276595744680851
0 0.479 0.5757978723404256 0.234 0.2579787234042553
0 0.484 0.7779255319148937 0.236 0.19946808510638298
0 0.711 0.3178191489361702 0.238 0.2526595744680851
0 0.914 0.31648936170212766 0.172 0.25
0 0.714 0.5625 0.236 0.2473404255319149
0 0.914 0.5531914893617021 0.172 0.2393617021276596
0 0.714 0.7752659574468085 0.232 0.2047872340425532
0 0.914 0.7699468085106383 0.172 0.22074468085106383
0 0.288 0.386968085106383 0.048 0.35904255319148937
0 0.297 0.6888297872340425 0.05 0.3723404255319149
