0 0.2 0.1797153024911032 0.092 0.12455516014234876
0 0.274 0.18505338078291814 0.064 0.11387900355871886
0 0.328 0.18683274021352314 0.056 0.1103202846975089
0 0.146 0.30604982206405695 0.1 0.13523131672597866
0 0.219 0.30071174377224197 0.066 0.12455516014234876
0 0.279 0.30071174377224197 0.062 0.11743772241992882
0 0.332 0.26512455516014233 0.048 0.046263345195729534
0 0.148 0.4288256227758007 0.096 0.13167259786476868
0 0.224 0.4199288256227758 0.068 0.11387900355871886
0 0.277 0.4128113879003559 0.05 0.10676156583629894
0 0.166 0.5658362989323843 0.108 0.15658362989323843
0 0.24 0.5462633451957295 0.088 0.1601423487544484
0 0.282 0.5302491103202847 0.048 0.1494661921708185
0 0.174 0.701067615658363 0.108 0.15658362989323843
0 0.182 0.8327402135231317 0.112 0.1708185053380783
0 0.183 0.9341637010676157 0.11 0.13167259786476868
0 0.253 0.6814946619217082 0.07 0.14590747330960854
0 0.262 0.802491103202847 0.064 0.14590747330960854
0 0.268 0.9252669039145908 0.068 0.1494661921708185
0 0.297 0.6637010676156584 0.026 0.13167259786476868
0 0.304 0.7846975088967971 0.032 0.13167259786476868
0 0.308 0.9039145907473309 0.028 0.12811387900355872
0 0.376 0.1298932384341637 0.048 0.12455516014234876
0 0.448 0.10676156583629894 0.112 0.1423487544483986
0 0.38 0.2206405693950178 0.052 0.08540925266903915
0 0.438 0.22241992882562278 0.068 0.13167259786476868
0 0.323 0.35587188612099646 0.07 0.1423487544483986
0 0.404 0.33451957295373663 0.108 0.19217081850533807
0 0.329 0.498220640569395 0.054 0.1423487544483986
0 0.412 0.5 0.128 0.16725978647686832
0 0.332 0.6281138790035588 0.056 0.1601423487544484
0 0.417 0.6494661921708185 0.126 0.16725978647686832
0 0.338 0.7562277580071174 0.056 0.15302491103202848
0 0.423 0.7864768683274022 0.126 0.1708185053380783
0 0.346 0.8807829181494662 0.056 0.15302491103202848
0 0.419 0.9163701067615658 0.102 0.16725978647686832
0 0.37 0.9590747330960854 0.096 0.08185053380782918
0 0.567 0.05871886120996441 0.126 0.1103202846975089
0 0.551 0.19217081850533807 0.166 0.18505338078291814
0 0.543 0.3487544483985765 0.142 0.16370106761565836
0 0.529 0.5071174377224199 0.114 0.17437722419928825
0 0.525 0.6637010676156584 0.094 0.16725978647686832
0 0.528 0.7900355871886121 0.092 0.1494661921708185
0 0.629 0.6263345195729537 0.138 0.2206405693950178
0 0.618 0.44483985765124556 0.064 0.17793594306049823
0 0.636 0.7793594306049823 0.132 0.15658362989323843
0 0.695 0.08185053380782918 0.13 0.16370106761565836
0 0.644 0.24733096085409254 0.068 0.18861209964412812
0 0.724 0.2402135231316726 0.092 0.20284697508896798
0 0.648 0.4306049822064057 0.068 0.17793594306049823
0 0.692 0.5213523131672598 0.024 0.3665480427046263
0 0.773 0.21352313167259787 0.018 0.1494661921708185
0 0.889 0.1423487544483986 0.222 0.2846975088967972
0 0.83 0.42704626334519574 0.256 0.3274021352313167
0 0.977 0.41459074733096085 0.046 0.28113879003558717
0 0.829 0.7224199288256228 0.25 0.33451957295373663
0 0.832 0.9092526690391459 0.256 0.18149466192170818
0 0.977 0.6814946619217082 0.046 0.302491103202847
0 0.98 0.8932384341637011 0.04 0.20640569395017794
