0 0.35185185185185186 0.10227272727272728 0.2716049382716049 0.20454545454545456
0 0.6388888888888888 0.10454545454545454 0.3148148148148148 0.20909090909090908
0 0.7592592592592593 0.3159090909090909 0.345679012345679 0.2409090909090909
0 0.4537037037037037 0.31363636363636366 0.29012345679012347 0.21818181818181817
0 0.29012345679012347 0.3068181818181818 0.037037037037037035 0.19545454545454546
0 0.1419753086419753 0.3181818181818182 0.2839506172839506 0.24545454545454545
0 0.1574074074074074 0.5295454545454545 0.3148148148148148 0.25
0 0.4382716049382716 0.5068181818181818 0.2839506172839506 0.19545454545454546
0 0.7407407407407407 0.5272727272727272 0.32098765432098764 0.2
0 0.7314814814814815 0.7 0.29012345679012347 0.17272727272727273
0 0.7345679012345679 0.8590909090909091 0.2962962962962963 0.17272727272727273
0 0.4104938271604938 0.8704545454545455 0.35185185185185186 0.2590909090909091
0 0.46296296296296297 0.6863636363636364 0.24691358024691357 0.17272727272727273
0 0.1728395061728395 0.7136363636363636 0.345679012345679 0.24545454545454545
0 0.12345679012345678 0.9045454545454545 0.24691358024691357 0.18181818181818182
