0 0.859 0.9 0.138 0.2
0 0.889 0.8373333333333334 0.07 0.06933333333333333
0 0.953 0.8653333333333333 0.082 0.10933333333333334
0 0.937 0.7666666666666667 0.126 0.11466666666666667
0 0.866 0.7506666666666667 0.056 0.10933333333333334
0 0.91 0.6533333333333333 0.1 0.12266666666666666
0 0.969 0.6706666666666666 0.062 0.12
0 0.967 0.5613333333333334 0.066 0.12
0 0.913 0.5426666666666666 0.086 0.12
0 0.963 0.44533333333333336 0.074 0.13866666666666666
0 0.922 0.428 0.056 0.12
0 0.975 0.3253333333333333 0.05 0.13333333333333333
0 0.946 0.30933333333333335 0.052 0.12266666666666666
0 0.883 0.256 0.126 0.16533333333333333
0 0.785 0.228 0.13 0.17333333333333334
0 0.829 0.388 0.186 0.17333333333333334
0 0.829 0.5266666666666666 0.122 0.152
0 0.778 0.644 0.168 0.15733333333333333
0 0.733 0.5 0.126 0.15733333333333333
0 0.674 0.3426666666666667 0.18 0.17866666666666667
0 0.631 0.472 0.126 0.16
0 0.625 0.6106666666666667 0.178 0.16533333333333333
0 0.593 0.736 0.118 0.14933333333333335
0 0.694 0.7586666666666667 0.116 0.14666666666666667
0 0.791 0.7813333333333333 0.118 0.14933333333333335
0 0.732 0.8893333333333333 0.156 0.14133333333333334
0 0.586 0.8506666666666667 0.172 0.16533333333333333
0 0.681 0.19866666666666666 0.13 0.17333333333333334
0 0.573 0.16 0.13 0.18133333333333335
0 0.516 0.29733333333333334 0.184 0.184
0 0.525 0.44533333333333336 0.122 0.16533333333333333
0 0.462 0.12533333333333332 0.132 0.18666666666666668
0 0.418 0.416 0.124 0.17066666666666666
0 0.468 0.5706666666666667 0.176 0.16533333333333333
0 0.478 0.7106666666666667 0.124 0.15733333333333333
0 0.432 0.832 0.172 0.14933333333333335
0 0.373 0.688 0.126 0.15466666666666667
0 0.27 0.7973333333333333 0.184 0.16
0 0.264 0.6626666666666666 0.132 0.15733333333333333
0 0.304 0.5306666666666666 0.188 0.176
0 0.306 0.38666666666666666 0.132 0.176
0 0.346 0.24533333333333332 0.196 0.19733333333333333
0 0.351 0.092 0.134 0.184
0 0.102 0.76 0.192 0.16533333333333333
0 0.142 0.6333333333333333 0.144 0.16266666666666665
0 0.128 0.488 0.196 0.18133333333333335
0 0.183 0.3506666666666667 0.134 0.17866666666666667
0 0.163 0.188 0.206 0.21066666666666667
0 0.063 0.31866666666666665 0.126 0.184
0 0.229 0.07333333333333333 0.138 0.14666666666666667
0 0.101 0.05333333333333334 0.142 0.10666666666666667
0 0.031 0.14933333333333335 0.062 0.18133333333333335
0 0.04 0.6066666666666667 0.08 0.15733333333333333
