0 0.119 0.16310160427807488 0.162 0.25133689839572193
0 0.261 0.1537433155080214 0.162 0.25935828877005346
0 0.402 0.15106951871657753 0.16 0.25935828877005346
0 0.551 0.14171122994652408 0.15 0.2727272727272727
0 0.63 0.11898395721925134 0.012 0.19518716577540107
0 0.746 0.13636363636363635 0.196 0.2727272727272727
0 0.215 0.37967914438502676 0.31 0.24064171122994651
0 0.433 0.3783422459893048 0.146 0.2540106951871658
0 0.664 0.3422459893048128 0.324 0.3048128342245989
0 0.174 0.5855614973262032 0.164 0.19786096256684493
0 0.312 0.5828877005347594 0.14 0.21390374331550802
0 0.441 0.6002673796791443 0.13 0.18983957219251338
0 0.564 0.5949197860962567 0.124 0.20588235294117646
0 0.713 0.5989304812834224 0.134 0.20855614973262032
0 0.322 0.7620320855614974 0.392 0.24064171122994651
0 0.656 0.7580213903743316 0.284 0.23796791443850268
0 0.24 0.9278074866310161 0.14 0.1443850267379679
0 0.367 0.9331550802139037 0.126 0.13368983957219252
0 0.483 0.9358288770053476 0.118 0.12834224598930483
0 0.6 0.9358288770053476 0.116 0.12834224598930483
0 0.72 0.9371657754010695 0.124 0.12566844919786097
