0 0.1378986866791745 0.3233333333333333 0.20825515947467166 0.14
0 0.12101313320825516 0.49666666666666665 0.18198874296435272 0.22
0 0.08161350844277673 0.6633333333333333 0.15947467166979362 0.17333333333333334
0 0.08067542213883677 0.8016666666666666 0.16135084427767354 0.13
0 0.23170731707317074 0.7916666666666666 0.14821763602251406 0.13
0 0.23452157598499063 0.66 0.150093808630394 0.13333333333333333
0 0.24296435272045028 0.5066666666666667 0.14446529080675422 0.18666666666666668
0 0.36397748592870544 0.4033333333333333 0.12382739212007504 0.14
0 0.3696060037523452 0.5333333333333333 0.1125703564727955 0.12666666666666668
0 0.3649155722326454 0.66 0.11819887429643527 0.13333333333333333
0 0.3602251407129456 0.755 0.1125703564727955 0.07
0 0.47842401500938087 0.7766666666666666 0.1050656660412758 0.12666666666666668
0 0.4709193245778612 0.6566666666666666 0.10881801125703565 0.12666666666666668
0 0.47842401500938087 0.5333333333333333 0.10881801125703565 0.12666666666666668
0 0.47654784240150094 0.41 0.1125703564727955 0.13333333333333333
0 0.47654784240150094 0.27666666666666667 0.1125703564727955 0.14666666666666667
0 0.5881801125703565 0.28833333333333333 0.12195121951219512 0.14333333333333334
0 0.5844277673545967 0.41833333333333333 0.11069418386491557 0.13666666666666666
0 0.5834896810506567 0.5416666666666666 0.10881801125703565 0.13
0 0.5778611632270169 0.66 0.10881801125703565 0.12666666666666668
0 0.5834896810506567 0.7833333333333333 0.1050656660412758 0.12666666666666668
0 0.6876172607879925 0.785 0.10694183864915573 0.12333333333333334
0 0.6810506566604128 0.6666666666666666 0.10881801125703565 0.12
0 0.6951219512195121 0.29333333333333333 0.11069418386491557 0.13333333333333333
0 0.6894934333958724 0.4216666666666667 0.11444652908067542 0.13
0 0.6857410881801126 0.5466666666666666 0.10694183864915573 0.12
0 0.7889305816135085 0.78 0.09943714821763602 0.12666666666666668
0 0.7814258911819888 0.6683333333333333 0.10318949343339587 0.12333333333333334
0 0.7898686679174484 0.5483333333333333 0.10881801125703565 0.12333333333333334
0 0.7936210131332082 0.425 0.10881801125703565 0.13
0 0.800187617260788 0.3016666666666667 0.10694183864915573 0.13
