0 0.07684426229508197 0.21923076923076923 0.15368852459016394 0.07538461538461538
0 0.16086065573770492 0.22923076923076924 0.03483606557377049 0.05846153846153846
0 0.028688524590163935 0.2976923076923077 0.05737704918032787 0.08153846153846153
0 0.09733606557377049 0.29 0.13729508196721313 0.07230769230769231
0 0.21311475409836064 0.2876923076923077 0.11475409836065574 0.06769230769230769
0 0.031762295081967214 0.3792307692307692 0.06352459016393443 0.10923076923076923
0 0.0932377049180328 0.37461538461538463 0.09631147540983606 0.1
0 0.2612704918032787 0.3769230769230769 0.24385245901639344 0.12
0 0.0706967213114754 0.5023076923076923 0.1413934426229508 0.15538461538461537
0 0.20491803278688525 0.49538461538461537 0.20491803278688525 0.14461538461538462
0 0.375 0.4823076923076923 0.18442622950819673 0.13692307692307693
0 0.03483606557377049 0.6384615384615384 0.06967213114754098 0.12615384615384614
0 0.14344262295081966 0.6230769230769231 0.1885245901639344 0.12923076923076923
0 0.3422131147540984 0.6 0.22950819672131148 0.12615384615384614
0 0.08299180327868852 0.7461538461538462 0.16598360655737704 0.13846153846153847
0 0.2305327868852459 0.7169230769230769 0.16188524590163936 0.12307692307692308
0 0.3770491803278688 0.6953846153846154 0.14754098360655737 0.11692307692307692
0 0.04405737704918033 0.8623076923076923 0.08811475409836066 0.11846153846153847
0 0.1598360655737705 0.8346153846153846 0.1721311475409836 0.13076923076923078
0 0.3432377049180328 0.7953846153846154 0.22336065573770492 0.13538461538461538
0 0.3176229508196721 0.29384615384615387 0.11065573770491803 0.05846153846153846
0 0.35450819672131145 0.2123076923076923 0.028688524590163935 0.08307692307692308
0 0.46209016393442626 0.1976923076923077 0.2151639344262295 0.10923076923076923
0 0.6413934426229508 0.1823076923076923 0.15163934426229508 0.09692307692307692
0 0.7786885245901639 0.18153846153846154 0.12295081967213115 0.08923076923076922
0 0.44364754098360654 0.27692307692307694 0.15778688524590165 0.09230769230769231
0 0.5840163934426229 0.27307692307692305 0.13114754098360656 0.0876923076923077
0 0.742827868852459 0.26615384615384613 0.19057377049180327 0.08615384615384615
0 0.4805327868852459 0.35846153846153844 0.2151639344262295 0.08615384615384615
0 0.6506147540983607 0.34923076923076923 0.13729508196721313 0.08307692307692308
0 0.7776639344262295 0.3446153846153846 0.12090163934426229 0.08
0 0.4569672131147541 0.4346153846153846 0.15163934426229508 0.08461538461538462
0 0.5891393442622951 0.42923076923076925 0.125 0.08307692307692308
0 0.7459016393442623 0.4207692307692308 0.1885245901639344 0.08153846153846153
0 0.5245901639344263 0.51 0.13934426229508196 0.08461538461538462
0 0.6557377049180327 0.49846153846153846 0.12704918032786885 0.08307692307692308
0 0.7797131147540983 0.4938461538461538 0.125 0.07692307692307693
0 0.4979508196721312 0.583076923076923 0.0860655737704918 0.07692307692307693
0 0.6004098360655737 0.5723076923076923 0.12295081967213115 0.08307692307692308
0 0.7510245901639344 0.5638461538461539 0.18237704918032788 0.07846153846153846
0 0.5235655737704918 0.6530769230769231 0.15368852459016394 0.08153846153846153
0 0.6649590163934426 0.6353846153846154 0.125 0.08
0 0.7879098360655737 0.63 0.125 0.07538461538461538
0 0.4979508196721312 0.7238461538461538 0.09016393442622951 0.07846153846153846
0 0.6024590163934426 0.7084615384615385 0.12295081967213115 0.07846153846153846
0 0.7520491803278688 0.7007692307692308 0.1762295081967213 0.08153846153846153
0 0.8586065573770492 0.2592307692307692 0.040983606557377046 0.02923076923076923
0 0.8555327868852459 0.29615384615384616 0.030737704918032786 0.04461538461538461
0 0.867827868852459 0.28 0.05122950819672131 0.021538461538461538
0 0.8924180327868853 0.3038461538461538 0.06352459016393443 0.02923076923076923
0 0.8493852459016393 0.33 0.022540983606557378 0.026153846153846153
0 0.8862704918032787 0.33384615384615385 0.05122950819672131 0.027692307692307693
0 0.8504098360655737 0.3553846153846154 0.02459016393442623 0.024615384615384615
0 0.8514344262295082 0.38076923076923075 0.022540983606557378 0.026153846153846153
0 0.8514344262295082 0.4084615384615385 0.022540983606557378 0.02923076923076923
0 0.8504098360655737 0.44461538461538463 0.020491803278688523 0.04923076923076923
0 0.8944672131147541 0.36 0.06352459016393443 0.03076923076923077
0 0.8852459016393442 0.3861538461538462 0.045081967213114756 0.03076923076923077
0 0.8924180327868853 0.4115384615384615 0.06352459016393443 0.03230769230769231
0 0.8944672131147541 0.4530769230769231 0.06762295081967214 0.05692307692307692
0 0.9006147540983607 0.2823076923076923 0.018442622950819672 0.016923076923076923
0 0.9334016393442623 0.2746153846153846 0.0471311475409836 0.03230769230769231
0 0.9784836065573771 0.25153846153846154 0.0389344262295082 0.016923076923076923
0 0.9764344262295082 0.27384615384615385 0.0471311475409836 0.03076923076923077
0 0.9497950819672131 0.3038461538461538 0.05122950819672131 0.02923076923076923
0 0.985655737704918 0.3046153846153846 0.028688524590163935 0.03076923076923077
0 0.9313524590163934 0.33384615384615385 0.05122950819672131 0.03076923076923077
0 0.9743852459016393 0.33384615384615385 0.05122950819672131 0.03076923076923077
0 0.951844262295082 0.3638461538461538 0.05122950819672131 0.02923076923076923
0 0.9866803278688525 0.3646153846153846 0.02663934426229508 0.03076923076923077
0 0.9293032786885246 0.3892307692307692 0.0471311475409836 0.03076923076923077
0 0.9754098360655737 0.3923076923076923 0.045081967213114756 0.027692307692307693
0 0.9487704918032787 0.41923076923076924 0.04918032786885246 0.02923076923076923
0 0.985655737704918 0.42153846153846153 0.028688524590163935 0.03076923076923077
0 0.9334016393442623 0.44461538461538463 0.0471311475409836 0.033846153846153845
0 0.9764344262295082 0.44846153846153847 0.0430327868852459 0.03230769230769231
0 0.9528688524590164 0.47307692307692306 0.04918032786885246 0.02923076923076923
0 0.9866803278688525 0.47692307692307695 0.022540983606557378 0.027692307692307693
