0 0.197 0.06514657980456026 0.394 0.13029315960912052
0 0.114 0.20765472312703584 0.228 0.20358306188925082
0 0.108 0.3965798045602606 0.216 0.18403908794788273
0 0.184 0.5741042345276873 0.368 0.17100977198697068
0 0.184 0.742671009771987 0.364 0.1791530944625407
0 0.181 0.9006514657980456 0.362 0.18241042345276873
0 0.103 0.9869706840390879 0.202 0.02280130293159609
0 0.372 0.2255700325732899 0.288 0.19381107491856678
0 0.369 0.4022801302931596 0.278 0.17263843648208468
0 0.572 0.5716612377850163 0.4 0.15960912052117263
0 0.65 0.40716612377850164 0.272 0.15960912052117263
0 0.643 0.23778501628664495 0.258 0.1791530944625407
0 0.605 0.09283387622149837 0.43 0.18566775244299674
0 0.896 0.0993485342019544 0.208 0.1986970684039088
0 0.884 0.2662866449511401 0.228 0.16775244299674266
0 0.891 0.4201954397394137 0.218 0.15309446254071662
0 0.882 0.5675895765472313 0.232 0.1482084690553746
0 0.88 0.7109120521172638 0.24 0.14169381107491857
0 0.88 0.8501628664495114 0.24 0.15309446254071662
0 0.873 0.9560260586319218 0.23 0.08794788273615635
0 0.621 0.9576547231270358 0.278 0.08143322475570032
0 0.563 0.8680781758957655 0.394 0.17263843648208468
0 0.565 0.7231270358306189 0.394 0.16938110749185667
0 0.34 0.9714983713355049 0.26 0.05374592833876222
