0 0.28142589118198874 0.21833333333333332 0.14634146341463414 0.19
0 0.1378986866791745 0.3283333333333333 0.15196998123827393 0.19666666666666666
0 0.1350844277673546 0.515 0.16885553470919323 0.20333333333333334
0 0.13414634146341464 0.7083333333333334 0.17823639774859287 0.21
0 0.28142589118198874 0.435 0.13883677298311445 0.25
0 0.28893058161350843 0.685 0.13883677298311445 0.25
0 0.425891181988743 0.23333333333333334 0.1425891181988743 0.18
0 0.575984990619137 0.21666666666666667 0.16885553470919323 0.24
0 0.4202626641651032 0.4483333333333333 0.13883677298311445 0.24333333333333335
0 0.425891181988743 0.6866666666666666 0.13883677298311445 0.26
0 0.5562851782363978 0.4483333333333333 0.13696060037523453 0.25
0 0.6848030018761726 0.425 0.14634146341463414 0.27666666666666667
0 0.5600375234521576 0.6816666666666666 0.1294559099437148 0.23666666666666666
0 0.6876172607879925 0.6716666666666666 0.12570356472795496 0.24333333333333335
0 0.8114446529080676 0.47 0.12195121951219512 0.24666666666666667
0 0.8161350844277674 0.6883333333333334 0.1425891181988743 0.19666666666666666
0 0.9587242026266416 0.7133333333333334 0.0525328330206379 0.05333333333333334
