0 0.181 0.28453453453453453 0.094 0.16366366366366367
0 0.284 0.2882882882882883 0.112 0.16516516516516516
0 0.442 0.3130630630630631 0.096 0.16666666666666666
0 0.538 0.31456456456456455 0.096 0.16366366366366367
0 0.244 0.45045045045045046 0.296 0.18018018018018017
0 0.241 0.6133633633633634 0.286 0.16666666666666666
0 0.512 0.6261261261261262 0.268 0.15915915915915915
0 0.434 0.47072072072072074 0.1 0.15465465465465467
0 0.526 0.47297297297297297 0.1 0.15315315315315314
0 0.614 0.46996996996997 0.1 0.16516516516516516
0 0.705 0.48423423423423423 0.11 0.16366366366366367
0 0.796 0.6358858858858859 0.328 0.17267267267267267
0 0.78 0.33783783783783783 0.128 0.16816816816816818
0 0.796 0.49099099099099097 0.104 0.15915915915915915
0 0.887 0.481981981981982 0.106 0.14114114114114115
