0 0.085 0.07496251874062969 0.17 0.1409295352323838
0 0.244 0.014992503748125937 0.164 0.029985007496251874
0 0.403 0.019490254872563718 0.158 0.038980509745127435
0 0.255 0.10344827586206896 0.17 0.1679160419790105
0 0.418 0.09895052473763119 0.16 0.13793103448275862
0 0.12 0.23238380809595202 0.236 0.18290854572713644
0 0.136 0.33883058470764615 0.232 0.13193403298350825
0 0.011 0.39280359820089955 0.022 0.13793103448275862
0 0.019 0.5352323838080959 0.038 0.1409295352323838
0 0.02 0.6776611694152923 0.04 0.14392803598200898
0 0.025 0.8170914542728636 0.05 0.13793103448275862
0 0.034 0.9302848575712144 0.068 0.13943028485757122
0 0.119 0.4700149925037481 0.182 0.13043478260869565
0 0.395 0.22788605697151423 0.218 0.1469265367316342
0 0.4 0.34332833583208394 0.216 0.1199400299850075
0 0.263 0.24212893553223389 0.054 0.1184407796101949
0 0.271 0.35157421289355323 0.046 0.10044977511244378
0 0.288 0.4625187406296852 0.164 0.12443778110944528
0 0.455 0.4625187406296852 0.15 0.1184407796101949
0 0.129 0.5944527736131934 0.178 0.13343328335832083
0 0.298 0.5862068965517241 0.16 0.12893553223388307
0 0.458 0.5787106446776612 0.16 0.1199400299850075
0 0.167 0.7188905547226386 0.23 0.13943028485757122
0 0.175 0.8425787106446777 0.23 0.1469265367316342
0 0.151 0.9490254872563718 0.17 0.10194902548725637
0 0.307 0.7038980509745127 0.062 0.1184407796101949
0 0.437 0.6979010494752623 0.214 0.12743628185907047
0 0.441 0.8125937031484258 0.214 0.13493253373313344
0 0.31 0.800599700149925 0.052 0.08095952023988005
0 0.321 0.9190404797601199 0.162 0.1619190404797601
0 0.478 0.9235382308845578 0.144 0.12893553223388307
0 0.46 0.9880059970014993 0.144 0.0239880059970015
0 0.59 0.08845577211394302 0.192 0.1469265367316342
0 0.675 0.017241379310344827 0.234 0.034482758620689655
0 0.875 0.027736131934032984 0.174 0.05547226386806597
0 0.758 0.09220389805097451 0.148 0.13043478260869565
0 0.895 0.10569715142428786 0.126 0.12443778110944528
0 0.593 0.2128935532233883 0.186 0.14392803598200898
0 0.758 0.2136431784107946 0.144 0.12743628185907047
0 0.897 0.22113943028485758 0.138 0.12143928035982009
0 0.599 0.3373313343328336 0.186 0.13493253373313344
0 0.764 0.3365817091454273 0.144 0.12143928035982009
0 0.904 0.3395802098950525 0.144 0.11544227886056972
0 0.645 0.4580209895052474 0.234 0.12743628185907047
0 0.868 0.4580209895052474 0.22 0.12143928035982009
0 0.652 0.5817091454272864 0.236 0.13193403298350825
0 0.88 0.5712143928035982 0.228 0.1199400299850075
0 0.637 0.7061469265367316 0.194 0.13793103448275862
0 0.804 0.6904047976011994 0.14 0.1424287856071964
0 0.937 0.6859070464767616 0.126 0.12743628185907047
0 0.644 0.8275862068965517 0.2 0.15292353823088456
0 0.81 0.8178410794602698 0.144 0.136431784107946
0 0.94 0.8035982008995503 0.12 0.12593703148425786
0 0.675 0.9310344827586207 0.246 0.13793103448275862
0 0.899 0.9197901049475262 0.202 0.136431784107946
0 0.99 0.4550224887556222 0.02 0.10644677661169415
