0 0.016 0.23043478260869565 0.032 0.14782608695652175
0 0.066 0.2246376811594203 0.088 0.1536231884057971
0 0.158 0.21594202898550724 0.12 0.16521739130434782
0 0.254 0.20434782608695654 0.1 0.17101449275362318
0 0.346 0.2 0.104 0.17971014492753623
0 0.463 0.18405797101449275 0.15 0.20579710144927535
0 0.599 0.1681159420289855 0.126 0.20869565217391303
0 0.736 0.15507246376811595 0.152 0.22318840579710145
0 0.905 0.12753623188405797 0.19 0.2492753623188406
0 0.888 0.3521739130434783 0.16 0.21739130434782608
0 0.98 0.3507246376811594 0.04 0.22028985507246376
0 0.901 0.5608695652173913 0.198 0.21159420289855072
0 0.877 0.7521739130434782 0.154 0.21159420289855072
0 0.972 0.763768115942029 0.056 0.20579710144927535
0 0.889 0.9144927536231884 0.194 0.17101449275362318
0 0.99 0.9333333333333333 0.02 0.13333333333333333
0 0.709 0.35942028985507246 0.178 0.2028985507246377
0 0.727 0.5492753623188406 0.134 0.18840579710144928
0 0.709 0.7275362318840579 0.166 0.19130434782608696
0 0.725 0.8971014492753623 0.126 0.2
0 0.606 0.8724637681159421 0.112 0.17971014492753623
0 0.485 0.8507246376811595 0.134 0.17101449275362318
0 0.571 0.7086956521739131 0.11 0.17681159420289855
0 0.466 0.6956521739130435 0.108 0.17391304347826086
0 0.602 0.5420289855072464 0.116 0.17971014492753623
0 0.478 0.5376811594202898 0.144 0.17101449275362318
0 0.563 0.36086956521739133 0.118 0.1826086956521739
0 0.453 0.36376811594202896 0.11 0.17681159420289855
0 0.34 0.3695652173913043 0.132 0.16521739130434782
0 0.363 0.5289855072463768 0.098 0.15942028985507245
0 0.356 0.6739130434782609 0.124 0.15942028985507245
0 0.374 0.8188405797101449 0.088 0.15942028985507245
0 0.291 0.8 0.086 0.15072463768115943
0 0.274 0.518840579710145 0.092 0.15072463768115943
0 0.237 0.3681159420289855 0.09 0.1565217391304348
0 0.182 0.5173913043478261 0.116 0.14782608695652175
0 0.156 0.3695652173913043 0.088 0.14782608695652175
0 0.255 0.6594202898550725 0.086 0.14782608695652175
0 0.2 0.7869565217391304 0.108 0.14782608695652175
0 0.179 0.6492753623188405 0.082 0.1391304347826087
0 0.068 0.3710144927536232 0.112 0.14492753623188406
0 0.092 0.5072463768115942 0.088 0.13333333333333333
0 0.093 0.636231884057971 0.106 0.13623188405797101
0 0.111 0.763768115942029 0.078 0.13043478260869565
0 0.045 0.7521739130434782 0.074 0.13043478260869565
0 0.025 0.6304347826086957 0.05 0.13043478260869565
0 0.009 0.744927536231884 0.018 0.11594202898550725
0 0.03 0.5028985507246376 0.06 0.13043478260869565
0 0.011 0.3695652173913043 0.022 0.13623188405797101
