0 0.161 0.17584269662921348 0.238 0.149438202247191
0 0.373 0.17191011235955056 0.214 0.15280898876404495
0 0.615 0.19325842696629214 0.218 0.21123595505617979
0 0.867 0.16235955056179777 0.25 0.15617977528089888
0 0.138 0.35 0.252 0.2101123595505618
0 0.356 0.35 0.248 0.21235955056179776
0 0.582 0.34662921348314607 0.228 0.20786516853932585
0 0.855 0.34606741573033706 0.254 0.21348314606741572
0 0.183 0.4764044943820225 0.326 0.07865168539325842
0 0.499 0.48707865168539327 0.326 0.07303370786516854
0 0.837 0.47415730337078654 0.326 0.10561797752808989
0 0.194 0.547752808988764 0.316 0.06853932584269663
0 0.396 0.5533707865168539 0.1 0.06404494382022471
0 0.561 0.5780898876404494 0.238 0.21460674157303372
0 0.197 0.6050561797752809 0.306 0.0550561797752809
0 0.18 0.6955056179775281 0.36 0.12808988764044943
0 0.176 0.7853932584269663 0.328 0.056179775280898875
0 0.193 0.8370786516853933 0.326 0.08089887640449438
0 0.505 0.697752808988764 0.35 0.12359550561797752
0 0.52 0.7853932584269663 0.324 0.058426966292134834
0 0.518 0.8404494382022472 0.32 0.056179775280898875
0 0.836 0.5550561797752809 0.316 0.06292134831460675
0 0.824 0.6106741573033708 0.304 0.05730337078651685
0 0.833 0.698876404494382 0.334 0.12359550561797752
0 0.84 0.7876404494382022 0.32 0.06741573033707865
0 0.839 0.8443820224719101 0.322 0.0550561797752809
0 0.403 0.6078651685393258 0.102 0.05393258426966292
