0 0.0811383399209486 0.7631657705445877 0.16205533596837943 0.4530490510737984
0 0.14985770750988142 0.8949834363615723 0.29971541501976284 0.2048111951619729
0 0.18548616600790513 0.63726147844663 0.14308300395256915 0.254904591378652
0 0.21750197628458495 0.764713774135956 0.11383399209486163 0.0784321819626622
0 0.04432411067193675 0.15841236751669263 0.0886482213438735 0.09391221787634549
0 0.03879051383399208 0.254904591378652 0.07758102766798416 0.09907222984757323
0 0.06809486166007904 0.3622328403801896 0.10118577075098813 0.1093922537900288
0 0.14437944664031618 0.3802928822794869 0.09249011857707512 0.13519231364616763
0 0.1352885375494071 0.47730110733856895 0.09960474308300393 0.08978420829936325
0 0.27125691699604737 0.38493689305359186 0.15810276679841895 0.14654433998286873
0 0.24754150197628452 0.5278692246566011 0.1185770750988142 0.16202437589655205
0 0.2854861660079051 0.6775095718222066 0.05849802371541506 0.14551233758862314
0 0.2989249011857707 0.8219899070165843 0.05217391304347825 0.15583236153107866
0 0.3546561264822134 0.4282809936119052 0.10355731225296444 0.15067234955985093
0 0.3949723320158103 0.58153334915737 0.174703557312253 0.1578963663195699
0 0.36335177865612645 0.7198216699862743 0.10355731225296438 0.15376835674258757
0 0.4056442687747035 0.8586259920123014 0.16758893280632406 0.17131239744476207
0 0.4716521739130434 0.7332377011114666 0.11936758893280637 0.18060041899297202
0 0.42698814229249005 0.27244863208082637 0.14703557312252963 0.1589283687138154
0 0.46611857707509874 0.4344730079773784 0.116205533596838 0.16718438786777978
0 0.567304347826087 0.609397413802 0.16996047430830039 0.1826644237814632
0 0.592600790513834 0.7729697932899203 0.12411067193675887 0.1754404070217443
0 0.5700711462450593 0.9058194615011507 0.15968379446640313 0.18313914488281624
0 0.5862766798418972 0.4416970247370973 0.12569169960474313 0.17750441181023532
0 0.5803478260869565 0.2739966356721948 0.14861660079051386 0.1702803950505165
0 0.4202687747035573 0.1269362944922032 0.10197628458498025 0.1444803351943776
0 0.5483320158102767 0.10784425019866045 0.15573122529644273 0.1723443998390076
0 0.7111778656126482 0.10010423224181879 0.19051383399209476 0.18782443575269092
0 0.7337075098814227 0.2719326308837036 0.15968379446640313 0.1764724094159898
0 0.7301501976284583 0.45304905107379845 0.158893280632411 0.18576043096419984
0 0.7305454545454545 0.6140414245761049 0.15494071146245061 0.2022724692721286
0 0.7281739130434782 0.7760658004726569 0.14861660079051386 0.21052848842609317
0 0.7244505928853755 0.9058194615011507 0.15290118577075087 0.18313914488281624
0 0.8313359683794466 0.2729646332779492 0.057707509881422876 0.1640883806850432
0 0.834893280632411 0.4365370127658696 0.05217391304347825 0.15892836871381535
0 0.8317312252964426 0.5794693443688789 0.058498023715415 0.1764724094159898
0 0.8277786561264822 0.7254976831546248 0.06482213438735175 0.1795684165987265
0 0.8238260869565217 0.8679140135605115 0.061660079051383376 0.18163242138721752
