0 0.312 0.074 0.192 0.148
0 0.511 0.078 0.198 0.152
0 0.703 0.076 0.194 0.148
0 0.314 0.18 0.196 0.076
0 0.508 0.185 0.196 0.066
0 0.699 0.181 0.194 0.066
0 0.198 0.327 0.304 0.226
0 0.497 0.329 0.298 0.226
0 0.8 0.324 0.316 0.228
0 0.205 0.552 0.294 0.22
0 0.506 0.549 0.292 0.218
0 0.811 0.548 0.294 0.224
0 0.15 0.771 0.184 0.222
0 0.331 0.77 0.182 0.22
0 0.504 0.77 0.18 0.224
0 0.682 0.77 0.176 0.22
0 0.869 0.767 0.198 0.222
0 0.16 0.938 0.176 0.12
0 0.336 0.939 0.18 0.118
0 0.51 0.938 0.18 0.12
0 0.684 0.938 0.18 0.12
0 0.862 0.923 0.184 0.15
0 0.126 0.097 0.184 0.194
0 0.118 0.207 0.18 0.114
0 0.024 0.108 0.048 0.092
0 0.016 0.206 0.032 0.108
0 0.029 0.366 0.058 0.224
0 0.028 0.58 0.056 0.224
0 0.029 0.784 0.058 0.24
0 0.036 0.933 0.072 0.13
