0 0.1 0.08933333333333333 0.2 0.17866666666666667
0 0.1 0.32 0.2 0.2986666666666667
0 0.183 0.652 0.334 0.6213333333333333
0 0.356 0.09066666666666667 0.288 0.18133333333333335
0 0.359 0.2693333333333333 0.294 0.18133333333333335
0 0.51 0.656 0.324 0.6026666666666667
0 0.645 0.09866666666666667 0.278 0.19733333333333333
0 0.65 0.28 0.284 0.17066666666666666
0 0.826 0.66 0.312 0.5946666666666667
0 0.895 0.2866666666666667 0.21 0.17866666666666667
0 0.893 0.10266666666666667 0.214 0.20533333333333334
0 0.286 0.9773333333333334 0.572 0.04533333333333334
0 0.78 0.9706666666666667 0.44 0.058666666666666666
