0 0.09774436090225563 0.28 0.19548872180451127 0.56
0 0.2941729323308271 0.285 0.2951127819548872 0.57
0 0.5075187969924813 0.028333333333333332 0.2857142857142857 0.056666666666666664
0 0.5789473684210527 0.3 0.2932330827067669 0.5933333333333334
0 0.8355263157894737 0.275 0.3101503759398496 0.55
0 0.9295112781954887 0.61 0.14097744360902256 0.56
0 0.793233082706767 0.71 0.2593984962406015 0.4066666666666667
0 0.5836466165413534 0.7383333333333333 0.2424812030075188 0.4033333333333333
0 0.3458646616541353 0.7483333333333333 0.24060150375939848 0.37666666666666665
0 0.12969924812030076 0.7466666666666667 0.2593984962406015 0.37333333333333335
0 0.9154135338345865 0.935 0.16917293233082706 0.13
0 0.75 0.945 0.19924812030075187 0.11
0 0.5592105263157895 0.9566666666666667 0.20112781954887218 0.08666666666666667
0 0.35714285714285715 0.9633333333333334 0.20300751879699247 0.07333333333333333
0 0.1588345864661654 0.9633333333333334 0.212406015037594 0.07333333333333333
0 0.03007518796992481 0.795 0.06015037593984962 0.29
0 0.03195488721804511 0.965 0.06390977443609022 0.07
