0 0.228 0.164 0.152 0.20533333333333334
0 0.375 0.14533333333333334 0.154 0.21066666666666667
0 0.518 0.14 0.152 0.20533333333333334
0 0.66 0.12533333333333332 0.156 0.208
0 0.804 0.13066666666666665 0.16 0.208
0 0.832 0.3333333333333333 0.172 0.224
0 0.682 0.336 0.172 0.224
0 0.533 0.3453333333333333 0.166 0.232
0 0.383 0.3626666666666667 0.162 0.23466666666666666
0 0.224 0.37733333333333335 0.156 0.22666666666666666
0 0.228 0.6133333333333333 0.172 0.25066666666666665
0 0.394 0.596 0.172 0.248
0 0.553 0.5813333333333334 0.17 0.256
0 0.706 0.564 0.176 0.25333333333333335
0 0.859 0.556 0.182 0.24266666666666667
0 0.885 0.7986666666666666 0.19 0.2693333333333333
0 0.734 0.82 0.172 0.28
0 0.567 0.836 0.182 0.27466666666666667
0 0.401 0.852 0.174 0.28
0 0.229 0.8693333333333333 0.178 0.2613333333333333
