0 0.2356828193832599 0.39765051395007345 0.1682819383259912 0.2560939794419971
0 0.3848017621145374 0.21174743024963288 0.12819383259911898 0.1462555066079295
0 0.600660792951542 0.2185022026431718 0.1290748898678413 0.15036710719530103
0 0.3936123348017621 0.409985315712188 0.15726872246696036 0.2525697503671072
0 0.23325991189427317 0.6396475770925111 0.1563876651982379 0.23024963289280473
0 0.38259911894273124 0.6516886930983848 0.15110132158590311 0.23083700440528634
0 0.23612334801762114 0.8613803230543319 0.14713656387665197 0.2167400881057268
0 0.3788546255506608 0.8619676945668134 0.13920704845814977 0.21674008810572695
0 0.5495594713656388 0.41380323054331863 0.15638766519823794 0.25550660792951546
0 0.5337004405286343 0.6475770925110133 0.1449339207048458 0.22613803230543308
0 0.5185022026431718 0.8625550660792951 0.14185022026431715 0.20499265785609397
0 0.6524229074889868 0.859618208516887 0.1400881057268723 0.19911894273127745
0 0.6755506607929515 0.6516886930983847 0.15374449339207047 0.21908957415565344
0 0.6938325991189428 0.4193832599118943 0.16299559471365638 0.24904552129221733
0 0.836784140969163 0.423201174743025 0.16079295154185025 0.24375917767988256
0 0.8061674008810572 0.23377386196769456 0.13920704845814977 0.14566813509544788
0 0.8154185022026431 0.6516886930983848 0.1559471365638767 0.22378854625550662
0 0.780396475770925 0.8534508076358297 0.14052863436123345 0.19618208516886942
