0 0.035 0.04439746300211417 0.07 0.08879492600422834
0 0.156 0.052854122621564484 0.168 0.07610993657505286
0 0.329 0.045454545454545456 0.182 0.09090909090909091
0 0.517 0.048625792811839326 0.202 0.09725158562367865
0 0.715 0.056025369978858354 0.202 0.09090909090909091
0 0.947 0.08350951374207188 0.106 0.08668076109936575
0 0.954 0.010570824524312896 0.092 0.021141649048625793
0 0.943 0.22727272727272727 0.114 0.18816067653276955
0 0.933 0.41331923890063427 0.134 0.19661733615221988
0 0.93 0.6268498942917548 0.14 0.09936575052854123
0 0.923 0.726215644820296 0.154 0.10359408033826638
0 0.912 0.8583509513742071 0.176 0.20718816067653276
0 0.912 0.9725158562367865 0.176 0.05496828752642706
0 0.818 0.7283298097251586 0.032 0.1416490486257928
0 0.847 0.5687103594080338 0.026 0.08456659619450317
0 0.853 0.48731501057082455 0.03 0.07822410147991543
0 0.847 0.6405919661733616 0.026 0.05919661733615222
0 0.865 0.42389006342494717 0.018 0.040169133192389
0 0.828 0.39112050739957716 0.028 0.07188160676532769
0 0.821 0.46617336152219874 0.022 0.0613107822410148
0 0.717 0.19978858350951373 0.21 0.20084566596194503
0 0.52 0.19556025369978858 0.2 0.20507399577167018
0 0.329 0.18816067653276955 0.19 0.19873150105708245
0 0.149 0.18076109936575052 0.17 0.18816067653276955
0 0.033 0.17653276955602537 0.066 0.17970401691331925
0 0.035 0.35200845665961944 0.07 0.17547568710359407
0 0.152 0.3583509513742072 0.176 0.19238900634249473
0 0.334 0.3773784355179704 0.184 0.19661733615221988
0 0.521 0.3879492600422833 0.198 0.20507399577167018
0 0.713 0.3974630021141649 0.206 0.2029598308668076
0 0.035 0.595137420718816 0.07 0.16701902748414377
0 0.151 0.6131078224101479 0.19 0.19027484143763213
0 0.331 0.6363636363636364 0.182 0.1945031712473573
0 0.514 0.653276955602537 0.192 0.19873150105708245
0 0.704 0.6733615221987315 0.208 0.20507399577167018
0 0.694 0.854122621564482 0.208 0.19873150105708245
0 0.687 0.96723044397463 0.206 0.06553911205073996
0 0.504 0.8329809725158562 0.192 0.19027484143763213
0 0.493 0.9545454545454546 0.182 0.09090909090909091
0 0.315 0.9386892177589852 0.186 0.1226215644820296
0 0.319 0.806553911205074 0.186 0.18816067653276955
0 0.137 0.7875264270613108 0.198 0.19661733615221988
0 0.025 0.7642706131078224 0.05 0.17970401691331925
0 0.018 0.8953488372093024 0.036 0.09936575052854123
0 0.131 0.9312896405919662 0.186 0.13742071881606766
0 0.021 0.9756871035940803 0.042 0.048625792811839326
0 0.078 0.9746300211416491 0.156 0.0507399577167019
