0 0.0375 0.13025210084033614 0.075 0.2605042016806723
0 0.2 0.13445378151260504 0.25 0.2689075630252101
0 0.45625 0.13865546218487396 0.2625 0.2773109243697479
0 0.709375 0.14285714285714285 0.24375 0.2857142857142857
0 0.915625 0.13865546218487396 0.16875 0.2773109243697479
0 0.03125 0.42857142857142855 0.0625 0.33613445378151263
0 0.18125 0.4327731092436975 0.2625 0.3445378151260504
0 0.434375 0.4369747899159664 0.25625 0.33613445378151263
0 0.6875 0.44537815126050423 0.2625 0.33613445378151263
0 0.903125 0.4411764705882353 0.19375 0.3277310924369748
0 0.040625 0.7521008403361344 0.08125 0.31092436974789917
0 0.190625 0.7605042016806722 0.25625 0.3277310924369748
0 0.43125 0.7563025210084033 0.25 0.3025210084033613
0 0.678125 0.7605042016806722 0.25625 0.31092436974789917
0 0.89375 0.7647058823529411 0.2125 0.31932773109243695
0 0.04375 0.9537815126050421 0.0875 0.09243697478991597
0 0.203125 0.957983193277311 0.24375 0.08403361344537816
0 0.434375 0.9537815126050421 0.23125 0.09243697478991597
0 0.671875 0.957983193277311 0.23125 0.08403361344537816
0 0.89375 0.9537815126050421 0.2125 0.09243697478991597
