0 0.3193832599118943 0.2 0.23259911894273128 0.16035242290748897
0 0.3154185022026431 0.3662261380323054 0.239647577092511 0.17444933920704844
0 0.3110132158590308 0.5392070484581498 0.24669603524229078 0.17973568281938326
0 0.29823788546255503 0.7165932452276064 0.2502202643171806 0.18325991189427313
0 0.08722466960352422 0.8787077826725403 0.1726872246696035 0.2067547723935389
0 0.30550660792951545 0.9033656387665199 0.2823788546255507 0.18793538913362698
0 0.57 0.9083582966226137 0.248 0.17795007342143906
0 0.55 0.7218795888399412 0.2594713656387665 0.20088105726872246
0 0.5497797356828193 0.538913362701909 0.2387665198237885 0.17444933920704844
0 0.5484581497797356 0.3641703377386197 0.23436123348017623 0.17151248164464022
0 0.5511013215859031 0.19118942731277533 0.23788546255506612 0.1779735682819383
0 0.792511013215859 0.18854625550660792 0.2466960352422908 0.1632892804698972
0 0.7966960352422907 0.347136563876652 0.2638766519823788 0.18795888399412627
0 0.8030837004405287 0.5318649045521292 0.2740088105726871 0.19324522760646104
0 0.8209251101321586 0.7209985315712187 0.2894273127753304 0.2038179148311307
0 0.8336960352422907 0.9104140969162997 0.2806079295154185 0.17383847283406748
