0 0.052429667519181586 0.2545454545454545 0.10485933503836317 0.19090909090909092
0 0.19820971867007672 0.2818181818181818 0.1918158567774936 0.20909090909090908
0 0.37468030690537085 0.27954545454545454 0.17135549872122763 0.17727272727272728
0 0.04603580562659847 0.4863636363636364 0.09207161125319693 0.19090909090909092
0 0.18542199488491048 0.49318181818181817 0.1969309462915601 0.21363636363636362
0 0.03964194373401535 0.7159090909090909 0.0792838874680307 0.2409090909090909
0 0.17391304347826086 0.7159090909090909 0.20971867007672634 0.2409090909090909
0 0.3797953964194373 0.6840909090909091 0.1918158567774936 0.2409090909090909
0 0.3797953964194373 0.4659090909090909 0.1815856777493606 0.19545454545454546
0 0.5434782608695652 0.27045454545454545 0.16624040920716113 0.19545454545454546
0 0.5549872122762148 0.4636363636363636 0.17902813299232737 0.2
0 0.5690537084398977 0.6840909090909091 0.1815856777493606 0.2409090909090909
0 0.7416879795396419 0.6931818181818182 0.18925831202046037 0.22272727272727272
0 0.7263427109974424 0.4818181818181818 0.18925831202046037 0.2
0 0.7122762148337596 0.2909090909090909 0.17647058823529413 0.19090909090909092
0 0.8772378516624041 0.2909090909090909 0.17902813299232737 0.18181818181818182
0 0.8938618925831202 0.47954545454545455 0.1867007672634271 0.19545454545454546
0 0.9104859335038363 0.6840909090909091 0.17902813299232737 0.21363636363636362
0 0.9744245524296675 0.3090909090909091 0.05115089514066496 0.18181818181818182
0 0.9846547314578005 0.4863636363636364 0.030690537084398978 0.2
0 0.9936061381074168 0.6863636363636364 0.01278772378516624 0.20909090909090908
