0 0.168 0.24933333333333332 0.22 0.31733333333333336
0 0.362 0.24666666666666667 0.204 0.31733333333333336
0 0.559 0.248 0.194 0.31466666666666665
0 0.75 0.25333333333333335 0.2 0.30933333333333335
0 0.194 0.5386666666666666 0.2 0.272
0 0.373 0.5346666666666666 0.19 0.25866666666666666
0 0.55 0.5333333333333333 0.18 0.256
0 0.73 0.5333333333333333 0.188 0.256
0 0.222 0.78 0.18 0.232
0 0.387 0.7746666666666666 0.174 0.22666666666666666
0 0.555 0.7733333333333333 0.166 0.21866666666666668
0 0.72 0.7706666666666667 0.172 0.224
