0 0.055 0.23466666666666666 0.11 0.2613333333333333
0 0.176 0.21466666666666667 0.152 0.2693333333333333
0 0.315 0.19466666666666665 0.162 0.26666666666666666
0 0.478 0.18666666666666668 0.152 0.224
0 0.623 0.168 0.194 0.24533333333333332
0 0.061 0.5026666666666667 0.122 0.30666666666666664
0 0.201 0.48133333333333334 0.162 0.31733333333333336
0 0.362 0.4493333333333333 0.16 0.30666666666666664
0 0.51 0.43066666666666664 0.18 0.2906666666666667
0 0.657 0.4266666666666667 0.186 0.30933333333333335
0 0.072 0.8186666666666667 0.144 0.3626666666666667
0 0.217 0.8106666666666666 0.178 0.37866666666666665
0 0.398 0.772 0.188 0.376
0 0.564 0.7466666666666667 0.2 0.37333333333333335
0 0.746 0.8293333333333334 0.232 0.3413333333333333
0 0.406 0.9813333333333333 0.172 0.037333333333333336
0 0.584 0.952 0.188 0.096
0 0.853 0.328 0.222 0.304
0 0.883 0.636 0.186 0.3546666666666667
