0 0.2 0.205 0.37 0.18
0 0.3375 0.065 0.075 0.11
0 0.535 0.095 0.33 0.16
0 0.555 0.2375 0.35 0.205
0 0.8175 0.105 0.245 0.19
0 0.9525 0.1375 0.065 0.155
0 0.9725 0.2925 0.025 0.165
0 0.84 0.255 0.26 0.18
0 0.84 0.3975 0.24 0.155
0 0.8925 0.4775 0.185 0.205
0 0.775 0.5475 0.09 0.155
0 0.905 0.665 0.16 0.18
0 0.91 0.8125 0.14 0.115
0 0.7925 0.82 0.095 0.08
0 0.7925 0.7025 0.105 0.165
0 0.6775 0.5725 0.165 0.165
0 0.5025 0.5725 0.215 0.175
0 0.5625 0.405 0.335 0.18
0 0.5875 0.7475 0.325 0.185
0 0.5975 0.8375 0.295 0.045
0 0.3475 0.765 0.195 0.19
0 0.1375 0.745 0.235 0.11
0 0.2125 0.5925 0.395 0.225
0 0.215 0.3825 0.4 0.205
