0 0.267 0.096 0.438 0.192
0 0.234 0.235 0.468 0.134
0 0.203 0.343 0.394 0.094
0 0.071 0.413 0.142 0.054
0 0.03 0.457 0.06 0.05
0 0.204 0.434 0.356 0.092
0 0.222 0.628 0.444 0.324
0 0.057 0.818 0.114 0.124
0 0.274 0.819 0.348 0.122
0 0.031 0.903 0.062 0.074
0 0.249 0.92 0.414 0.14
0 0.023 0.969 0.046 0.058
0 0.486 0.134 0.132 0.152
0 0.789 0.039 0.382 0.042
0 0.626 0.342 0.496 0.348
0 0.91 0.335 0.18 0.33
0 0.704 0.596 0.592 0.212
0 0.641 0.7 0.402 0.1
0 0.919 0.73 0.162 0.088
0 0.728 0.828 0.544 0.22
0 0.636 0.912 0.376 0.14
0 0.908 0.957 0.184 0.082
0 0.73 0.965 0.54 0.07
0 0.247 0.97 0.426 0.056
