0 0.024 0.268 0.048 0.056
0 0.026 0.339 0.052 0.098
0 0.026 0.432 0.052 0.092
0 0.027 0.531 0.054 0.118
0 0.027 0.65 0.054 0.124
0 0.033 0.773 0.066 0.13
0 0.017 0.85 0.034 0.044
0 0.049 0.851 0.034 0.042
0 0.088 0.048 0.116 0.096
0 0.21 0.039 0.136 0.078
0 0.379 0.029 0.21 0.058
0 0.515 0.026 0.078 0.052
0 0.608 0.019 0.156 0.038
0 0.12 0.142 0.196 0.176
0 0.349 0.094 0.278 0.188
0 0.567 0.107 0.162 0.174
0 0.724 0.079 0.184 0.158
0 0.902 0.082 0.196 0.164
0 0.964 0.155 0.072 0.182
0 0.83 0.19 0.208 0.196
0 0.622 0.234 0.24 0.18
0 0.402 0.236 0.22 0.18
0 0.227 0.248 0.134 0.152
0 0.101 0.274 0.126 0.152
0 0.136 0.397 0.176 0.154
0 0.358 0.376 0.272 0.16
0 0.507 0.396 0.034 0.136
0 0.591 0.378 0.158 0.156
0 0.745 0.357 0.178 0.166
0 0.909 0.327 0.182 0.19
0 0.961 0.48 0.078 0.164
0 0.11 0.525 0.12 0.134
0 0.224 0.514 0.116 0.144
0 0.396 0.513 0.244 0.146
0 0.63 0.511 0.232 0.15
0 0.834 0.494 0.188 0.16
0 0.139 0.653 0.178 0.134
0 0.357 0.657 0.266 0.15
0 0.499 0.648 0.03 0.12
0 0.581 0.653 0.146 0.134
0 0.73 0.647 0.184 0.146
0 0.905 0.641 0.19 0.158
0 0.115 0.776 0.114 0.132
0 0.236 0.786 0.128 0.144
0 0.403 0.792 0.218 0.164
0 0.148 0.851 0.168 0.046
0 0.312 0.861 0.164 0.026
0 0.56 0.855 0.152 0.038
0 0.617 0.787 0.222 0.162
0 0.8080309278350516 0.797 0.194 0.154
0 0.948 0.796 0.104 0.156
