0 0.09492481203007519 0.07833333333333334 0.18984962406015038 0.15
0 0.31296992481203006 0.07166666666666667 0.25375939849624063 0.13666666666666666
0 0.5892857142857143 0.056666666666666664 0.30639097744360905 0.11333333333333333
0 0.8721804511278195 0.05 0.2556390977443609 0.1
0 0.856203007518797 0.31 0.2800751879699248 0.43333333333333335
0 0.599624060150376 0.285 0.24436090225563908 0.39
0 0.37593984962406013 0.2916666666666667 0.21428571428571427 0.3566666666666667
0 0.18984962406015038 0.3 0.17669172932330826 0.3333333333333333
0 0.05451127819548872 0.2966666666666667 0.10902255639097744 0.29333333333333333
0 0.09210526315789473 0.5866666666666667 0.18421052631578946 0.3
0 0.29887218045112784 0.6316666666666667 0.2518796992481203 0.3433333333333333
0 0.06578947368421052 0.8466666666666667 0.13157894736842105 0.3
0 0.20770676691729323 0.8666666666666667 0.17105263157894737 0.26
0 0.38721804511278196 0.8883333333333333 0.19924812030075187 0.21666666666666667
0 0.5986842105263158 0.9116666666666666 0.2274436090225564 0.17666666666666667
0 0.5639097744360902 0.6666666666666666 0.2932330827067669 0.38666666666666666
0 0.8552631578947368 0.7183333333333334 0.2857142857142857 0.43
0 0.8458646616541353 0.94 0.2593984962406015 0.12
