0 0.07032214765100672 0.18120805369127516 0.13758389261744966 0.20134228187919462
0 0.07535570469798657 0.3908105317501291 0.15033557046979865 0.19721218378936503
0 0.07938255033557047 0.5921528136293237 0.15033557046979865 0.19721218378936503
0 0.07602684563758388 0.785234899328859 0.1516778523489933 0.19721218378936495
0 0.088 0.937284460505937 0.152 0.11927723283427982
0 0.297503355704698 0.21683014971605574 0.312751677852349 0.21476510067114093
0 0.233744966442953 0.3985544656685596 0.16912751677852347 0.19411461022199275
0 0.3011946308724832 0.5911202891068662 0.2932885906040268 0.19101703665462055
0 0.23609395973154362 0.7728446050593702 0.16442953020134227 0.19721218378936503
0 0.30261073825503354 0.9269592152813629 0.29477852348993294 0.13992772328342792
0 0.44750335570469796 0.4078471863706763 0.25570469798657713 0.18378936499741869
0 0.5183087248322148 0.23076923076923078 0.12617449664429528 0.1868869385647909
0 0.5132751677852349 0.591636551368095 0.12147651006711407 0.17552916881775935
0 0.45052348993288593 0.7707795560144554 0.25637583892617455 0.1889519876097057
0 0.5126040268456376 0.9223128549303045 0.1228187919463087 0.14922044398554468
0 0.6981744966442952 0.23644811564274648 0.2442953020134229 0.19824470831182242
0 0.6401208053691275 0.41094475993804847 0.12684563758389253 0.16933402168301492
0 0.6971677852348994 0.586473928755808 0.23825503355704689 0.17759421786267424
0 0.6421342281879194 0.7635518843572534 0.12953020134228188 0.17862674238513154
0 0.7011946308724832 0.9122354155911202 0.24899328859060393 0.16623644811564278
0 0.8206577181208053 0.7532266391326794 0.21946308724832214 0.1786267423851317
0 0.8156241610738255 0.4150748580278782 0.22147651006711408 0.1652039235931854
0 0.8743489932885907 0.2462570986060919 0.10536912751677857 0.16417139907072792
0 0.9601677852348994 0.2482395456892101 0.07566442953020135 0.16813629323696438
0 0.9605033557046979 0.4097986577181208 0.07499328859060404 0.17117191533298917
0 0.8730067114093961 0.5802787816210635 0.10939597315436242 0.1672689726381001
0 0.9621812080536913 0.57769747031492 0.0716375838926175 0.16417139907072797
0 0.9638590604026845 0.7384615384615385 0.06828187919463084 0.16
0 0.8783758389261745 0.909654104284977 0.10805369127516781 0.17139907072792976
0 0.9655369127516779 0.8991636551368095 0.06492617449664431 0.16140423335054213
