0 0.375 0.043478260869565216 0.75 0.08695652173913043
0 0.053 0.14167916041979012 0.106 0.16941529235382308
0 0.17 0.4340329835082459 0.34 0.48125937031484256
0 0.131 0.8133433283358321 0.262 0.28335832083958024
0 0.131 0.974512743628186 0.262 0.050974512743628186
0 0.439 0.13193403298350825 0.698 0.1409295352323838
0 0.48 0.4370314842578711 0.524 0.487256371814093
0 0.46 0.8103448275862069 0.444 0.2773613193403298
0 0.453 0.9707646176911544 0.39 0.05847076461769116
0 0.864 0.04422788605697151 0.272 0.08845577211394302
0 0.885 0.1679160419790105 0.23 0.17391304347826086
0 0.78 0.4325337331334333 0.436 0.46926536731634183
0 0.822 0.7923538230884558 0.356 0.2983508245877061
0 0.821 0.967016491754123 0.358 0.06296851574212893
