0 0.77 0.9760119940029985 0.072 0.047976011994003
0 0.884 0.9197901049475262 0.232 0.15742128935532235
0 0.896 0.8088455772113943 0.208 0.14842578710644677
0 0.889 0.656671664167916 0.222 0.17991004497751126
0 0.895 0.4985007496251874 0.21 0.17841079460269865
0 0.888 0.31709145427286356 0.224 0.20539730134932535
0 0.597 0.31859070464767614 0.302 0.18140929535232383
0 0.76 0.3238380809595202 0.04 0.16491754122938532
0 0.62 0.48950524737631185 0.28 0.1634182908545727
0 0.777 0.48575712143928035 0.046 0.1619190404797601
0 0.627 0.6424287856071964 0.298 0.16041979010494753
0 0.626 0.7863568215892054 0.28 0.17541229385307347
0 0.784 0.7706146926536732 0.044 0.1409295352323838
0 0.762 0.8800599700149925 0.052 0.1469265367316342
0 0.607 0.9092953523238381 0.258 0.18140929535232383
0 0.423 0.8343328335832084 0.126 0.2413793103448276
0 0.482 0.7091454272863568 0.028 0.1199400299850075
0 0.331 0.7788605697151424 0.102 0.13343328335832083
0 0.224 0.7856071964017991 0.112 0.13493253373313344
0 0.438 0.6424287856071964 0.092 0.1424287856071964
0 0.163 0.658920539730135 0.174 0.1634182908545727
0 0.32 0.6476761619190404 0.144 0.14992503748125938
0 0.434 0.4947526236881559 0.096 0.15892053973013492
0 0.313 0.48950524737631185 0.158 0.1664167916041979
0 0.167 0.4955022488755622 0.198 0.17841079460269865
0 0.057 0.6911544227886057 0.114 0.1409295352323838
0 0.065 0.8305847076461769 0.13 0.1619190404797601
0 0.142 0.8073463268365817 0.056 0.1424287856071964
0 0.166 0.9062968515742129 0.044 0.13043478260869565
0 0.101 0.9385307346326837 0.122 0.12293853073463268
0 0.066 0.9452773613193404 0.132 0.10944527736131934
0 0.129 0.8298350824587706 0.03 0.12143928035982009
0 0.47 0.9107946026986506 0.02 0.17541229385307347
