0 0.5722867383512544 0.019345166126614112 0.5189964157706093 0.038690332253228224
0 0.18507142857142858 0.21217070036410365 0.3678571428571428 0.40917041479260374
0 0.6157261904761905 0.22377204255015348 0.4910714285714286 0.40113871635610765
0 0.18983333333333335 0.576943671021632 0.3785714285714286 0.330192046833726
0 0.1844761904761905 0.8689316056257586 0.36547619047619045 0.2591382879988577
0 0.5642380952380953 0.8547065752837868 0.3892857142857143 0.2512136788748482
0 0.5960833333333334 0.5764974655529378 0.4303571428571429 0.30698936246162634
0 0.902547619047619 0.23515028200185623 0.19090476190476194 0.399800099950025
0 0.8817142857142858 0.58344042264582 0.23257142857142857 0.3083815235239523
0 0.8587976190476191 0.8562236738773471 0.27840476190476193 0.25157064324980366
