0 0.228 0.09171597633136094 0.456 0.15384615384615385
0 0.233 0.22928994082840237 0.454 0.1390532544378698
0 0.18 0.35281065088757396 0.28 0.11982248520710059
0 0.187 0.45857988165680474 0.282 0.11834319526627218
0 0.485 0.3631656804733728 0.334 0.14644970414201183
0 0.483 0.4807692307692308 0.326 0.13313609467455623
0 0.273 0.5702662721893491 0.418 0.14940828402366865
0 0.28 0.6789940828402367 0.416 0.15976331360946747
0 0.283 0.7773668639053254 0.41 0.15532544378698224
0 0.221 0.8439349112426036 0.258 0.1257396449704142
0 0.232 0.9201183431952663 0.244 0.12721893491124261
0 0.241 0.966715976331361 0.23 0.06656804733727811
0 0.727 0.08727810650887574 0.546 0.14497041420118342
0 0.73 0.22707100591715976 0.54 0.16420118343195267
0 0.824 0.3809171597633136 0.352 0.15828402366863906
0 0.817 0.5140532544378699 0.362 0.15532544378698224
0 0.737 0.6294378698224852 0.522 0.1937869822485207
0 0.743 0.7492603550295858 0.51 0.1878698224852071
0 0.742 0.8498520710059172 0.512 0.1937869822485207
0 0.49 0.9023668639053254 0.288 0.14201183431952663
0 0.495 0.9526627218934911 0.29 0.09171597633136094
0 0.808 0.9378698224852071 0.356 0.12130177514792899
0 0.709 0.9800295857988166 0.146 0.03698224852071006
