0 0.134375 0.2916666666666667 0.26875 0.3
0 0.140625 0.5583333333333333 0.28125 0.25
0 0.140625 0.7958333333333333 0.28125 0.24166666666666667
0 0.1375 0.95 0.275 0.1
0 0.440625 0.9666666666666667 0.30625 0.06666666666666667
0 0.43125 0.8166666666666667 0.325 0.23333333333333334
0 0.440625 0.5791666666666667 0.35625 0.25833333333333336
0 0.4375 0.3125 0.35 0.2916666666666667
0 0.43125 0.09166666666666666 0.375 0.18333333333333332
0 0.8125 0.10416666666666667 0.375 0.20833333333333334
0 0.80625 0.3458333333333333 0.375 0.275
0 0.790625 0.6041666666666666 0.34375 0.25833333333333336
0 0.7625 0.8333333333333334 0.325 0.21666666666666667
0 0.75 0.9708333333333333 0.3 0.058333333333333334
