0 0.071 0.19466666666666665 0.118 0.26666666666666666
0 0.191 0.18666666666666668 0.122 0.26666666666666666
0 0.316 0.18 0.128 0.2693333333333333
0 0.443 0.17866666666666667 0.13 0.26666666666666666
0 0.572 0.176 0.136 0.2613333333333333
0 0.7 0.17733333333333334 0.136 0.264
0 0.824 0.18133333333333335 0.132 0.2613333333333333
0 0.066 0.456 0.116 0.2613333333333333
0 0.187 0.452 0.134 0.27466666666666667
0 0.317 0.4493333333333333 0.13 0.28
0 0.446 0.45066666666666666 0.136 0.2826666666666667
0 0.577 0.452 0.134 0.28
0 0.706 0.452 0.132 0.28
0 0.834 0.456 0.124 0.2773333333333333
0 0.06 0.7266666666666667 0.116 0.2693333333333333
0 0.181 0.7253333333333334 0.126 0.272
0 0.309 0.728 0.138 0.272
0 0.437 0.732 0.138 0.27466666666666667
0 0.573 0.732 0.134 0.28
0 0.704 0.7293333333333333 0.132 0.27466666666666667
0 0.834 0.728 0.14 0.272
