0 0.17723865428706156 0.09479015918958031 0.14254974335626056 0.18861553304389772
0 0.24851352596519186 0.28726483357452964 0.23306612031631954 0.20115774240231546
0 0.3159942980102658 0.09768451519536903 0.14254974335626053 0.19343945972021226
0 0.200680769877017 0.4708152436082971 0.13469053697350092 0.18330921369995176
0 0.33184821433410844 0.45996140858658946 0.14011067930643858 0.21273516642547033
0 0.26219938535585946 0.6461649782923299 0.22466489970026612 0.1770381090207429
0 0.22954302779991004 0.8084901109503135 0.12628931635744753 0.15340086830680177
0 0.3531222729908887 0.776410998552822 0.12520528789086002 0.23685479980704296
0 0.2813053870794647 0.9392402315484805 0.20704943711821874 0.11485287023637246
0 0.5008211515634401 0.944064158224795 0.18265879661999926 0.10520501688374338
0 0.4794115893483363 0.8154848046309696 0.12195320249109744 0.15388326097443325
0 0.48862583131433024 0.6517124939700917 0.1962091524523434 0.17945007235890018
0 0.46531921928269837 0.4751567776169802 0.12791535905732884 0.17366136034732269
0 0.5958091459481726 0.4799807042932947 0.1346905369735009 0.17752050168837433
0 0.4898453633392413 0.29257115291847563 0.20732044423486568 0.19536903039073802
0 0.4582730342498794 0.09792571152918475 0.1403816864230855 0.1948866377231066
0 0.6000097562561992 0.0974433188615533 0.1420077291229667 0.1939218523878437
0 0.7428305067291067 0.09720212252773758 0.1468858572226107 0.19440424505547516
0 0.7040764890486024 0.29401833092137 0.22059979295056287 0.19729860106126385
0 0.7310416971549673 0.4835986493005307 0.14553082163937628 0.18186203569705744
0 0.6907971403329052 0.6601543656536422 0.206507422884925 0.18572117703810903
0 0.6043458701225494 0.8236854799807043 0.12520528789085997 0.1625663289917993
0 0.7340227754380829 0.8101784852870236 0.12872838040726953 0.18861553304389778
0 0.6941847292909912 0.9498528702363724 0.19214404570264015 0.09362759286058861
