0 0.882 0.15817091454272864 0.236 0.31634182908545727
0 0.564 0.15367316341829085 0.452 0.30434782608695654
0 0.165 0.15217391304347827 0.33 0.30134932533733133
0 0.866 0.43778110944527737 0.268 0.25487256371814093
0 0.545 0.44002998500749624 0.414 0.2653673163418291
0 0.167 0.43853073463268366 0.334 0.27136431784107945
0 0.113 0.6941529235382309 0.226 0.23388305847076463
0 0.375 0.6814092953523239 0.254 0.22638680659670166
0 0.674 0.6694152923538231 0.288 0.22038980509745126
0 0.905 0.6686656671664168 0.19 0.20389805097451275
0 0.128 0.896551724137931 0.256 0.18590704647676162
0 0.385 0.8853073463268366 0.238 0.20539730134932535
0 0.671 0.8703148425787106 0.234 0.19640179910044978
0 0.888 0.861319340329835 0.216 0.17541229385307347
