0 0.11613832853025936 0.18799321285248727 0.23112391930835732 0.205769075385817
0 0.12471358428805238 0.379644217385319 0.2481178396072013 0.2068005567707298
0 0.13011456628477902 0.5638068433852884 0.2582651391162029 0.20496504887039788
0 0.14418985270049098 0.7363445860164889 0.2713584288052373 0.2068005567707298
0 0.15057283142389524 0.9068938617556632 0.2507364975450082 0.1661134649800388
0 0.3880523731587562 0.9071997797390519 0.2353518821603928 0.16366612111292952
0 0.3504725897920605 0.1915092839602141 0.26691871455576566 0.20846951575004857
0 0.3635160680529301 0.3837252442450047 0.2589792060491493 0.1978693708814021
0 0.37542533081285445 0.5655177287422928 0.2510396975425331 0.19044926947334945
0 0.3911153119092628 0.7428934862109783 0.24990548204158797 0.1805558009292794
0 0.6285444234404537 0.9026023355652527 0.246124763705104 0.16006218751656273
0 0.6300567107750472 0.7388300973446638 0.24158790170132324 0.17101567054749744
0 0.6207939508506617 0.5699344557708955 0.25255198487712666 0.17949578644241465
0 0.6160680529300567 0.38672861862445457 0.26049149338374294 0.19115594579792594
0 0.6204158790170132 0.19274596752822287 0.2684310018903591 0.201049414341996
0 0.8698884688090738 0.1752557284949561 0.2562230623818525 0.20352278147801356
0 0.8706446124763705 0.36923837959118777 0.254710775047259 0.18797590233733194
0 0.8702050078247262 0.5483070802802276 0.25558998435054775 0.19684378336477856
0 0.8703615023474178 0.7266026062919573 0.2552769953051644 0.18896347973615316
0 0.8738043818466353 0.8969915024936743 0.2483912363067293 0.19744636040542313
