0 0.908 0.7493333333333333 0.184 0.39466666666666667
0 0.702 0.7626666666666667 0.284 0.4053333333333333
0 0.431 0.7733333333333333 0.274 0.4
0 0.893 0.396 0.214 0.32266666666666666
0 0.885 0.11866666666666667 0.23 0.23733333333333334
0 0.682 0.4026666666666667 0.256 0.33066666666666666
0 0.663 0.11733333333333333 0.23 0.23466666666666666
0 0.439 0.12533333333333332 0.222 0.25066666666666665
0 0.434 0.408 0.252 0.336
0 0.172 0.8533333333333334 0.256 0.2613333333333333
0 0.188 0.5933333333333334 0.244 0.25866666666666666
0 0.214 0.3466666666666667 0.228 0.22933333333333333
0 0.231 0.13333333333333333 0.21 0.19733333333333333
