0 0.081 0.06533333333333333 0.162 0.13066666666666665
0 0.237 0.06 0.166 0.12
0 0.436 0.05333333333333334 0.236 0.10666666666666667
0 0.639 0.050666666666666665 0.17 0.10133333333333333
0 0.612 0.16133333333333333 0.236 0.13066666666666665
0 0.415 0.16666666666666666 0.162 0.12533333333333332
0 0.213 0.17866666666666667 0.246 0.144
0 0.051 0.19066666666666668 0.102 0.13066666666666665
0 0.092 0.30933333333333335 0.184 0.12266666666666666
0 0.262 0.296 0.18 0.128
0 0.058 0.4266666666666667 0.116 0.11733333333333333
0 0.231 0.4106666666666667 0.254 0.128
0 0.101 0.5333333333333333 0.202 0.12266666666666666
0 0.274 0.516 0.172 0.12533333333333332
0 0.071 0.6413333333333333 0.142 0.10933333333333334
0 0.249 0.612 0.226 0.152
0 0.108 0.7413333333333333 0.216 0.11733333333333333
0 0.284 0.724 0.156 0.10933333333333334
0 0.103 0.848 0.202 0.11733333333333333
0 0.284 0.82 0.168 0.13066666666666665
0 0.117 0.9426666666666667 0.218 0.11466666666666667
0 0.305 0.9226666666666666 0.158 0.128
0 0.224 0.9853333333333333 0.324 0.029333333333333333
0 0.459 0.284 0.23 0.12
0 0.431 0.39866666666666667 0.154 0.11466666666666667
0 0.62 0.39466666666666667 0.232 0.112
0 0.652 0.2773333333333333 0.16 0.12266666666666666
0 0.469 0.504 0.222 0.10666666666666667
0 0.655 0.504 0.154 0.112
0 0.435 0.6093333333333333 0.146 0.104
0 0.614 0.6093333333333333 0.22 0.104
0 0.465 0.7106666666666667 0.218 0.09866666666666667
0 0.65 0.7106666666666667 0.148 0.104
0 0.437 0.812 0.146 0.104
0 0.617 0.812 0.214 0.104
0 0.484 0.9133333333333333 0.212 0.104
0 0.661 0.9133333333333333 0.146 0.09866666666666667
0 0.458 0.9813333333333333 0.144 0.037333333333333336
0 0.635 0.9813333333333333 0.214 0.037333333333333336
0 0.746 0.20533333333333334 0.032 0.06933333333333333
0 0.862 0.17333333333333334 0.208 0.11733333333333333
0 0.982 0.19066666666666668 0.036 0.08266666666666667
0 0.795 0.2906666666666667 0.126 0.11733333333333333
0 0.928 0.2866666666666667 0.14 0.11466666666666667
0 0.812 0.404 0.16 0.12
0 0.946 0.39466666666666667 0.104 0.11733333333333333
0 0.788 0.5146666666666667 0.128 0.11733333333333333
0 0.925 0.504 0.146 0.10666666666666667
0 0.805 0.6133333333333333 0.162 0.112
0 0.942 0.612 0.116 0.11466666666666667
0 0.782 0.7226666666666667 0.124 0.112
0 0.922 0.7146666666666667 0.156 0.10666666666666667
0 0.804 0.8053333333333333 0.168 0.12266666666666666
0 0.943 0.8133333333333334 0.114 0.10666666666666667
0 0.802 0.916 0.136 0.104
0 0.932 0.9146666666666666 0.132 0.10666666666666667
0 0.87 0.9826666666666667 0.26 0.034666666666666665
