0 0.767 0.017991004497751123 0.19 0.035982008995502246
0 0.836 0.1409295352323838 0.328 0.2818590704647676
0 0.834 0.4002998500749625 0.332 0.272863568215892
0 0.826 0.676911544227886 0.348 0.30434782608695654
0 0.835 0.8905547226386806 0.326 0.21889055472263869
0 0.508 0.044977511244377814 0.308 0.08995502248875563
0 0.255 0.06446776611694154 0.202 0.12893553223388307
0 0.077 0.07196401799100449 0.154 0.14392803598200898
0 0.049 0.22113943028485758 0.098 0.1724137931034483
0 0.2 0.20539730134932535 0.212 0.19790104947526238
0 0.484 0.17316341829085458 0.38 0.24737631184407796
0 0.485 0.391304347826087 0.37 0.22188905547226387
0 0.196 0.39205397301349326 0.216 0.18440779610194902
0 0.041 0.38905547226386805 0.082 0.16941529235382308
0 0.522 0.6079460269865068 0.292 0.2353823088455772
0 0.266 0.5824587706146926 0.22 0.20839580209895053
0 0.081 0.5584707646176912 0.162 0.17841079460269865
0 0.261 0.7661169415292354 0.23 0.22188905547226387
0 0.525 0.8238380809595203 0.306 0.27436281859070466
0 0.078 0.7211394302848576 0.156 0.18590704647676162
0 0.474 0.931784107946027 0.396 0.136431784107946
0 0.198 0.9032983508245878 0.232 0.1934032983508246
0 0.125 0.9902548725637181 0.086 0.019490254872563718
0 0.046 0.8770614692653673 0.092 0.18290854572713644
0 0.039 0.9752623688155923 0.078 0.049475262368815595
