0 0.058 0.1467065868263473 0.088 0.0688622754491018
0 0.149 0.1339820359281437 0.106 0.08832335329341318
0 0.272 0.13248502994011976 0.104 0.08233532934131736
0 0.355 0.12350299401197605 0.066 0.09730538922155689
0 0.424 0.11901197604790419 0.072 0.09730538922155689
0 0.494 0.11377245508982035 0.08 0.10179640718562874
0 0.569 0.10778443113772455 0.082 0.10479041916167664
0 0.647 0.10479041916167664 0.086 0.10778443113772455
0 0.739 0.09056886227544911 0.098 0.11826347305389222
0 0.838 0.08233532934131736 0.1 0.11976047904191617
0 0.934 0.07559880239520958 0.112 0.12724550898203593
0 0.991 0.08083832335329341 0.018 0.10778443113772455
0 0.019 0.22380239520958084 0.038 0.07934131736526946
0 0.065 0.22230538922155688 0.058 0.08233532934131736
0 0.124 0.21931137724550898 0.06 0.08832335329341318
0 0.183 0.21781437125748504 0.066 0.08532934131736528
0 0.247 0.2148203592814371 0.066 0.08532934131736528
0 0.313 0.2125748502994012 0.07 0.08383233532934131
0 0.38 0.2088323353293413 0.072 0.08832335329341318
0 0.45 0.20808383233532934 0.076 0.08982035928143713
0 0.525 0.2058383233532934 0.082 0.09131736526946108
0 0.603 0.20434131736526945 0.086 0.09131736526946108
0 0.705 0.20209580838323354 0.086 0.10479041916167664
0 0.825 0.19610778443113772 0.138 0.11377245508982035
0 0.944 0.19311377245508982 0.112 0.11676646706586827
0 0.018 0.30164670658682635 0.036 0.07934131736526946
0 0.064 0.30164670658682635 0.056 0.07934131736526946
0 0.118 0.3008982035928144 0.06 0.08083832335329341
0 0.166 0.3008982035928144 0.044 0.08383233532934131
0 0.215 0.2994011976047904 0.066 0.08682634730538923
0 0.277 0.2986526946107784 0.07 0.09131736526946108
0 0.347 0.2986526946107784 0.07 0.09131736526946108
0 0.418 0.3001497005988024 0.076 0.09431137724550898
0 0.492 0.3008982035928144 0.08 0.09880239520958084
0 0.571 0.2994011976047904 0.09 0.10179640718562874
0 0.661 0.3001497005988024 0.102 0.10329341317365269
0 0.75 0.3031437125748503 0.092 0.10029940119760479
0 0.835 0.30389221556886226 0.098 0.10179640718562874
0 0.926 0.30389221556886226 0.1 0.10479041916167664
0 0.984 0.3031437125748503 0.032 0.10329341317365269
0 0.009 0.38023952095808383 0.018 0.07784431137724551
0 0.044 0.38173652694610777 0.056 0.08083832335329341
0 0.096 0.38173652694610777 0.048 0.08083832335329341
0 0.144 0.38248502994011974 0.052 0.08233532934131736
0 0.203 0.38622754491017963 0.066 0.08682634730538923
0 0.277 0.38772455089820357 0.09 0.08982035928143713
0 0.351 0.38997005988023953 0.07 0.09131736526946108
0 0.422 0.3929640718562874 0.08 0.09431137724550898
0 0.498 0.39595808383233533 0.08 0.09431137724550898
0 0.579 0.39895209580838326 0.09 0.09730538922155689
0 0.664 0.4004491017964072 0.1 0.10329341317365269
0 0.753 0.40119760479041916 0.094 0.10179640718562874
0 0.839 0.40494011976047906 0.102 0.10029940119760479
0 0.931 0.406437125748503 0.106 0.1062874251497006
0 0.987 0.406437125748503 0.026 0.1062874251497006
0 0.021 0.45808383233532934 0.042 0.08083832335329341
0 0.068 0.4633233532934132 0.06 0.08532934131736528
0 0.132 0.4648203592814371 0.068 0.08832335329341318
0 0.198 0.46781437125748504 0.068 0.08832335329341318
0 0.272 0.47305389221556887 0.088 0.08982035928143713
0 0.342 0.4745508982035928 0.064 0.08982035928143713
0 0.409 0.48278443113772457 0.082 0.09431137724550898
0 0.488 0.48877245508982037 0.084 0.09730538922155689
0 0.567 0.49326347305389223 0.086 0.09730538922155689
0 0.649 0.4977544910179641 0.094 0.09730538922155689
0 0.736 0.500748502994012 0.096 0.10029940119760479
0 0.817 0.5052395209580839 0.086 0.1062874251497006
0 0.92 0.5366766467065869 0.144 0.1631736526946108
0 0.975 0.5404191616766467 0.05 0.16167664670658682
0 0.054 0.561377245508982 0.108 0.1407185628742515
0 0.101 0.5733532934131736 0.182 0.1347305389221557
0 0.165 0.5800898203592815 0.17 0.13922155688622753
0 0.241 0.5853293413173652 0.182 0.1497005988023952
0 0.319 0.593562874251497 0.19 0.15718562874251496
0 0.406 0.6040419161676647 0.18 0.15718562874251496
0 0.489 0.6122754491017964 0.186 0.16167664670658682
0 0.589 0.6212574850299402 0.15 0.16467065868263472
0 0.682 0.6302395209580839 0.148 0.17365269461077845
0 0.789 0.6407185628742516 0.122 0.17964071856287425
0 0.906 0.6766467065868264 0.132 0.1347305389221557
0 0.977 0.6826347305389222 0.046 0.1317365269461078
0 0.005 0.6803892215568862 0.01 0.09131736526946108
0 0.044 0.6811377245508982 0.072 0.10778443113772455
0 0.114 0.6931137724550899 0.072 0.10778443113772455
0 0.186 0.7050898203592815 0.072 0.10778443113772455
0 0.258 0.7163173652694611 0.084 0.1122754491017964
0 0.343 0.7282934131736527 0.09 0.1122754491017964
0 0.432 0.7402694610778443 0.096 0.11526946107784432
0 0.523 0.7387724550898204 0.098 0.13622754491017963
0 0.622 0.7597305389221557 0.108 0.12425149700598802
0 0.724 0.7747005988023952 0.116 0.12425149700598802
0 0.835 0.7874251497005988 0.126 0.12874251497005987
0 0.941 0.8016467065868264 0.118 0.13023952095808383
0 0.017 0.7709580838323353 0.034 0.09580838323353294
0 0.063 0.7829341317365269 0.07 0.10479041916167664
0 0.133 0.7934131736526946 0.078 0.10778443113772455
0 0.21 0.8061377245508982 0.08 0.1122754491017964
0 0.29 0.8196107784431138 0.084 0.1062874251497006
0 0.374 0.8330838323353293 0.088 0.1092814371257485
0 0.461 0.8473053892215568 0.09 0.11377245508982035
0 0.552 0.8570359281437125 0.096 0.11526946107784432
0 0.648 0.8720059880239521 0.104 0.11826347305389222
0 0.744 0.8877245508982036 0.112 0.12275449101796407
0 0.852 0.8997005988023952 0.112 0.12574850299401197
0 0.948 0.9206586826347305 0.104 0.12874251497005987
0 0.007 0.8585329341317365 0.014 0.09131736526946108
0 0.046 0.8667664670658682 0.068 0.10179640718562874
0 0.115 0.8832335329341318 0.07 0.10179640718562874
0 0.184 0.8974550898203593 0.072 0.1092814371257485
0 0.263 0.9124251497005988 0.086 0.1092814371257485
0 0.359 0.9266467065868264 0.118 0.11676646706586827
0 0.464 0.9446107784431138 0.096 0.10778443113772455
0 0.555 0.9513473053892215 0.098 0.09431137724550898
0 0.651 0.9565868263473054 0.106 0.08383233532934131
0 0.751 0.9670658682634731 0.106 0.0658682634730539
0 0.855 0.9752994011976048 0.11 0.04940119760479042
0 0.955 0.9835329341317365 0.09 0.029940119760479042
0 0.008 0.9438622754491018 0.016 0.08532934131736528
0 0.051 0.9520958083832335 0.07 0.09281437125748503
0 0.121 0.9588323353293413 0.07 0.07934131736526946
0 0.191 0.9670658682634731 0.07 0.06287425149700598
0 0.263 0.9745508982035929 0.078 0.04790419161676647
0 0.342 0.9842814371257484 0.084 0.03143712574850299
0 0.419 0.9618263473053892 0.078 0.07335329341317365
