0 0.4155151515151515 0.13930931224164306 0.23549783549783546 0.2786186244832861
0 0.7582727272727272 0.13768186700517526 0.4794545454545455 0.2753637340103505
0 0.544047619047619 0.4052542069459362 0.4523809523809524 0.2743465807375582
0 0.8769761904761905 0.40338345864661657 0.24204761904761904 0.28345864661654135
0 0.4473214285714286 0.6424543501611172 0.20178571428571435 0.23227712137486575
0 0.7633928571428572 0.6594611528822054 0.4494047619047619 0.25107411385606876
0 0.5592261904761905 0.8561582527747941 0.3791666666666667 0.225563909774436
0 0.8497023809523809 0.876297887576083 0.21607142857142855 0.22198353025420692
0 0.46982142857142856 0.9707393483709275 0.20035714285714284 0.05551378446115283
0 0.7568452380952381 0.9734156820622988 0.39107142857142857 0.05012531328320808
0 0.47232142857142856 0.9467866093805942 0.17559523809523808 0.043412101682778335
0 0.15059523809523812 0.7751521661296098 0.29761904761904767 0.36877909058360175
0 0.17797619047619048 0.8962226996061582 0.35595238095238096 0.204547081990691
0 0.3110119047619048 0.681390977443609 0.12321428571428572 0.30836018617973504
0 0.1732142857142857 0.47081990691013254 0.3428571428571429 0.40010741138560685
0 0.16130952380952382 0.15574650912996776 0.32261904761904764 0.31149301825993553
0 0.35501355013550134 0.968885628705911 0.06612466124661251 0.05827577072763203
0 0.35907859078590787 0.8443873912423335 0.03848238482384829 0.17278969782179035
