0 0.574 0.4533333333333333 0.136 0.11733333333333333
0 0.737 0.456 0.186 0.128
0 0.735 0.568 0.186 0.096
0 0.578 0.556 0.136 0.09333333333333334
0 0.454 0.5506666666666666 0.124 0.11466666666666667
0 0.456 0.652 0.128 0.09333333333333334
0 0.459 0.7386666666666667 0.122 0.09066666666666667
0 0.576 0.6533333333333333 0.128 0.10133333333333333
0 0.726 0.6613333333333333 0.176 0.096
0 0.731 0.7573333333333333 0.178 0.10133333333333333
0 0.582 0.7453333333333333 0.128 0.09333333333333334
0 0.462 0.828 0.12 0.09333333333333334
0 0.584 0.8306666666666667 0.128 0.09333333333333334
0 0.733 0.852 0.174 0.09866666666666667
0 0.33 0.832 0.148 0.08533333333333333
0 0.198 0.82 0.128 0.07733333333333334
0 0.324 0.7466666666666667 0.16 0.10133333333333333
0 0.188 0.744 0.136 0.08533333333333333
0 0.319 0.6586666666666666 0.158 0.096
0 0.184 0.652 0.14 0.09333333333333334
0 0.327 0.556 0.166 0.12533333333333332
0 0.181 0.5653333333333334 0.186 0.112
