0 0.121 0.21035940803382663 0.226 0.3361522198731501
0 0.341 0.20084566596194503 0.238 0.3382663847780127
0 0.564 0.19027484143763213 0.236 0.34249471458773784
0 0.787 0.1839323467230444 0.238 0.3382663847780127
0 0.131 0.547568710359408 0.23 0.35517970401691334
0 0.355 0.5412262156448203 0.242 0.3594080338266385
0 0.586 0.53276955602537 0.244 0.3594080338266385
0 0.818 0.5243128964059197 0.264 0.36363636363636365
0 0.618 0.8382663847780126 0.352 0.26849894291754756
0 0.278 0.846723044397463 0.344 0.2642706131078224
