0 0.03666666666666667 0.04437869822485207 0.07333333333333333 0.08875739644970414
0 0.058333333333333334 0.21301775147928995 0.11666666666666667 0.2485207100591716
0 0.07166666666666667 0.4408284023668639 0.14333333333333334 0.20710059171597633
0 0.08833333333333333 0.6390532544378699 0.17666666666666667 0.20118343195266272
0 0.29833333333333334 0.17751479289940827 0.4766666666666667 0.35502958579881655
0 0.315 0.4881656804733728 0.41 0.30177514792899407
0 0.335 0.7396449704142012 0.3566666666666667 0.23668639053254437
0 0.355 0.9201183431952663 0.31666666666666665 0.15976331360946747
0 0.7683333333333333 0.19822485207100593 0.4633333333333333 0.38461538461538464
0 0.73 0.5118343195266272 0.4266666666666667 0.28994082840236685
0 0.705 0.7603550295857988 0.36333333333333334 0.23076923076923078
0 0.6766666666666666 0.9319526627218935 0.32666666666666666 0.13609467455621302
0 0.91 0.7100591715976331 0.18 0.5798816568047337
