0 0.16553911205073993 0.16462297392529948 0.1898520084566596 0.13868921775898518
0 0.36342494714587736 0.15870331219168426 0.20761099365750527 0.13136011275546158
0 0.5268498942917547 0.13164200140944327 0.12854122621564482 0.12684989429175475
0 0.5310782241014799 0.2582100070472163 0.12684989429175478 0.13305144467935165
0 0.36849894291754753 0.27935165609584217 0.20930232558139528 0.11670190274841438
0 0.1778012684989429 0.2821705426356589 0.1805496828752643 0.12910500352360815
0 0.19302325581395346 0.39097956307258624 0.17801268498942915 0.11782945736434108
0 0.17272727272727273 0.5009161381254404 0.12304439746300211 0.10317124735729385
0 0.28668076109936574 0.4969696969696969 0.11247357293868922 0.10993657505285409
0 0.37542938689217753 0.3870331219168428 0.19205877378435515 0.12684989429175478
0 0.4042283298097251 0.4969696969696969 0.12769556025369974 0.11331923890063429
0 0.20401691331923888 0.5961945031712472 0.17632135306553912 0.11444679351656101
0 0.38097251585623676 0.5970401691331924 0.18435517970401685 0.12177589852008457
0 0.18456659619450314 0.6993657505285411 0.10866807610993658 0.09640591966173354
0 0.2930232558139535 0.6971106412966876 0.11839323467230443 0.10542635658914719
0 0.4126849894291754 0.6990838618745595 0.12431289640591961 0.10373502466525725
0 0.22241014799154332 0.7887244538407328 0.16744186046511625 0.10260747004933046
0 0.3902748414376321 0.791261451726568 0.17082452431289635 0.11331923890063429
0 0.19957716701902745 0.8828752642706131 0.10993657505285412 0.09922480620155041
0 0.3109936575052854 0.88907681465821 0.11627906976744183 0.10147991543340383
0 0.421353065539112 0.896124031007752 0.10613107822410149 0.09415081042988019
0 0.2342642706131078 0.9615278365045806 0.1674714587737844 0.07161099365750533
0 0.39929386892177593 0.9620916138125439 0.1694122621564482 0.07048343904157871
0 0.5397463002114165 0.9764679351656096 0.11289640591966173 0.041730796335447545
0 0.6898520084566596 0.9849245947850598 0.18477801268498945 0.024817477096547007
0 0.7183932346723043 0.9285412262156448 0.12938689217758986 0.10147991543340368
0 0.5651162790697675 0.9186751233262861 0.18224101479915436 0.1088090204369273
0 0.5659619450317124 0.8222692036645525 0.1822410147991543 0.10768146582100067
0 0.7196617336152219 0.8335447498238194 0.1268498942917547 0.11219168428470751
0 0.5338266384778012 0.719661733615222 0.11966173361522198 0.10542635658914734
0 0.6906976744186045 0.7224806201550387 0.19830866807610995 0.10993657505285409
0 0.5317124735729386 0.6136715997181114 0.118816067653277 0.10655391120507397
0 0.6879492600422832 0.6122621564482028 0.19450317124735728 0.11388301620859761
0 0.5610993657505284 0.4969696969696969 0.1877378435517971 0.13023255813953483
0 0.7213530655391119 0.4935870331219168 0.13361522198731496 0.12797744890768142
0 0.5674418604651161 0.3819591261451726 0.19365750528541223 0.12346723044397459
0 0.7295983086680761 0.3785764622973925 0.1340380549682875 0.12346723044397459
0 0.6955602536997885 0.2559548978153629 0.20718816067653278 0.12854122621564482
0 0.6961945031712473 0.1274136715997181 0.2084566596194503 0.14432699083861872
