0 0.21042084168336672 0.8073394495412844 0.21643286573146292 0.1743119266055046
0 0.20040080160320642 0.6513761467889908 0.19238476953907815 0.1743119266055046
0 0.21743486973947895 0.4873853211009174 0.20240480961923848 0.1628440366972477
0 0.218436873747495 0.3291284403669725 0.20440881763527055 0.17660550458715596
0 0.21943887775551102 0.17545871559633028 0.23046092184368738 0.19036697247706422
0 0.42384769539078154 0.16055045871559634 0.18637274549098196 0.16055045871559634
0 0.6162324649298597 0.14564220183486237 0.19839679358717435 0.18577981651376146
0 0.8056112224448898 0.1720183486238532 0.1963927855711423 0.1559633027522936
0 0.8066132264529058 0.33371559633027525 0.19839679358717435 0.16743119266055045
0 0.6222444889779559 0.3084862385321101 0.21442885771543085 0.19954128440366972
0 0.41783567134268534 0.32339449541284404 0.19438877755511022 0.1651376146788991
0 0.40681362725450904 0.4782110091743119 0.1963927855711423 0.1536697247706422
0 0.3897795591182365 0.6422018348623854 0.19438877755511022 0.1743119266055046
0 0.5961923847695391 0.6444954128440367 0.22645290581162325 0.1651376146788991
0 0.5991983967935872 0.481651376146789 0.22845691382765532 0.1743119266055046
0 0.8016032064128257 0.48853211009174313 0.19238476953907815 0.15137614678899083
0 0.8006012024048096 0.6444954128440367 0.1903807615230461 0.16055045871559634
0 0.7975951903807615 0.7901376146788991 0.1843687374749499 0.1353211009174312
0 0.6112224448897795 0.8027522935779816 0.20040080160320642 0.16972477064220184
0 0.40981963927855714 0.8119266055045872 0.20641282565130262 0.16972477064220184
0 0.05410821643286573 0.7522935779816514 0.10821643286573146 0.10550458715596331
0 0.05811623246492986 0.661697247706422 0.09218436873747494 0.08486238532110092
