0 0.753 0.2927927927927928 0.494 0.21021021021021022
0 0.811 0.47297297297297297 0.318 0.1921921921921922
0 0.582 0.4542042042042042 0.18 0.17267267267267267
0 0.709 0.6246246246246246 0.434 0.2132132132132132
0 0.937 0.5968468468468469 0.078 0.15765765765765766
0 0.759 0.7807807807807807 0.302 0.2072072072072072
0 0.549 0.7394894894894894 0.182 0.18768768768768768
0 0.692 0.8963963963963963 0.444 0.2072072072072072
0 0.899 0.8558558558558559 0.098 0.17717717717717718
0 0.816 0.12987987987987987 0.368 0.15765765765765766
0 0.473 0.12462462462462462 0.318 0.2012012012012012
0 0.371 0.30105105105105107 0.29 0.15465465465465467
0 0.413 0.44894894894894893 0.178 0.15315315315315314
0 0.272 0.4346846846846847 0.128 0.14564564564564564
0 0.262 0.1478978978978979 0.104 0.15465465465465467
0 0.153 0.1614114114114114 0.11 0.14264264264264265
0 0.124 0.2972972972972973 0.212 0.13213213213213212
0 0.159 0.4219219219219219 0.11 0.13213213213213212
0 0.053 0.41291291291291293 0.102 0.12312312312312312
0 0.363 0.575075075075075 0.274 0.16216216216216217
0 0.125 0.5367867867867868 0.214 0.13963963963963963
0 0.391 0.7117117117117117 0.15 0.16216216216216217
0 0.27 0.6794294294294294 0.136 0.15465465465465467
0 0.159 0.6516516516516516 0.09 0.12912912912912913
0 0.069 0.6298798798798799 0.094 0.12462462462462462
0 0.354 0.8243243243243243 0.26 0.1831831831831832
0 0.125 0.7492492492492493 0.198 0.15915915915915915
0 0.526 0.9564564564564565 0.152 0.08708708708708708
0 0.36 0.9294294294294294 0.144 0.14114114114114115
0 0.251 0.9144144144144144 0.122 0.17117117117117117
0 0.149 0.8963963963963963 0.082 0.2072072072072072
0 0.07 0.8671171171171171 0.076 0.2147147147147147
