0 0.795 0.8324468085106383 0.214 0.15425531914893617
0 0.868 0.6808510638297872 0.1 0.15425531914893617
0 0.586 0.8178191489361702 0.204 0.21010638297872342
0 0.713 0.6728723404255319 0.218 0.20212765957446807
0 0.538 0.6781914893617021 0.092 0.17553191489361702
0 0.539 0.5518617021276596 0.114 0.08776595744680851
0 0.662 0.5571808510638298 0.128 0.08776595744680851
0 0.848 0.5531914893617021 0.176 0.10638297872340426
0 0.864 0.4747340425531915 0.136 0.10372340425531915
0 0.724 0.4640957446808511 0.164 0.10372340425531915
0 0.561 0.4654255319148936 0.154 0.09042553191489362
0 0.832 0.3470744680851064 0.26 0.1622340425531915
0 0.601 0.3617021276595745 0.234 0.11702127659574468
0 0.378 0.625 0.112 0.11170212765957446
0 0.362 0.5678191489361702 0.084 0.09840425531914894
0 0.617 0.261968085106383 0.162 0.125
0 0.718 0.25 0.06 0.09042553191489362
0 0.805 0.2473404255319149 0.114 0.05319148936170213
0 0.838 0.1529255319148936 0.092 0.1356382978723404
0 0.251 0.7007978723404256 0.178 0.1356382978723404
0 0.766 0.15558510638297873 0.068 0.13031914893617022
0 0.674 0.1502659574468085 0.136 0.1196808510638298
0 0.753 0.05585106382978723 0.11 0.07446808510638298
0 0.818 0.05452127659574468 0.02 0.07180851063829788
0 0.643 0.061170212765957445 0.066 0.0797872340425532
0 0.587 0.1529255319148936 0.046 0.09840425531914894
0 0.593 0.06382978723404255 0.034 0.07446808510638298
0 0.614 0.014627659574468085 0.06 0.02925531914893617
0 0.688 0.009308510638297872 0.064 0.018617021276595744
0 0.772 0.011968085106382979 0.096 0.023936170212765957
0 0.136 0.6941489361702128 0.092 0.09574468085106383
0 0.234 0.6183510638297872 0.18 0.11436170212765957
0 0.337 0.5132978723404256 0.114 0.10106382978723404
0 0.198 0.5611702127659575 0.176 0.0797872340425532
0 0.053 0.6901595744680851 0.09 0.07712765957446809
0 0.074 0.6223404255319149 0.148 0.09042553191489362
0 0.06 0.5558510638297872 0.104 0.07446808510638298
0 0.351 0.45345744680851063 0.054 0.08776595744680851
0 0.345 0.39228723404255317 0.074 0.07712765957446809
0 0.214 0.4162234042553192 0.192 0.09840425531914894
0 0.237 0.488031914893617 0.182 0.11436170212765957
0 0.086 0.49867021276595747 0.14 0.07712765957446809
0 0.981 0.47074468085106386 0.038 0.13829787234042554
0 0.971 0.574468085106383 0.058 0.16489361702127658
0 0.218 0.3351063829787234 0.188 0.11170212765957446
0 0.35 0.3257978723404255 0.084 0.08776595744680851
0 0.072 0.4228723404255319 0.116 0.07446808510638298
0 0.068 0.3404255319148936 0.124 0.11170212765957446
0 0.176 0.23670212765957446 0.104 0.07446808510638298
0 0.184 0.27925531914893614 0.096 0.031914893617021274
0 0.065 0.261968085106383 0.13 0.09840425531914894
0 0.083 0.18617021276595744 0.166 0.06914893617021277
0 0.027 0.11569148936170212 0.054 0.07712765957446809
0 0.43 0.4800531914893617 0.108 0.07180851063829788
0 0.44 0.523936170212766 0.092 0.06914893617021277
0 0.434 0.41888297872340424 0.096 0.07180851063829788
0 0.444 0.3617021276595745 0.076 0.05851063829787234
0 0.469 0.300531914893617 0.11 0.05851063829787234
0 0.468 0.24867021276595744 0.108 0.06648936170212766
0 0.353 0.24867021276595744 0.118 0.07180851063829788
0 0.448 0.19281914893617022 0.04 0.04521276595744681
0 0.359 0.19281914893617022 0.138 0.061170212765957445
0 0.408 0.02925531914893617 0.076 0.05851063829787234
0 0.5 0.02526595744680851 0.108 0.05053191489361702
0 0.508 0.07313829787234043 0.108 0.06648936170212766
0 0.514 0.14627659574468085 0.064 0.0851063829787234
0 0.361 0.14361702127659576 0.138 0.05319148936170213
0 0.249 0.1875 0.086 0.05053191489361702
0 0.256 0.2327127659574468 0.076 0.06648936170212766
0 0.249 0.14893617021276595 0.086 0.031914893617021274
0 0.188 0.1875 0.044 0.034574468085106384
0 0.443 0.5771276595744681 0.082 0.05319148936170213
