0 0.035864978902953586 0.14140625 0.07172995780590717 0.2078125
0 0.25316455696202533 0.1296875 0.35443037974683544 0.2125
0 0.6128691983122363 0.12734375 0.35654008438818563 0.2109375
0 0.8924050632911392 0.1328125 0.21518987341772153 0.21875
0 0.0379746835443038 0.34140625 0.0759493670886076 0.1984375
0 0.2468354430379747 0.33046875 0.350210970464135 0.2046875
0 0.5991561181434599 0.3328125 0.35443037974683544 0.20625
0 0.8850210970464135 0.3421875 0.229957805907173 0.20625
0 0.8829113924050633 0.53828125 0.23417721518987342 0.1890625
0 0.5959915611814346 0.5328125 0.34810126582278483 0.19375
0 0.2489451476793249 0.521875 0.3459915611814346 0.1875
0 0.04219409282700422 0.5359375 0.08438818565400844 0.190625
0 0.039029535864978905 0.71875 0.07805907172995781 0.18125
0 0.2468354430379747 0.70390625 0.350210970464135 0.1796875
0 0.5907172995780591 0.71953125 0.350210970464135 0.1859375
0 0.8818565400843882 0.721875 0.23628691983122363 0.1875
0 0.043248945147679324 0.8984375 0.08649789029535865 0.175
0 0.2510548523206751 0.8859375 0.3291139240506329 0.18125
0 0.5917721518987342 0.89921875 0.34810126582278483 0.1859375
0 0.8829113924050633 0.89765625 0.23417721518987342 0.1734375
0 0.26476793248945146 0.98359375 0.35232067510548526 0.0328125
0 0.8850210970464135 0.9859375 0.229957805907173 0.028125
