0 0.124 0.14560862865947613 0.184 0.23882896764252695
0 0.31 0.1440677966101695 0.196 0.23882896764252695
0 0.498 0.1448382126348228 0.188 0.24036979969183359
0 0.688 0.14329738058551617 0.192 0.23728813559322035
0 0.88 0.14560862865947613 0.196 0.24191063174114022
0 0.882 0.3852080123266564 0.192 0.23420647149460708
0 0.691 0.3813559322033898 0.19 0.23882896764252695
0 0.498 0.38212634822804314 0.196 0.23728813559322035
0 0.311 0.38212634822804314 0.194 0.23728813559322035
0 0.124 0.3844375963020031 0.184 0.24191063174114022
0 0.124 0.6248073959938367 0.184 0.23882896764252695
0 0.307 0.6240369799691834 0.186 0.23728813559322035
0 0.498 0.6217257318952234 0.196 0.23882896764252695
0 0.691 0.6186440677966102 0.19 0.2357473035439137
0 0.88 0.6217257318952234 0.188 0.24191063174114022
0 0.876 0.8590138674884438 0.196 0.24499229583975346
0 0.689 0.8590138674884438 0.194 0.23882896764252695
0 0.498 0.8597842835130971 0.196 0.23420647149460708
0 0.315 0.8628659476117103 0.194 0.24036979969183359
0 0.127 0.8651771956856703 0.194 0.24499229583975346
