0 0.5181818181818182 0.013636363636363636 0.18787878787878787 0.02727272727272727
0 0.7515151515151515 0.045454545454545456 0.2909090909090909 0.09090909090909091
0 0.7272727272727273 0.1431818181818182 0.30303030303030304 0.18636363636363637
0 0.4393939393939394 0.08863636363636364 0.296969696969697 0.17727272727272728
0 0.15151515151515152 0.0659090909090909 0.30303030303030304 0.1318181818181818
0 0.10606060606060606 0.18863636363636363 0.21212121212121213 0.17727272727272728
0 0.3575757575757576 0.22045454545454546 0.30303030303030304 0.18636363636363637
0 0.6909090909090909 0.2840909090909091 0.3878787878787879 0.18636363636363637
0 0.6787878787878788 0.425 0.3878787878787879 0.19545454545454546
0 0.3393939393939394 0.37272727272727274 0.2909090909090909 0.18181818181818182
0 0.09393939393939393 0.3477272727272727 0.18787878787878787 0.17727272727272728
0 0.0696969696969697 0.509090909090909 0.1393939393939394 0.17272727272727273
0 0.28484848484848485 0.5272727272727272 0.30303030303030304 0.17272727272727273
0 0.6393939393939394 0.575 0.4666666666666667 0.18636363636363637
0 0.051515151515151514 0.675 0.10303030303030303 0.16818181818181818
0 0.2515151515151515 0.6863636363636364 0.296969696969697 0.17272727272727273
0 0.6181818181818182 0.7295454545454545 0.46060606060606063 0.1590909090909091
0 0.6181818181818182 0.884090909090909 0.4727272727272727 0.1590909090909091
0 0.03939393939393939 0.8454545454545455 0.07878787878787878 0.17272727272727273
0 0.22727272727272727 0.8545454545454545 0.3090909090909091 0.16363636363636364
0 0.030303030303030304 0.9659090909090909 0.06060606060606061 0.06818181818181818
0 0.22727272727272727 0.9681818181818181 0.3333333333333333 0.06363636363636363
0 0.6727272727272727 0.9840909090909091 0.4 0.031818181818181815
