0 0.181 0.098 0.282 0.196
0 0.328 0.109 0.016 0.158
0 0.438 0.13 0.188 0.2
0 0.641 0.123 0.198 0.198
0 0.86 0.12 0.22 0.212
0 0.166 0.303 0.248 0.234
0 0.41 0.306 0.244 0.244
0 0.632 0.321 0.192 0.198
0 0.836 0.321 0.228 0.21
0 0.171 0.531 0.234 0.226
0 0.406 0.535 0.236 0.234
0 0.626 0.511 0.196 0.19
0 0.825 0.515 0.218 0.202
0 0.172 0.743 0.232 0.234
0 0.4 0.751 0.224 0.23
0 0.178 0.915 0.22 0.166
0 0.4 0.889 0.228 0.218
0 0.519 0.693 0.014 0.178
0 0.622 0.694 0.188 0.188
0 0.814 0.701 0.204 0.194
0 0.608 0.872 0.184 0.18
0 0.796 0.879 0.196 0.186
0 0.933 0.487 0.022 0.142
0 0.926 0.626 0.032 0.14
0 0.914 0.758 0.036 0.132
