0 0.801 0.18436578171091444 0.198 0.17994100294985252
0 0.771 0.3141592920353982 0.17 0.17994100294985252
0 0.61 0.17994100294985252 0.156 0.16519174041297935
0 0.616 0.33185840707964603 0.156 0.16224188790560473
0 0.613 0.471976401179941 0.15 0.12389380530973451
0 0.765 0.4557522123893805 0.154 0.15634218289085547
0 0.443 0.17994100294985252 0.158 0.16519174041297935
0 0.444 0.31563421828908556 0.156 0.1592920353982301
0 0.445 0.443952802359882 0.154 0.16224188790560473
0 0.457 0.5530973451327433 0.142 0.17404129793510326
0 0.457 0.6932153392330384 0.134 0.10619469026548672
0 0.463 0.7949852507374632 0.122 0.10324483775811209
0 0.459 0.8923303834808259 0.13 0.10914454277286136
0 0.306 0.7359882005899705 0.156 0.2153392330383481
0 0.314 0.8539823008849557 0.156 0.18584070796460178
0 0.761 0.5899705014749262 0.146 0.12389380530973451
0 0.616 0.5929203539823009 0.148 0.12389380530973451
0 0.618 0.7050147492625368 0.14 0.11209439528023599
0 0.754 0.7064896755162242 0.14 0.12094395280235988
0 0.616 0.8067846607669616 0.136 0.10914454277286136
0 0.613 0.9100294985250738 0.134 0.10324483775811209
0 0.747 0.8141592920353983 0.134 0.10029498525073746
0 0.741 0.9129793510324484 0.13 0.10324483775811209
0 0.893 0.7109144542772862 0.158 0.14749262536873156
0 0.869 0.9203539823008849 0.138 0.10619469026548672
0 0.876 0.8200589970501475 0.144 0.10029498525073746
0 0.923 0.3230088495575221 0.15 0.17994100294985252
0 0.915 0.4631268436578171 0.162 0.1592920353982301
0 0.911 0.5958702064896755 0.174 0.16519174041297935
