0 0.13333333333333333 0.19333333333333333 0.26666666666666666 0.38666666666666666
0 0.14 0.58 0.28 0.44
0 0.15 0.84 0.3 0.32
0 0.39 0.83 0.19333333333333333 0.2866666666666667
0 0.5833333333333334 0.8266666666666667 0.19333333333333333 0.28
0 0.37333333333333335 0.53 0.2 0.3
0 0.37666666666666665 0.20333333333333334 0.20666666666666667 0.34
0 0.8 0.5333333333333333 0.2 0.32
0 0.5933333333333334 0.5333333333333333 0.2 0.30666666666666664
0 0.59 0.2 0.20666666666666667 0.36
0 0.82 0.19333333333333333 0.22666666666666666 0.37333333333333335
0 0.7733333333333333 0.83 0.2 0.2733333333333333
0 0.9366666666666666 0.8333333333333334 0.12666666666666668 0.28
0 0.95 0.5333333333333333 0.1 0.32
0 0.9633333333333334 0.19333333333333333 0.07333333333333333 0.36
