0 0.8433333333333334 0.14666666666666667 0.31333333333333335 0.29333333333333333
0 0.4033333333333333 0.16666666666666666 0.3933333333333333 0.3333333333333333
0 0.11333333333333333 0.17 0.22666666666666666 0.34
0 0.9366666666666666 0.44333333333333336 0.12666666666666668 0.34
0 0.7233333333333334 0.44666666666666666 0.31333333333333335 0.3333333333333333
0 0.4033333333333333 0.49333333333333335 0.32666666666666666 0.3466666666666667
0 0.93 0.7566666666666667 0.14 0.3
0 0.7133333333333334 0.7533333333333333 0.29333333333333333 0.29333333333333333
0 0.4166666666666667 0.82 0.32666666666666666 0.32
0 0.13666666666666666 0.49666666666666665 0.2733333333333333 0.31333333333333335
0 0.14 0.7766666666666666 0.28 0.2866666666666667
