0 0.774 0.06212574850299401 0.32 0.12125748502994012
0 0.958 0.059880239520958084 0.084 0.11676646706586827
0 0.925 0.19086826347305388 0.142 0.15718562874251496
0 0.918 0.3383233532934132 0.164 0.15568862275449102
0 0.907 0.4782934131736527 0.186 0.14820359281437126
0 0.898 0.6152694610778443 0.204 0.1437125748502994
0 0.974 0.7582335329341318 0.036 0.13622754491017963
0 0.963 0.8802395209580839 0.074 0.12574850299401197
0 0.875 0.7470059880239521 0.202 0.1347305389221557
0 0.853 0.8675149700598802 0.182 0.1092814371257485
0 0.681 0.8705089820359282 0.194 0.13323353293413173
0 0.688 0.7417664670658682 0.192 0.13023952095808383
0 0.711 0.6092814371257484 0.194 0.1347305389221557
0 0.728 0.47604790419161674 0.2 0.1437125748502994
0 0.528 0.48353293413173654 0.2 0.1467065868263473
0 0.533 0.33532934131736525 0.21 0.15868263473053892
0 0.743 0.3315868263473054 0.222 0.15718562874251496
0 0.769 0.17739520958083832 0.214 0.1661676646706587
0 0.545 0.17664670658682635 0.254 0.17964071856287425
0 0.318 0.30763473053892215 0.204 0.1601796407185629
0 0.109 0.2971556886227545 0.218 0.1691616766467066
0 0.114 0.4513473053892216 0.208 0.14520958083832336
0 0.33484816753926705 0.45542684264977895 0.21430366492146602 0.1503746433833903
0 0.316 0.6043789384581623 0.216 0.1475295482333762
0 0.1130344827586207 0.5990604996902746 0.2020689655172414 0.1491843898410076
0 0.007 0.4535928143712575 0.014 0.1437125748502994
0 0.108 0.7417664670658682 0.212 0.14520958083832336
0 0.313 0.7477544910179641 0.206 0.14520958083832336
0 0.523 0.6235029940119761 0.206 0.14820359281437126
0 0.514 0.7582335329341318 0.192 0.12425149700598802
0 0.499 0.8809880239520959 0.194 0.13323353293413173
0 0.30732984293193716 0.8848559425651314 0.1946596858638743 0.12849170768410834
0 0.11613612565445024 0.8794910179640718 0.20427225130890048 0.12425149700598802
0 0.01 0.8877245508982036 0.02 0.1317365269461078
