0 0.238 0.7666666666666667 0.476 0.4666666666666667
0 0.238 0.304 0.476 0.608
0 0.56 0.06 0.172 0.12
0 0.552 0.30133333333333334 0.156 0.448
0 0.554 0.7106666666666667 0.156 0.4613333333333333
0 0.547 0.908 0.162 0.184
0 0.695 0.10666666666666667 0.13 0.21333333333333335
0 0.688 0.3586666666666667 0.112 0.34933333333333333
0 0.683 0.6773333333333333 0.11 0.3626666666666667
0 0.684 0.884 0.112 0.232
0 0.792 0.11066666666666666 0.092 0.22133333333333333
0 0.79 0.3586666666666667 0.12 0.2906666666666667
0 0.781 0.636 0.094 0.27466666666666667
0 0.779 0.8613333333333333 0.09 0.2773333333333333
0 0.873 0.14 0.098 0.18933333333333333
0 0.871 0.30133333333333334 0.086 0.16533333333333333
0 0.865 0.4666666666666667 0.07 0.16533333333333333
0 0.841 0.6306666666666667 0.046 0.17333333333333334
0 0.88 0.034666666666666665 0.084 0.06933333333333333
