0 0.177 0.13568215892053972 0.354 0.27136431784107945
0 0.135 0.3815592203898051 0.27 0.2353823088455772
0 0.407 0.3815592203898051 0.31 0.22338830584707647
0 0.188 0.5952023988005997 0.376 0.20689655172413793
0 0.16 0.7743628185907047 0.296 0.18140929535232383
0 0.431 0.7353823088455772 0.266 0.22938530734632684
0 0.228 0.9212893553223388 0.344 0.15442278860569716
0 0.629 0.8973013493253373 0.322 0.15442278860569716
0 0.517 0.022488755622188907 0.542 0.044977511244377814
0 0.659 0.14617691154422788 0.422 0.25337331334332835
0 0.705 0.3793103448275862 0.294 0.2158920539730135
0 0.425 0.545727136431784 0.098 0.10494752623688156
0 0.646 0.5779610194902549 0.36 0.19640179910044978
0 0.683 0.7466266866566716 0.25 0.17091454272863568
0 0.931 0.021739130434782608 0.138 0.043478260869565216
0 0.922 0.15667166416791603 0.152 0.24737631184407796
0 0.912 0.38455772113943026 0.172 0.20839580209895053
0 0.904 0.5742128935532234 0.188 0.18290854572713644
0 0.895 0.7383808095952024 0.206 0.1634182908545727
0 0.889 0.8740629685157422 0.218 0.1409295352323838
