0 0.715 0.5188953488372093 0.514 0.4738372093023256
0 0.855 0.47674418604651164 0.29 0.436046511627907
0 0.706 0.7063953488372093 0.504 0.4883720930232558
0 0.968 0.7848837209302325 0.064 0.20348837209302326
0 0.68 0.7892441860465116 0.46 0.42151162790697677
0 0.496 0.8517441860465116 0.092 0.29651162790697677
0 0.806 0.07122093023255814 0.24 0.14244186046511628
0 0.82 0.20494186046511628 0.236 0.15988372093023256
0 0.58 0.22093023255813954 0.252 0.1569767441860465
0 0.559 0.0755813953488372 0.266 0.1511627906976744
0 0.276 0.08430232558139535 0.308 0.1686046511627907
0 0.316 0.24273255813953487 0.28 0.17732558139534885
0 0.32 0.39244186046511625 0.276 0.1744186046511628
0 0.324 0.5276162790697675 0.26 0.15988372093023256
0 0.33 0.6468023255813954 0.24 0.15406976744186046
0 0.334 0.7558139534883721 0.228 0.14534883720930233
0 0.344 0.8517441860465116 0.216 0.14534883720930233
0 0.114 0.9127906976744186 0.228 0.1511627906976744
0 0.114 0.8052325581395349 0.228 0.1511627906976744
0 0.105 0.688953488372093 0.21 0.1686046511627907
0 0.096 0.559593023255814 0.192 0.15988372093023256
0 0.096 0.4171511627906977 0.192 0.17732558139534885
0 0.079 0.2601744186046512 0.158 0.17732558139534885
0 0.07 0.09011627906976744 0.14 0.18023255813953487
