0 0.05952380952380952 0.18636363636363637 0.11904761904761904 0.35454545454545455
0 0.23639455782312926 0.19545454545454546 0.3299319727891156 0.39090909090909093
0 0.5935374149659864 0.22045454545454546 0.41156462585034015 0.4409090909090909
0 0.8928571428571429 0.22727272727272727 0.21428571428571427 0.45454545454545453
0 0.11224489795918367 0.525 0.22448979591836735 0.32272727272727275
0 0.022108843537414966 0.5522727272727272 0.04421768707482993 0.21363636363636362
0 0.30272108843537415 0.5477272727272727 0.22448979591836735 0.35
0 0.5221088435374149 0.5954545454545455 0.23469387755102042 0.35454545454545455
0 0.7738095238095238 0.5863636363636363 0.29591836734693877 0.4636363636363636
0 0.9404761904761905 0.6386363636363637 0.11904761904761904 0.37727272727272726
0 0.08503401360544217 0.7977272727272727 0.17006802721088435 0.29545454545454547
0 0.2857142857142857 0.8363636363636363 0.2925170068027211 0.32727272727272727
0 0.5918367346938775 0.865909090909091 0.3197278911564626 0.2681818181818182
0 0.8758503401360545 0.8727272727272727 0.24829931972789115 0.2545454545454545
0 0.04591836734693878 0.9477272727272728 0.09183673469387756 0.10454545454545454
0 0.1683673469387755 0.9590909090909091 0.18027210884353742 0.08181818181818182
0 0.33503401360544216 0.9772727272727273 0.1598639455782313 0.045454545454545456
