0 0.597 0.2807807807807808 0.142 0.1891891891891892
0 0.738 0.28378378378378377 0.14 0.1891891891891892
0 0.456 0.2822822822822823 0.144 0.1921921921921922
0 0.315 0.2822822822822823 0.142 0.1921921921921922
0 0.241 0.4594594594594595 0.146 0.2042042042042042
0 0.381 0.46996996996997 0.142 0.1831831831831832
0 0.522 0.46846846846846846 0.144 0.18618618618618618
0 0.66 0.46846846846846846 0.14 0.18618618618618618
0 0.796 0.4624624624624625 0.14 0.1981981981981982
0 0.921 0.3258258258258258 0.154 0.11711711711711711
0 0.922 0.43093093093093093 0.152 0.12912912912912913
0 0.931 0.5405405405405406 0.138 0.13213213213213212
0 0.94 0.6561561561561562 0.096 0.09309309309309309
0 0.832 0.6306306306306306 0.14 0.1981981981981982
0 0.697 0.6531531531531531 0.138 0.17717717717717718
0 0.563 0.6531531531531531 0.13 0.17717717717717718
0 0.428 0.6516516516516516 0.14 0.18018018018018017
0 0.297 0.6501501501501501 0.142 0.17717717717717718
0 0.164 0.6321321321321322 0.136 0.2132132132132132
0 0.173 0.8198198198198198 0.138 0.16816816816816818
0 0.303 0.8243243243243243 0.134 0.16516516516516516
0 0.434 0.8213213213213213 0.136 0.17117117117117117
0 0.566 0.8198198198198198 0.132 0.16216216216216217
0 0.694 0.8198198198198198 0.136 0.16816816816816818
0 0.823 0.8168168168168168 0.138 0.18018018018018017
0 0.688 0.948948948948949 0.128 0.0960960960960961
0 0.813 0.9504504504504504 0.134 0.0990990990990991
0 0.563 0.9459459459459459 0.126 0.1021021021021021
0 0.435 0.948948948948949 0.134 0.1021021021021021
0 0.31 0.9519519519519519 0.132 0.09009009009009009
0 0.18 0.948948948948949 0.132 0.0960960960960961
