0 0.895 0.184 0.034 0.10133333333333333
0 0.952 0.18533333333333332 0.096 0.10933333333333334
0 0.982 0.328 0.036 0.176
0 0.918 0.5066666666666667 0.164 0.176
0 0.975 0.6773333333333333 0.05 0.16
0 0.98 0.9573333333333334 0.04 0.08533333333333333
0 0.842 0.6693333333333333 0.216 0.17066666666666666
0 0.93 0.836 0.14 0.16266666666666665
0 0.724 0.14133333333333334 0.328 0.192
0 0.466 0.03333333333333333 0.204 0.06666666666666667
0 0.266 0.04 0.2 0.08
0 0.086 0.037333333333333336 0.172 0.07466666666666667
0 0.407 0.156 0.306 0.19466666666666665
0 0.132 0.16533333333333333 0.264 0.16533333333333333
0 0.857 0.328 0.226 0.18133333333333335
0 0.644 0.32 0.196 0.176
0 0.449 0.33466666666666667 0.19 0.16266666666666665
0 0.258 0.332 0.184 0.168
0 0.082 0.32666666666666666 0.164 0.168
0 0.687 0.496 0.294 0.18133333333333335
0 0.638 0.6573333333333333 0.2 0.168
0 0.71 0.8333333333333334 0.3 0.19466666666666665
0 0.393 0.5 0.29 0.168
0 0.442 0.6533333333333333 0.184 0.15466666666666667
0 0.257 0.6453333333333333 0.178 0.16
0 0.126 0.484 0.252 0.16266666666666665
0 0.085 0.6333333333333333 0.17 0.15733333333333333
0 0.418 0.804 0.284 0.15733333333333333
0 0.143 0.7826666666666666 0.27 0.16266666666666665
0 0.864 0.9493333333333334 0.212 0.10133333333333333
0 0.658 0.9426666666666667 0.2 0.11466666666666667
0 0.43 0.9346666666666666 0.184 0.13066666666666665
0 0.25 0.9293333333333333 0.172 0.14133333333333334
0 0.08 0.92 0.16 0.16
0 0.694 0.03333333333333333 0.24 0.034666666666666665
0 0.907 0.076 0.186 0.11466666666666667
