0 0.354 0.042666666666666665 0.2 0.08533333333333333
0 0.389 0.192 0.182 0.208
0 0.571 0.19733333333333333 0.178 0.21866666666666668
0 0.738 0.20666666666666667 0.18 0.20533333333333334
0 0.199 0.18 0.206 0.232
0 0.247 0.3893333333333333 0.278 0.192
0 0.469 0.39466666666666667 0.17 0.18666666666666668
0 0.678 0.39466666666666667 0.248 0.18666666666666668
0 0.225 0.5773333333333334 0.186 0.17866666666666667
0 0.4 0.5786666666666667 0.16 0.176
0 0.561 0.572 0.158 0.168
0 0.713 0.568 0.158 0.16
0 0.646 0.7253333333333334 0.224 0.15466666666666667
0 0.457 0.7346666666666667 0.146 0.152
0 0.255 0.74 0.25 0.17866666666666667
0 0.684 0.8613333333333333 0.144 0.16533333333333333
0 0.542 0.88 0.144 0.16
0 0.393 0.8893333333333333 0.15 0.15733333333333333
0 0.238 0.9053333333333333 0.168 0.16266666666666665
0 0.013 0.11066666666666666 0.026 0.072
0 0.015 0.17066666666666666 0.03 0.048
0 0.018 0.216 0.036 0.048
0 0.022 0.256 0.044 0.042666666666666665
0 0.025 0.2813333333333333 0.05 0.018666666666666668
