0 0.174 0.1036036036036036 0.156 0.2072072072072072
0 0.406 0.09009009009009009 0.308 0.18018018018018017
0 0.597 0.06156156156156156 0.078 0.12312312312312312
0 0.811 0.08183183183183183 0.37 0.16066066066066065
0 0.992 0.10810810810810811 0.016 0.1021021021021021
0 0.971 0.2635135135135135 0.058 0.2087087087087087
0 0.893 0.2515015015015015 0.17 0.23573573573573572
0 0.645 0.22597597597597596 0.394 0.2627627627627628
0 0.354 0.2552552552552553 0.204 0.2072072072072072
0 0.18 0.2695195195195195 0.148 0.17867867867867868
0 0.183 0.44069069069069067 0.158 0.16666666666666666
0 0.187 0.5945945945945946 0.154 0.17717717717717718
0 0.057 0.5615615615615616 0.106 0.15915915915915915
0 0.057 0.6951951951951952 0.094 0.15015015015015015
0 0.055 0.8168168168168168 0.098 0.17717717717717718
0 0.106 0.8506006006006006 0.048 0.13663663663663664
0 0.243 0.9369369369369369 0.298 0.12612612612612611
0 0.502 0.9722222222222222 0.116 0.052552552552552555
0 0.407 0.9496996996996997 0.09 0.1006006006006006
0 0.647 0.8768768768768769 0.374 0.24624624624624625
0 0.37 0.8190690690690691 0.2 0.25075075075075076
0 0.632 0.6959459459459459 0.372 0.2807807807807808
0 0.36 0.6351351351351351 0.204 0.21921921921921922
0 0.356 0.4519519519519519 0.188 0.1981981981981982
0 0.634 0.47372372372372373 0.384 0.24774774774774774
0 0.882 0.48123123123123124 0.164 0.22372372372372373
0 0.874 0.6959459459459459 0.152 0.22972972972972974
0 0.87 0.8896396396396397 0.14 0.22072072072072071
0 0.95 0.9587087087087087 0.056 0.08258258258258258
0 0.953 0.8490990990990991 0.058 0.1996996996996997
0 0.967 0.6681681681681682 0.066 0.2072072072072072
0 0.969 0.47147147147147145 0.062 0.2042042042042042
0 0.983 0.8243243243243243 0.034 0.17117117117117117
0 0.185 0.7192192192192193 0.178 0.15015015015015015
