0 0.43 0.15915915915915915 0.304 0.2822822822822823
0 0.69 0.17117117117117117 0.224 0.23423423423423423
0 0.664 0.3993993993993994 0.228 0.2222222222222222
0 0.671 0.5960960960960962 0.218 0.1891891891891892
0 0.675 0.7597597597597597 0.214 0.17417417417417416
0 0.43 0.4114114114114114 0.256 0.24624624624624625
0 0.146 0.10960960960960961 0.288 0.21921921921921922
0 0.168 0.33483483483483484 0.288 0.2672672672672673
0 0.185 0.5735735735735735 0.27 0.25825825825825827
0 0.199 0.7912912912912913 0.262 0.2552552552552553
0 0.194 0.9324324324324325 0.268 0.13513513513513514
0 0.44 0.6306306306306306 0.256 0.24024024024024024
0 0.447 0.8288288288288288 0.246 0.2042042042042042
0 0.436 0.954954954954955 0.228 0.09009009009009009
0 0.621 0.9159159159159159 0.142 0.16216216216216217
0 0.039 0.7717717717717718 0.078 0.15015015015015015
0 0.034 0.6231231231231231 0.068 0.17717717717717718
0 0.04 0.8993993993993994 0.08 0.13513513513513514
0 0.028 0.4744744744744745 0.056 0.12612612612612611
