0 0.048 0.15558510638297873 0.096 0.18882978723404256
0 0.247 0.1077127659574468 0.302 0.2154255319148936
0 0.05 0.3098404255319149 0.1 0.17819148936170212
0 0.05 0.4627659574468085 0.1 0.16489361702127658
0 0.049 0.6223404255319149 0.098 0.1595744680851064
0 0.049 0.7805851063829787 0.098 0.1675531914893617
0 0.049 0.9202127659574468 0.098 0.1595744680851064
0 0.249 0.26861702127659576 0.306 0.21808510638297873
0 0.251 0.44148936170212766 0.31 0.20212765957446807
0 0.251 0.6196808510638298 0.31 0.18617021276595744
0 0.251 0.7978723404255319 0.306 0.2074468085106383
0 0.253 0.9295212765957447 0.31 0.1356382978723404
0 0.456 0.12898936170212766 0.12 0.18882978723404256
0 0.461 0.2859042553191489 0.126 0.17819148936170212
0 0.464 0.4454787234042553 0.124 0.1675531914893617
0 0.466 0.6103723404255319 0.12 0.1675531914893617
0 0.467 0.7712765957446809 0.126 0.18085106382978725
0 0.468 0.9148936170212766 0.128 0.1702127659574468
0 0.523 0.14760638297872342 0.026 0.15159574468085107
0 0.527 0.2978723404255319 0.018 0.14893617021276595
0 0.535 0.4428191489361702 0.018 0.15159574468085107
0 0.537 0.5930851063829787 0.022 0.15425531914893617
0 0.537 0.7486702127659575 0.022 0.15691489361702127
0 0.54 0.8962765957446809 0.02 0.14893617021276595
0 0.504 0.9933510638297872 0.044 0.013297872340425532
0 0.54 0.9853723404255319 0.024 0.02925531914893617
0 0.629 0.11037234042553191 0.202 0.2047872340425532
0 0.636 0.26728723404255317 0.212 0.19946808510638298
0 0.644 0.4295212765957447 0.204 0.17287234042553193
0 0.65 0.5904255319148937 0.208 0.1702127659574468
0 0.65 0.7593085106382979 0.204 0.17819148936170212
0 0.654 0.910904255319149 0.212 0.17819148936170212
0 0.616 0.9853723404255319 0.132 0.02925531914893617
0 0.862 0.08377659574468085 0.272 0.1675531914893617
0 0.866 0.22340425531914893 0.264 0.22340425531914893
0 0.87 0.4029255319148936 0.256 0.2047872340425532
0 0.874 0.5877659574468085 0.248 0.19148936170212766
0 0.875 0.776595744680851 0.246 0.20212765957446807
0 0.879 0.9242021276595744 0.238 0.15159574468085107
