0 0.53 0.46396396396396394 0.26 0.1891891891891892
0 0.55 0.2927927927927928 0.232 0.1831831831831832
0 0.527 0.6261261261261262 0.25 0.2012012012012012
0 0.385 0.6756756756756757 0.078 0.1981981981981982
0 0.18 0.6681681681681682 0.36 0.3813813813813814
0 0.192 0.8498498498498499 0.384 0.3003003003003003
0 0.373 0.9654654654654654 0.062 0.06906906906906907
0 0.401 0.8393393393393394 0.062 0.15315315315315314
0 0.409 0.9504504504504504 0.046 0.0990990990990991
0 0.151 0.37537537537537535 0.302 0.34234234234234234
0 0.322 0.3228228228228228 0.156 0.2012012012012012
0 0.348 0.506006006006006 0.108 0.17117117117117117
0 0.135 0.12012012012012012 0.27 0.24024024024024024
0 0.375 0.12762762762762764 0.182 0.24324324324324326
0 0.535 0.7942942942942943 0.226 0.22522522522522523
0 0.537 0.9129129129129129 0.214 0.17417417417417416
0 0.718 0.8663663663663663 0.156 0.19519519519519518
0 0.722 0.7372372372372372 0.156 0.1831831831831832
0 0.726 0.5975975975975976 0.156 0.16816816816816818
0 0.731 0.45645645645645644 0.158 0.16216216216216217
0 0.743 0.3003003003003003 0.162 0.16216216216216217
0 0.704 0.14264264264264265 0.208 0.17717717717717718
0 0.865 0.30180180180180183 0.102 0.13513513513513514
0 0.953 0.2972972972972973 0.094 0.13213213213213212
0 0.969 0.22072072072072071 0.062 0.05105105105105105
0 0.955 0.42792792792792794 0.09 0.12912912912912913
0 0.861 0.4369369369369369 0.114 0.14114114114114115
0 0.855 0.5630630630630631 0.114 0.14714714714714713
0 0.952 0.5525525525525525 0.096 0.12612612612612611
0 0.849 0.6951951951951952 0.106 0.14714714714714713
0 0.944 0.6756756756756757 0.096 0.13213213213213212
0 0.843 0.8093093093093093 0.102 0.15315315315315314
0 0.94 0.7732732732732732 0.104 0.14714714714714713
