0 0.835 0.146 0.29 0.188
0 0.483 0.132 0.438 0.22
0 0.209 0.139 0.126 0.186
0 0.892 0.332 0.192 0.184
0 0.697 0.334 0.214 0.188
0 0.412 0.333 0.372 0.202
0 0.186 0.306 0.076 0.172
0 0.817 0.508 0.306 0.188
0 0.462 0.512 0.42 0.212
0 0.2 0.47 0.112 0.2
0 0.862 0.673 0.196 0.174
0 0.664 0.689 0.216 0.186
0 0.389 0.676 0.35 0.24
0 0.178 0.58 0.068 0.12
0 0.463 0.873 0.362 0.222
0 0.797 0.837 0.31 0.198
0 0.863 0.86 0.17 0.116
0 0.854 0.949 0.184 0.102
0 0.65 0.957 0.176 0.086
0 0.423 0.965 0.282 0.07
