0 0.458 0.5494652406417112 0.44 0.4144385026737968
0 0.831 0.5588235294117647 0.334 0.43315508021390375
0 0.831 0.8783422459893048 0.334 0.23796791443850268
0 0.458 0.8449197860962567 0.416 0.31016042780748665
0 0.133 0.8315508021390374 0.266 0.33689839572192515
0 0.084 0.9786096256684492 0.164 0.0427807486631016
0 0.124 0.516042780748663 0.248 0.35294117647058826
0 0.12 0.17647058823529413 0.24 0.34759358288770054
0 0.458 0.17245989304812834 0.452 0.3449197860962567
0 0.838 0.17245989304812834 0.32 0.3449197860962567
