0 0.204 0.25066666666666665 0.148 0.304
0 0.342 0.24533333333333332 0.132 0.2773333333333333
0 0.475 0.25866666666666666 0.13 0.272
0 0.605 0.2733333333333333 0.13 0.2693333333333333
0 0.736 0.2653333333333333 0.132 0.27466666666666667
0 0.866 0.2653333333333333 0.128 0.2693333333333333
0 0.966 0.2653333333333333 0.068 0.27466666666666667
0 0.201 0.5373333333333333 0.142 0.27466666666666667
0 0.336 0.524 0.132 0.28
0 0.472 0.5306666666666666 0.136 0.272
0 0.604 0.5493333333333333 0.132 0.272
0 0.737 0.5413333333333333 0.134 0.272
0 0.868 0.54 0.136 0.28
0 0.965 0.5386666666666666 0.07 0.272
0 0.204 0.8093333333333333 0.136 0.27466666666666667
0 0.338 0.8026666666666666 0.136 0.2773333333333333
0 0.475 0.8053333333333333 0.13 0.2773333333333333
0 0.606 0.8213333333333334 0.136 0.272
0 0.74 0.8213333333333334 0.14 0.2826666666666667
0 0.869 0.8186666666666667 0.126 0.2773333333333333
0 0.965 0.8173333333333334 0.07 0.2853333333333333
0 0.208 0.9746666666666667 0.136 0.050666666666666665
0 0.343 0.9706666666666667 0.134 0.058666666666666666
0 0.478 0.972 0.136 0.056
0 0.611 0.9773333333333334 0.13 0.04533333333333334
0 0.741 0.98 0.13 0.04
0 0.868 0.9786666666666667 0.124 0.042666666666666665
0 0.965 0.98 0.07 0.04
