0 0.7 0.30058651026392963 0.076 0.34310850439882695
0 0.863 0.34457478005865105 0.266 0.3489736070381232
0 0.869 0.6832844574780058 0.258 0.35777126099706746
0 0.706 0.6334310850439883 0.076 0.3519061583577713
0 0.877 0.907624633431085 0.246 0.18475073313782991
0 0.713 0.8782991202346041 0.086 0.2434017595307918
0 0.631 0.7272727272727273 0.082 0.3812316715542522
0 0.54 0.7785923753665689 0.108 0.44281524926686217
0 0.627 0.36656891495601174 0.082 0.3812316715542522
0 0.532 0.3680351906158358 0.12 0.44281524926686217
0 0.423 0.7932551319648093 0.146 0.40762463343108507
0 0.412 0.37683284457478006 0.144 0.5131964809384164
0 0.267 0.8137829912023461 0.202 0.36656891495601174
0 0.096 0.8401759530791789 0.192 0.31378299120234604
0 0.246 0.3812316715542522 0.216 0.6041055718475073
0 0.088 0.3885630498533724 0.176 0.6891495601173021
0 0.078 0.03812316715542522 0.156 0.07624633431085044
0 0.253 0.05571847507331378 0.19 0.11143695014662756
0 0.414 0.0718475073313783 0.14 0.1378299120234604
0 0.535 0.08797653958944282 0.11 0.17008797653958943
0 0.647 0.09237536656891496 0.118 0.18475073313782991
0 0.829 0.09970674486803519 0.25 0.1935483870967742
0 0.597 0.9325513196480938 0.202 0.1348973607038123
