0 0.781 0.48619329388560156 0.122 0.14398422090729784
0 0.661 0.4970414201183432 0.13 0.15384615384615385
0 0.523 0.5029585798816568 0.142 0.16173570019723865
0 0.341 0.5108481262327417 0.234 0.17357001972386588
0 0.402 0.34023668639053256 0.272 0.1755424063116371
0 0.605 0.33925049309664695 0.142 0.16568047337278108
0 0.755 0.33925049309664695 0.162 0.16173570019723865
0 0.79 0.1863905325443787 0.1 0.15976331360946747
0 0.607 0.1765285996055227 0.27 0.17159763313609466
0 0.88 0.22978303747534518 0.084 0.1203155818540434
0 0.878 0.35009861932938857 0.092 0.1242603550295858
0 0.896 0.45956607495069035 0.112 0.11439842209072978
0 0.893 0.5739644970414202 0.118 0.11834319526627218
0 0.751 0.6380670611439843 0.174 0.15976331360946747
0 0.882 0.6863905325443787 0.112 0.11834319526627218
0 0.934 0.7869822485207101 0.076 0.11045364891518737
0 0.86 0.7859960552268245 0.072 0.10059171597633136
0 0.746 0.7781065088757396 0.164 0.16370808678500987
0 0.566 0.6577909270216963 0.192 0.1834319526627219
0 0.418 0.6745562130177515 0.124 0.17357001972386588
0 0.454 0.8244575936883629 0.188 0.17357001972386588
0 0.605 0.7988165680473372 0.122 0.16568047337278108
0 0.471 0.9457593688362919 0.074 0.09664694280078895
0 0.569 0.9339250493096647 0.13 0.1242603550295858
0 0.68 0.9191321499013807 0.108 0.14990138067061143
0 0.794 0.908284023668639 0.124 0.14792899408284024
0 0.266 0.8974358974358975 0.336 0.20512820512820512
0 0.205 0.7149901380670611 0.41 0.28205128205128205
0 0.037 0.47830374753451677 0.074 0.14792899408284024
0 0.055 0.8451676528599605 0.11 0.3096646942800789
0 0.194 0.5009861932938856 0.064 0.15779092702169625
0 0.234 0.34122287968441817 0.076 0.16568047337278108
0 0.181 0.34911242603550297 0.054 0.14990138067061143
0 0.418 0.1863905325443787 0.132 0.13214990138067062
0 0.26 0.1903353057199211 0.192 0.1873767258382643
0 0.101 0.23865877712031558 0.146 0.1222879684418146
0 0.095 0.35502958579881655 0.142 0.14201183431952663
0 0.115 0.4911242603550296 0.098 0.14201183431952663
0 0.041 0.5641025641025641 0.082 0.04339250493096647
0 0.019 0.6735700197238659 0.038 0.03747534516765286
0 0.123 0.5660749506903353 0.09 0.04339250493096647
0 0.017 0.3431952662721893 0.034 0.1301775147928994
0 0.965 0.6834319526627219 0.07 0.11637080867850098
0 0.974 0.5729783037475346 0.048 0.11242603550295859
