0 0.201 0.09916666666666667 0.398 0.19833333333333333
0 0.298 0.32416666666666666 0.564 0.25833333333333336
0 0.242 0.565 0.364 0.22333333333333333
0 0.338 0.7816666666666666 0.512 0.20666666666666667
0 0.258 0.9416666666666667 0.328 0.11333333333333333
0 0.693 0.09833333333333333 0.606 0.19666666666666666
0 0.777 0.31666666666666665 0.398 0.27
0 0.687 0.5475 0.546 0.25833333333333336
0 0.771 0.7816666666666666 0.354 0.21
0 0.665 0.9383333333333334 0.498 0.12
0 0.956 0.8466666666666667 0.088 0.14333333333333334
0 0.971 0.6958333333333333 0.054 0.155
0 0.974 0.535 0.048 0.17
0 0.979 0.35583333333333333 0.042 0.18833333333333332
0 0.986 0.1575 0.028 0.20833333333333334
0 0.052 0.8666666666666667 0.104 0.16333333333333333
0 0.046 0.6991666666666667 0.092 0.17166666666666666
0 0.04 0.52 0.076 0.18666666666666668
0 0.02 0.32083333333333336 0.04 0.215
