0 0.776 0.7359550561797753 0.316 0.45746388443017655
0 0.522 0.7520064205457464 0.272 0.4478330658105939
0 0.245 0.7544141252006421 0.274 0.42375601926163725
0 0.819 0.37720706260032105 0.286 0.3306581059390048
0 0.593 0.37640449438202245 0.27 0.30337078651685395
0 0.375 0.39325842696629215 0.234 0.2953451043338684
0 0.132 0.4301765650080257 0.228 0.3434991974317817
0 0.236 0.15008025682182985 0.204 0.22953451043338685
0 0.443 0.14125200642054575 0.206 0.2247191011235955
0 0.636 0.12279293739967898 0.232 0.22632423756019263
