0 0.4708333333333333 0.306875 0.6616666666666666 0.34375
0 0.4625 0.555625 0.5316666666666666 0.15375
0 0.4666666666666667 0.6925 0.45666666666666667 0.1275
0 0.4691666666666667 0.808125 0.3983333333333333 0.11125
0 0.8475 0.508125 0.305 0.31625
0 0.835 0.70875 0.33 0.1375
0 0.8291666666666667 0.809375 0.3416666666666667 0.10625
0 0.825 0.111875 0.35 0.22375
0 0.8858333333333334 0.284375 0.22833333333333333 0.14125
0 0.14 0.79125 0.28 0.1225
0 0.13083333333333333 0.68625 0.26166666666666666 0.16
0 0.11333333333333333 0.54875 0.22666666666666666 0.19
0 0.09583333333333334 0.335 0.19166666666666668 0.305
0 0.11666666666666667 0.123125 0.23333333333333334 0.24625
0 0.37416666666666665 0.0675 0.31833333333333336 0.135
