0 0.22336065573770492 0.04230769230769231 0.3360655737704918 0.08153846153846153
0 0.5399590163934426 0.03538461538461538 0.3176229508196721 0.07076923076923076
0 0.8555327868852459 0.03769230769230769 0.2889344262295082 0.07538461538461538
0 0.2346311475409836 0.16846153846153847 0.32991803278688525 0.17384615384615384
0 0.5584016393442623 0.15923076923076923 0.3012295081967213 0.17384615384615384
0 0.8524590163934426 0.15923076923076923 0.29508196721311475 0.17076923076923076
0 0.3043032786885246 0.32769230769230767 0.4692622950819672 0.16307692307692306
0 0.764344262295082 0.31461538461538463 0.45081967213114754 0.1523076923076923
0 0.3135245901639344 0.47307692307692306 0.45081967213114754 0.16153846153846155
0 0.7540983606557377 0.4584615384615385 0.430327868852459 0.1476923076923077
0 0.27561475409836067 0.6092307692307692 0.29713114754098363 0.13846153846153847
0 0.548155737704918 0.5992307692307692 0.2807377049180328 0.14
0 0.8165983606557377 0.5915384615384616 0.2725409836065574 0.13692307692307693
0 0.2817622950819672 0.7392307692307692 0.2766393442622951 0.13692307692307693
0 0.555327868852459 0.7223076923076923 0.26639344262295084 0.13076923076923078
0 0.8155737704918032 0.713076923076923 0.2581967213114754 0.13076923076923078
0 0.35040983606557374 0.8523076923076923 0.4016393442622951 0.13230769230769232
0 0.7510245901639344 0.8276923076923077 0.39549180327868855 0.12615384615384614
0 0.35348360655737704 0.9453846153846154 0.39549180327868855 0.10923076923076923
0 0.7479508196721312 0.9315384615384615 0.3770491803278688 0.11846153846153847
