0 0.0975311950921707 0.007407407407407408 0.09261740969058042 0.014814814814814815
0 0.09172399416301856 0.12116402116402118 0.18285237797432918 0.24126984126984127
0 0.2957205396229787 0.15952380952380954 0.22573632329729887 0.23544973544973544
0 0.2882754102266298 0.03783068783068783 0.23467047857291762 0.07460317460317462
0 0.09097948122338366 0.34206349206349207 0.18136335209505938 0.23756613756613756
0 0.2689180737961226 0.37063492063492065 0.1828523779743292 0.22063492063492057
0 0.06462372316030852 0.5613756613756614 0.12805622561720123 0.21058201058201054
0 0.2654933142738021 0.5595238095238095 0.2188868042526579 0.2047619047619048
0 0.08264093629947289 0.7367724867724867 0.16468626224723784 0.2534391534391534
0 0.08264093629947289 0.9192328042328042 0.16528187259894578 0.1548677248677248
0 0.28170880609905 0.912089947089947 0.214449507132434 0.16915343915343917
0 0.3772893772893773 0.9795502645502646 0.05664254444742252 0.03423280423280422
0 0.24926293218976148 0.7547619047619049 0.16796211918163137 0.20793650793650803
0 0.43902439024390244 0.9885449735449735 0.0675422138836773 0.01624338624338615
0 0.4881026832246344 0.8986772486772486 0.20131629887727445 0.18571428571428575
0 0.5326245570148009 0.9687037037037036 0.12061109622085231 0.05592592592592591
0 0.4041216236338188 0.7166666666666667 0.15366747074064152 0.23544973544973544
0 0.5434944459334704 0.7325396825396825 0.13877721194794368 0.18042328042328043
0 0.5204145448047888 0.5658730158730159 0.20757020757020755 0.16137566137566134
0 0.437029095565681 0.38095238095238093 0.16349504154382202 0.20740740740740737
0 0.5792310670359452 0.394973544973545 0.14771136722356235 0.20052910052910056
0 0.5029929420173322 0.19259259259259262 0.197742636767027 0.21164021164021166
0 0.5092468507102653 0.0626984126984127 0.20905923344947738 0.12433862433862435
0 0.6882277613984932 0.08624338624338625 0.17391822269871052 0.17142857142857143
0 0.6898656898656899 0.23703703703703705 0.1950623901843414 0.19576719576719578
0 0.8198576491259418 0.1 0.1250781738586617 0.18624338624338624
0 0.9172399416301856 0.12089947089947091 0.10780547365913211 0.18465608465608466
0 0.8418952321391346 0.26693121693121696 0.1542630810923494 0.1687830687830688
0 0.6999910658447244 0.4193121693121693 0.12180231692426807 0.18042328042328043
0 0.8091366627951994 0.42433862433862435 0.12269573245183006 0.1777777777777778
0 0.8966913844962626 0.42486772486772484 0.10065814943863718 0.15555555555555553
0 0.8521695107060961 0.575925925925926 0.16051698978528245 0.14656084656084659
0 0.6967152089103309 0.5658730158730159 0.16409065189552996 0.15608465608465613
0 0.8779296584174633 0.7076719576719577 0.10661425295571644 0.13174603174603172
0 0.7763780934512643 0.6859788359788359 0.1167396289347509 0.20793650793650792
0 0.6582983412251705 0.7351851851851853 0.14026623782721342 0.18571428571428575
0 0.613776467435004 0.8835978835978835 0.06015664552249916 0.14074074074074075
0 0.6087137794454868 0.967116402116402 0.051222490246880574 0.05910052910052912
0 0.757765269960392 0.8922486772486773 0.24628488043122188 0.20883597883597882
0 0.648217636022514 0.9718783068783068 0.03564727954971857 0.04957671957671948
0 0.8746538014830697 0.8882804232804233 0.23407486822120968 0.21677248677248676
0 0.9255189255189256 0.8824603174603175 0.14520980374638906 0.2284126984126984
