0 0.947 0.9009009009009009 0.106 0.1981981981981982
0 0.855 0.9039039039039038 0.186 0.1921921921921922
0 0.714 0.9024024024024024 0.172 0.19519519519519518
0 0.579 0.9039039039039038 0.162 0.1921921921921922
0 0.44 0.9054054054054054 0.144 0.1891891891891892
0 0.303 0.9054054054054054 0.142 0.1891891891891892
0 0.161 0.9084084084084084 0.146 0.1831831831831832
0 0.052 0.9114114114114115 0.104 0.17717717717717718
0 0.02 0.6711711711711712 0.04 0.30930930930930933
0 0.086 0.6711711711711712 0.144 0.3033033033033033
0 0.216 0.6651651651651652 0.132 0.3033033033033033
0 0.344 0.6651651651651652 0.124 0.3033033033033033
0 0.472 0.6621621621621622 0.132 0.3033033033033033
0 0.601 0.6561561561561562 0.142 0.2972972972972973
0 0.721 0.6531531531531531 0.154 0.30930930930930933
0 0.842 0.6486486486486487 0.168 0.3003003003003003
0 0.935 0.6471471471471472 0.13 0.2972972972972973
0 0.047 0.4369369369369369 0.094 0.16516516516516516
0 0.132 0.43993993993993996 0.136 0.17117117117117117
0 0.246 0.43843843843843844 0.128 0.16816816816816818
0 0.365 0.43543543543543545 0.11 0.15015015015015015
0 0.483 0.4339339339339339 0.118 0.15315315315315314
0 0.592 0.4339339339339339 0.128 0.16516516516516516
0 0.701 0.42492492492492495 0.146 0.15915915915915915
0 0.812 0.4219219219219219 0.16 0.15315315315315314
0 0.919 0.42492492492492495 0.162 0.15915915915915915
0 0.972 0.4174174174174174 0.056 0.14414414414414414
0 0.042 0.29429429429429427 0.084 0.12612612612612611
0 0.125 0.29429429429429427 0.122 0.13213213213213212
0 0.23 0.2912912912912913 0.104 0.12612612612612611
0 0.333 0.2957957957957958 0.106 0.13513513513513514
0 0.435 0.2972972972972973 0.114 0.13213213213213212
0 0.535 0.2927927927927928 0.122 0.12912912912912913
0 0.632 0.2882882882882883 0.128 0.12012012012012012
0 0.733 0.28678678678678676 0.134 0.11711711711711711
0 0.832 0.28678678678678676 0.148 0.12312312312312312
0 0.927 0.2852852852852853 0.146 0.12612612612612611
0 0.976 0.2732732732732733 0.048 0.1021021021021021
0 0.009 0.16366366366366367 0.018 0.08108108108108109
0 0.054 0.17717717717717718 0.108 0.11411411411411411
0 0.146 0.17567567567567569 0.108 0.1111111111111111
0 0.237 0.17417417417417416 0.094 0.1021021021021021
0 0.334 0.17567567567567569 0.1 0.10510510510510511
0 0.428 0.17717717717717718 0.1 0.10810810810810811
0 0.52 0.17867867867867868 0.112 0.1111111111111111
0 0.611 0.17567567567567569 0.118 0.10510510510510511
0 0.701 0.17567567567567569 0.122 0.1111111111111111
0 0.79 0.17417417417417416 0.128 0.10810810810810811
0 0.881 0.17117117117117117 0.146 0.1021021021021021
0 0.949 0.17267267267267267 0.102 0.10510510510510511
0 0.972 0.07957957957957958 0.056 0.08708708708708708
0 0.931 0.07807807807807808 0.138 0.09009009009009009
0 0.842 0.07657657657657657 0.12 0.08708708708708708
0 0.759 0.07957957957957958 0.114 0.09309309309309309
0 0.673 0.07957957957957958 0.106 0.08708708708708708
0 0.589 0.07657657657657657 0.102 0.09309309309309309
0 0.505 0.07657657657657657 0.098 0.0990990990990991
0 0.42 0.07807807807807808 0.088 0.09009009009009009
0 0.336 0.07657657657657657 0.084 0.09309309309309309
0 0.248 0.07357357357357357 0.096 0.0990990990990991
0 0.164 0.07507507507507508 0.096 0.0960960960960961
0 0.075 0.07657657657657657 0.11 0.0990990990990991
0 0.023 0.11711711711711711 0.046 0.18018018018018017
