0 0.9045454545454545 0.8954545454545455 0.19090909090909092 0.19090909090909092
0 0.9045454545454545 0.6954545454545454 0.19090909090909092 0.21818181818181817
0 0.8954545454545455 0.45227272727272727 0.20909090909090908 0.2772727272727273
0 0.9045454545454545 0.18409090909090908 0.19090909090909092 0.2590909090909091
0 0.5704545454545454 0.8954545454545455 0.4863636363636364 0.19090909090909092
0 0.5568181818181818 0.6863636363636364 0.5318181818181819 0.22727272727272727
0 0.5068181818181818 0.44772727272727275 0.5772727272727273 0.2681818181818182
0 0.49772727272727274 0.18409090909090908 0.6136363636363636 0.2590909090909091
0 0.1 0.18636363636363637 0.2 0.2545454545454545
0 0.11818181818181818 0.45227272727272727 0.23636363636363636 0.2681818181818182
0 0.1431818181818182 0.7022727272727273 0.2863636363636364 0.25
0 0.13636363636363635 0.9090909090909091 0.2727272727272727 0.18181818181818182
