0 0.36619718309859156 0.13333333333333333 0.10954616588419405 0.16666666666666666
0 0.47965571205007823 0.13166666666666665 0.11737089201877934 0.17
0 0.6017214397496088 0.12166666666666667 0.1267605633802817 0.17
0 0.7370892018779343 0.12 0.14397496087636932 0.17333333333333334
0 0.4350547730829421 0.2866666666666667 0.22535211267605634 0.16
0 0.6838810641627543 0.2866666666666667 0.27230046948356806 0.17333333333333334
0 0.3755868544600939 0.43833333333333335 0.10954616588419405 0.15666666666666668
0 0.49061032863849763 0.445 0.12050078247261346 0.15666666666666668
0 0.6134585289514867 0.45166666666666666 0.12519561815336464 0.17
0 0.7433489827856025 0.46 0.13771517996870108 0.16666666666666666
0 0.433489827856025 0.5966666666666667 0.23161189358372458 0.16666666666666666
0 0.6784037558685446 0.615 0.26134585289514867 0.17666666666666667
0 0.38028169014084506 0.74 0.10954616588419405 0.16666666666666666
0 0.4953051643192488 0.7533333333333333 0.11737089201877934 0.16666666666666666
0 0.6165884194053208 0.7683333333333333 0.12206572769953052 0.17666666666666667
0 0.7456964006259781 0.7716666666666666 0.13928012519561817 0.20333333333333334
0 0.4405320813771518 0.8983333333333333 0.2300469483568075 0.18333333333333332
0 0.6870109546165885 0.91 0.26604068857589985 0.18
0 0.823943661971831 0.865 0.017214397496087636 0.19666666666666666
0 0.8161189358372457 0.59 0.014084507042253521 0.14666666666666667
0 0.8896713615023474 0.94 0.13302034428794993 0.12
0 0.38184663536776214 0.9733333333333334 0.10954616588419405 0.05333333333333334
0 0.4937402190923318 0.9833333333333333 0.11424100156494522 0.03333333333333333
0 0.13771517996870108 0.24833333333333332 0.053208137715179966 0.07
0 0.18857589984350548 0.25 0.048513302034428794 0.06666666666666667
0 0.257433489827856 0.25166666666666665 0.08607198748043818 0.07
0 0.13693270735524257 0.31833333333333336 0.048513302034428794 0.06333333333333334
0 0.18622848200312989 0.31833333333333336 0.046948356807511735 0.06333333333333334
0 0.25508607198748046 0.32 0.09076682316118936 0.06666666666666667
0 0.13536776212832552 0.38333333333333336 0.048513302034428794 0.06
0 0.18231611893583724 0.38333333333333336 0.048513302034428794 0.06666666666666667
0 0.2543035993740219 0.38 0.09546165884194054 0.07333333333333333
0 0.13458528951486698 0.4483333333333333 0.046948356807511735 0.06333333333333334
0 0.18153364632237873 0.45 0.046948356807511735 0.06666666666666667
0 0.2535211267605634 0.445 0.09702660406885759 0.07666666666666666
0 0.13615023474178403 0.5133333333333333 0.046948356807511735 0.06
0 0.18309859154929578 0.5133333333333333 0.046948356807511735 0.06
0 0.25508607198748046 0.5066666666666667 0.09702660406885759 0.08
0 0.13928012519561817 0.5783333333333334 0.046948356807511735 0.06333333333333334
0 0.18701095461658843 0.5766666666666667 0.048513302034428794 0.06666666666666667
0 0.25821596244131456 0.57 0.09076682316118936 0.08666666666666667
0 0.13693270735524257 0.64 0.04538341158059468 0.06666666666666667
0 0.1838810641627543 0.6416666666666667 0.048513302034428794 0.06333333333333334
0 0.25508607198748046 0.6316666666666667 0.09389671361502347 0.09
0 0.13302034428794993 0.705 0.04381846635367762 0.06333333333333334
0 0.17918622848200313 0.7083333333333334 0.04538341158059468 0.06333333333333334
0 0.24960876369327073 0.6966666666666667 0.09546165884194054 0.1
0 0.1322378716744914 0.7716666666666666 0.04538341158059468 0.07
0 0.17762128325508608 0.7766666666666666 0.04538341158059468 0.06666666666666667
0 0.24960876369327073 0.7583333333333333 0.09859154929577464 0.10333333333333333
0 0.13067292644757433 0.8333333333333334 0.048513302034428794 0.06666666666666667
0 0.1784037558685446 0.8383333333333334 0.046948356807511735 0.06333333333333334
0 0.24804381846635368 0.8216666666666667 0.09859154929577464 0.11
0 0.3114241001564945 0.24833333333333332 0.018779342723004695 0.056666666666666664
0 0.310641627543036 0.305 0.02034428794992175 0.056666666666666664
0 0.3114241001564945 0.3566666666666667 0.02190923317683881 0.05333333333333334
0 0.3114241001564945 0.4116666666666667 0.02190923317683881 0.056666666666666664
0 0.3129890453834116 0.4666666666666667 0.018779342723004695 0.05333333333333334
0 0.3114241001564945 0.5166666666666667 0.01564945226917058 0.05333333333333334
0 0.30985915492957744 0.57 0.012519561815336464 0.05333333333333334
0 0.3082942097026604 0.6216666666666667 0.01564945226917058 0.056666666666666664
0 0.3114241001564945 0.675 0.028169014084507043 0.05
0 0.31220657276995306 0.7233333333333334 0.026604068857589983 0.05333333333333334
0 0.06964006259780908 0.7116666666666667 0.0297339593114241 0.08333333333333333
0 0.06729264475743349 0.7783333333333333 0.025039123630672927 0.06333333333333334
0 0.09546165884194054 0.7316666666666667 0.03129890453834116 0.07
