0 0.053323262839879156 0.1284994964753273 0.1054380664652568 0.11037260825780462
0 0.1688821752265861 0.12910372608257803 0.14320241691842897 0.1148036253776435
0 0.21480362537764347 0.048539778449144005 0.08459214501510573 0.048741188318227595
0 0.33806646525679757 0.12990936555891236 0.2084592145015106 0.12286002014098689
0 0.29622356495468277 0.045317220543806644 0.08006042296072508 0.05035246727089626
0 0.3794561933534743 0.04813695871097684 0.08640483383685801 0.06163141993957704
0 0.03851963746223565 0.23625377643504528 0.0770392749244713 0.10191339375629403
0 0.1226586102719033 0.23987915407854984 0.10453172205438066 0.10996978851963748
0 0.2255287009063444 0.24592145015105743 0.1096676737160121 0.11399798590130918
0 0.36163141993957704 0.24974823766364548 0.16858006042296075 0.11762336354481366
0 0.05694864048338368 0.3387713997985901 0.11389728096676736 0.10231621349446125
0 0.17990936555891238 0.3480362537764351 0.1459214501510574 0.11601208459214506
0 0.34637462235649547 0.35790533736153074 0.1942598187311178 0.12044310171198386
0 0.04682779456193354 0.4279959718026183 0.09365558912386708 0.101913393756294
0 0.06873111782477342 0.5204431017119838 0.11873111782477343 0.10312185297079554
0 0.06691842900302114 0.6052366565961732 0.09033232628398792 0.0986908358509567
0 0.0836858006042296 0.6904330312185296 0.10996978851963746 0.10312185297079562
0 0.08716012084592144 0.7597180261832831 0.08006042296072508 0.08781470292044302
0 0.16827794561933535 0.7850956696878147 0.08882175226586102 0.09425981873111777
0 0.19456193353474321 0.7154078549848942 0.12326283987915408 0.11440080563947633
0 0.25634441087613297 0.8106747230614301 0.09395770392749242 0.1003021148036255
0 0.36993957703927494 0.8227593152064451 0.1386706948640483 0.1365558912386708
0 0.3394259818731118 0.7472306143001007 0.1688821752265861 0.1176233635448137
0 0.36873111782477336 0.6580060422960725 0.13685800604229603 0.12608257804632428
0 0.15438066465256794 0.6205438066465256 0.09425981873111781 0.10110775427995972
0 0.2471299093655589 0.6414904330312184 0.10513595166163142 0.11158106747230613
0 0.19516616314199392 0.5411883182275932 0.14078549848942598 0.1099697885196374
0 0.34984894259818733 0.5603222557905337 0.17280966767371603 0.12970795568982876
0 0.35966767371601205 0.4584088620342397 0.1471299093655589 0.11923464249748243
0 0.232 0.45392592592592595 0.11140740740740739 0.10824691358024688
0 0.1333333333333333 0.4397037037037037 0.09303703703703704 0.10508641975308637
0 0.4889018691588785 0.05591900311526479 0.1301401869158879 0.08068535825545171
0 0.45677570093457937 0.13738317757009347 0.03037383177570092 0.10778816199376949
0 0.5608644859813084 0.1252336448598131 0.17686915887850466 0.13333333333333333
0 0.5174065420560747 0.2559190031152648 0.13948598130841122 0.12741433021806856
0 0.5297897196261683 0.37772585669781933 0.17079439252336448 0.12554517133956383
0 0.5065420560747662 0.4872274143302181 0.12710280373831773 0.11962616822429906
0 0.5239485981308412 0.5920560747663551 0.15957943925233645 0.12242990654205611
0 0.5105140186915887 0.6894080996884735 0.12102803738317755 0.11713395638629291
0 0.5315420560747663 0.7878504672897194 0.15420560747663548 0.11526479750778815
0 0.514018691588785 0.8781931464174454 0.11495327102803736 0.10716510903426782
0 0.7064252336448598 0.8230529595015577 0.1796728971962616 0.1302180685358256
0 0.6344626168224298 0.8985981308411215 0.12359813084112148 0.11682242990654201
0 0.7644859813084112 0.932398753894081 0.14018691588785054 0.11900311526479754
0 0.7766355140186916 0.7372274143302181 0.15046728971962625 0.1274143302180686
0 0.6379672897196261 0.706386292834891 0.13247663551401864 0.13052959501557634
0 0.7228971962616823 0.6222741433021807 0.1897196261682243 0.13177570093457946
0 0.6505841121495326 0.5031152647975078 0.1455607476635514 0.12710280373831778
0 0.7394859813084111 0.3901869158878505 0.2023364485981308 0.13676012461059195
0 0.6634345794392523 0.25919003115264794 0.15350467289719633 0.13146417445482866
0 0.7530373831775701 0.12476635514018691 0.20841121495327103 0.1367601246105919
0 0.8190420560747664 0.2623052959501557 0.17453271028037387 0.14143302180685358
0 0.7981308411214952 0.5172897196261682 0.16308411214953264 0.1336448598130841
0 0.9074766355140187 0.9503115264797507 0.15934579439252344 0.09376947040498437
0 0.8957289719626168 0.8657320872274143 0.2045420560747664 0.1445482866043614
0 0.9223130841121494 0.7644859813084113 0.1511682242990654 0.13769470404984424
0 0.9057242990654205 0.6495327102803737 0.18387850467289718 0.13894080996884728
0 0.9344626168224299 0.5352024922118379 0.12686915887850467 0.13520249221183803
0 0.9153551401869159 0.40424299065420566 0.16528971962616823 0.14618068535825546
0 0.9457943925233644 0.2677570093457944 0.10373831775700933 0.1423676012461059
0 0.925752336448598 0.12533333333333332 0.1444953271028038 0.144
