0 0.264 0.04492753623188406 0.348 0.08985507246376812
0 0.182 0.2797101449275362 0.364 0.4608695652173913
0 0.64 0.043478260869565216 0.372 0.08695652173913043
0 0.836 0.26231884057971017 0.328 0.5246376811594203
0 0.517 0.30144927536231886 0.358 0.45217391304347826
0 0.232 0.6695652173913044 0.312 0.3188405797101449
0 0.518 0.6782608695652174 0.296 0.34782608695652173
0 0.811 0.6739130434782609 0.302 0.3739130434782609
0 0.275 0.9130434782608695 0.274 0.17391304347826086
0 0.535 0.8913043478260869 0.262 0.21739130434782608
0 0.788 0.9115942028985508 0.248 0.17681159420289855
