0 0.1851063829787234 0.20815602836879432 0.3702127659574468 0.3425531914893617
0 0.18617021276595744 0.5429078014184398 0.3723404255319149 0.31843971631205664
0 0.2127659574468085 0.8465390070921985 0.35851063829787233 0.30158865248226946
0 0.5550531914893617 0.8312056737588652 0.33351063829787225 0.2936170212765957
0 0.5452127659574468 0.5404255319148935 0.35425531914893615 0.3163120567375886
0 0.5507978723404255 0.20319148936170212 0.3792553191489361 0.351063829787234
0 0.864627659574468 0.2035460992907801 0.26542553191489365 0.33191489361702126
0 0.8556489361702126 0.5301418439716312 0.28470212765957453 0.30425531914893617
0 0.8548510638297873 0.8046099290780142 0.28629787234042553 0.27588652482269493
0 0.5494989979959919 0.015497661990647962 0.1210420841683366 0.02778891115564462
0 0.6697394789579157 0.015497661990647962 0.12424849699398795 0.029926519706078823
0 0.8012024048096192 0.01950567802271209 0.14028056112224455 0.03901135604542418
0 0.35472222222222216 0.02407407407407407 0.05833333333333331 0.04814814814814814
0 0.25961871750433274 0.021028307336799536 0.12963604852686306 0.04205661467359907
