0 0.83 0.2690520446096654 0.34 0.13475836431226765
0 0.536 0.262546468401487 0.268 0.14591078066914498
0 0.195 0.26301115241635686 0.39 0.13568773234200743
0 0.895 0.3986988847583643 0.21 0.12453531598513011
0 0.664 0.3996282527881041 0.268 0.12639405204460966
0 0.384 0.3954460966542751 0.264 0.12546468401486988
0 0.124 0.39265799256505574 0.248 0.12732342007434944
0 0.832 0.5199814126394052 0.336 0.11617100371747212
0 0.541 0.5162639405204461 0.254 0.11617100371747212
0 0.2 0.5144052044609665 0.388 0.11431226765799256
0 0.882 0.6319702602230484 0.236 0.10966542750929369
0 0.649 0.6282527881040892 0.254 0.10966542750929369
0 0.397 0.6254646840148699 0.242 0.10780669144981413
0 0.145 0.6259293680297398 0.254 0.10687732342007435
0 0.819 0.7323420074349443 0.362 0.09851301115241635
0 0.514 0.7272304832713755 0.24 0.09758364312267657
0 0.212 0.7225836431226765 0.344 0.09200743494423792
0 0.848 0.824814126394052 0.24 0.09758364312267657
0 0.621 0.8229553903345725 0.234 0.09572490706319703
0 0.39 0.8210966542750929 0.236 0.1050185873605948
0 0.153 0.8229553903345725 0.242 0.11059479553903345
