0 0.512 0.3451443569553806 0.344 0.3123359580052493
0 0.317 0.38451443569553806 0.066 0.16535433070866143
0 0.78 0.31627296587926507 0.208 0.24934383202099739
0 0.663 0.6207349081364829 0.35 0.31758530183727035
0 0.784 0.5551181102362205 0.208 0.2440944881889764
0 0.865 0.7769028871391076 0.058 0.26246719160104987
0 0.874 0.9251968503937008 0.048 0.14960629921259844
0 0.675 0.8884514435695539 0.35 0.2230971128608924
0 0.353 0.8910761154855643 0.31 0.2178477690288714
0 0.341 0.636482939632546 0.314 0.29133858267716534
0 0.325 0.48031496062992124 0.062 0.031496062992125984
0 0.196 0.5459317585301837 0.188 0.14698162729658792
0 0.189 0.400262467191601 0.198 0.17060367454068243
0 0.058 0.4199475065616798 0.076 0.12598425196850394
0 0.067 0.5446194225721784 0.078 0.11811023622047244
0 0.073 0.6666666666666666 0.074 0.13123359580052493
0 0.15 0.6797900262467191 0.096 0.14698162729658792
0 0.16 0.8110236220472441 0.084 0.14698162729658792
0 0.087 0.7847769028871391 0.082 0.14173228346456693
0 0.165 0.926509186351706 0.078 0.14698162729658792
0 0.095 0.8976377952755905 0.078 0.14173228346456693
