0 0.435 0.34632683658170915 0.306 0.23388305847076463
0 0.73 0.5104947526236882 0.3 0.22638680659670166
0 0.439 0.54047976011994 0.29 0.16041979010494753
0 0.713 0.6956521739130435 0.282 0.14992503748125938
0 0.442 0.6926536731634183 0.272 0.1469265367316342
0 0.701 0.8298350824587706 0.266 0.136431784107946
0 0.442 0.8238380809595203 0.256 0.13343328335832083
0 0.153 0.5772113943028486 0.306 0.2608695652173913
0 0.151 0.7571214392803598 0.302 0.18290854572713644
0 0.157 0.8845577211394303 0.314 0.20089955022488756
0 0.145 0.41304347826086957 0.29 0.15442278860569716
0 0.145 0.2518740629685157 0.29 0.18290854572713644
0 0.447 0.1664167916041979 0.282 0.12893553223388307
0 0.736 0.1889055472263868 0.296 0.18290854572713644
0 0.724 0.3395802098950525 0.276 0.1184407796101949
0 0.911 0.8628185907046477 0.178 0.17841079460269865
0 0.915 0.7188905547226386 0.17 0.1904047976011994
0 0.925 0.5562218890554723 0.15 0.19490254872563717
0 0.935 0.34407796101949023 0.13 0.2683658170914543
0 0.931 0.18365817091454273 0.138 0.19640179910044978
