0 0.764 0.3733133433283358 0.428 0.15592203898050974
0 0.981 0.37031484257871067 0.038 0.1469265367316342
0 0.966 0.5194902548725637 0.068 0.13943028485757122
0 0.955 0.658920539730135 0.09 0.13943028485757122
0 0.947 0.7976011994002998 0.106 0.13493253373313344
0 0.942 0.9227886056971514 0.116 0.12743628185907047
0 0.739 0.5262368815592204 0.418 0.15592203898050974
0 0.723 0.6656671664167916 0.398 0.1409295352323838
0 0.711 0.7991004497751124 0.398 0.14392803598200898
0 0.695 0.9265367316341829 0.378 0.12593703148425786
0 0.34 0.37106446776611696 0.42 0.1634182908545727
0 0.333 0.5209895052473763 0.406 0.15142428785607195
0 0.327 0.6619190404797601 0.406 0.1634182908545727
0 0.311 0.7961019490254873 0.382 0.14392803598200898
0 0.316 0.9212893553223388 0.372 0.13343328335832083
0 0.066 0.3740629685157421 0.132 0.15742128935532235
0 0.066 0.5247376311844077 0.132 0.14392803598200898
0 0.065 0.6664167916041979 0.13 0.13943028485757122
0 0.062 0.802848575712144 0.124 0.136431784107946
0 0.063 0.9310344827586207 0.126 0.13493253373313344
