0 0.033066132264529056 0.3265895953757225 0.06613226452905811 0.5375722543352601
0 0.05511022044088176 0.7890173410404624 0.10220440881763528 0.4161849710982659
0 0.021042084168336674 0.7890173410404624 0.03807615230460922 0.4161849710982659
0 0.22244488977955912 0.8049132947976878 0.3046092184368738 0.3901734104046243
0 0.19539078156312625 0.342485549132948 0.3466933867735471 0.6676300578034682
0 0.46993987975951906 0.6098265895953757 0.2745490981963928 0.27167630057803466
0 0.48897795591182364 0.3800578034682081 0.28857715430861725 0.23410404624277456
0 0.7885771543086172 0.39739884393063585 0.4148296593186373 0.3208092485549133
0 0.4779559118236473 0.14017341040462428 0.3066132264529058 0.2745664739884393
0 0.814629258517034 0.1329479768786127 0.3667334669338677 0.2658959537572254
0 0.8016032064128257 0.6286127167630058 0.3967935871743487 0.407514450867052
0 0.7905811623246493 0.8786127167630058 0.3226452905811623 0.24277456647398843
0 0.4879759519038076 0.8222543352601156 0.29458917835671344 0.2630057803468208
0 0.968937875751503 0.815028901734104 0.05811623246492986 0.36416184971098264
0 0.501002004008016 0.9393063583815029 0.2565130260521042 0.12138728323699421
