0 0.222 0.2702702702702703 0.328 0.17417417417417416
0 0.769 0.26876876876876876 0.342 0.17117117117117117
0 0.086 0.41516516516516516 0.168 0.18768768768768768
0 0.268 0.43093093093093093 0.228 0.16516516516516516
0 0.096 0.5645645645645646 0.188 0.14714714714714713
0 0.281 0.575075075075075 0.21 0.12312312312312312
0 0.104 0.6936936936936937 0.208 0.12312312312312312
0 0.281 0.6884384384384384 0.202 0.13063063063063063
0 0.022 0.81006006006006 0.044 0.1036036036036036
0 0.031 0.9136636636636637 0.062 0.1036036036036036
0 0.131 0.9121621621621622 0.178 0.1006006006006006
0 0.118 0.8040540540540541 0.2 0.11861861861861862
0 0.296 0.8048048048048048 0.18 0.13213213213213212
0 0.294 0.9106606606606606 0.176 0.12762762762762764
0 0.466 0.918918918918919 0.164 0.11711711711711711
0 0.477 0.7980480480480481 0.166 0.12762762762762764
0 0.484 0.6884384384384384 0.176 0.13063063063063063
0 0.479 0.5645645645645646 0.186 0.13213213213213212
0 0.47 0.41216216216216217 0.196 0.17567567567567569
0 0.673 0.4084084084084084 0.222 0.1831831831831832
0 0.675 0.5668168168168168 0.194 0.13663663663663664
0 0.673 0.6944444444444444 0.186 0.11861861861861862
0 0.65 0.8025525525525525 0.172 0.11261261261261261
0 0.64 0.9084084084084084 0.168 0.10810810810810811
0 0.808 0.9114114114114115 0.168 0.1021021021021021
0 0.94 0.9076576576576577 0.116 0.12462462462462462
0 0.824 0.801051051051051 0.196 0.12162162162162163
0 0.856 0.6921921921921922 0.204 0.13513513513513514
0 0.953 0.8078078078078078 0.094 0.10810810810810811
0 0.968 0.6959459459459459 0.06 0.12462462462462462
0 0.867 0.5675675675675675 0.222 0.13813813813813813
0 0.974 0.5675675675675675 0.052 0.13513513513513514
0 0.885 0.4114114114114114 0.226 0.17717717717717718
0 0.96 0.40315315315315314 0.08 0.19369369369369369
