0 0.664 0.14414414414414414 0.464 0.2882882882882883
0 0.65 0.4294294294294294 0.432 0.3003003003003003
0 0.643 0.7027027027027027 0.39 0.25825825825825827
0 0.629 0.9129129129129129 0.358 0.17417417417417416
0 0.217 0.14864864864864866 0.434 0.2972972972972973
0 0.222 0.43843843843843844 0.436 0.2822822822822823
0 0.249 0.6936936936936937 0.402 0.24024024024024024
0 0.268 0.9054054054054054 0.372 0.1891891891891892
0 0.929 0.18618618618618618 0.142 0.37237237237237236
0 0.913 0.5405405405405406 0.174 0.33633633633633636
