0 0.825 0.10185185185185185 0.254 0.2037037037037037
0 0.821 0.31613756613756616 0.254 0.22486772486772486
0 0.812 0.5317460317460317 0.256 0.2275132275132275
0 0.807 0.7314814814814815 0.254 0.21957671957671956
0 0.564 0.25132275132275134 0.26 0.2328042328042328
0 0.567 0.4708994708994709 0.25 0.2328042328042328
0 0.565 0.6865079365079365 0.238 0.23015873015873015
0 0.346 0.49206349206349204 0.192 0.19576719576719576
0 0.351 0.6785714285714286 0.19 0.1931216931216931
0 0.169 0.25396825396825395 0.226 0.20105820105820105
0 0.17 0.44841269841269843 0.212 0.21428571428571427
0 0.162 0.6402116402116402 0.192 0.20105820105820105
0 0.167 0.783068783068783 0.182 0.12169312169312169
0 0.353 0.8002645502645502 0.186 0.082010582010582
0 0.563 0.8082010582010583 0.234 0.06613756613756613
