0 0.068 0.05630026809651475 0.136 0.1126005361930295
0 0.183 0.040214477211796246 0.106 0.08042895442359249
0 0.261 0.04289544235924933 0.05 0.08579088471849866
0 0.183 0.09517426273458444 0.106 0.16353887399463807
0 0.261 0.12332439678284182 0.058 0.10187667560321716
0 0.046 0.12064343163538874 0.092 0.17158176943699732
0 0.155 0.17158176943699732 0.142 0.18230563002680966
0 0.256 0.2131367292225201 0.072 0.09919571045576407
0 0.076 0.3485254691689008 0.152 0.15013404825737264
0 0.068 0.5013404825737265 0.136 0.1554959785522788
0 0.049 0.6407506702412868 0.098 0.17158176943699732
0 0.12 0.6112600536193029 0.056 0.13941018766756033
0 0.079 0.7680965147453083 0.158 0.2225201072386059
0 0.06 0.9021447721179625 0.12 0.1903485254691689
0 0.136 0.8431635388739946 0.044 0.1581769436997319
0 0.305 0.01876675603217158 0.038 0.03753351206434316
0 0.345 0.01742627345844504 0.046 0.03485254691689008
0 0.457 0.0160857908847185 0.178 0.032171581769437
0 0.588 0.013404825737265416 0.088 0.02680965147453083
0 0.37 0.08042895442359249 0.172 0.10187667560321716
0 0.55 0.07372654155495978 0.176 0.09919571045576407
0 0.331 0.17292225201072386 0.082 0.0938337801608579
0 0.457 0.16890080428954424 0.174 0.09651474530831099
0 0.587 0.1648793565683646 0.086 0.08847184986595175
0 0.375 0.23726541554959785 0.166 0.045576407506702415
0 0.547 0.23056300268096513 0.178 0.04289544235924933
0 0.293 0.3351206434316354 0.286 0.16085790884718498
0 0.587 0.33109919571045576 0.302 0.16353887399463807
0 0.205 0.49463806970509383 0.142 0.16353887399463807
0 0.419 0.49463806970509383 0.294 0.16353887399463807
0 0.641 0.49463806970509383 0.146 0.16353887399463807
0 0.288 0.6380697050938338 0.28 0.16085790884718498
0 0.575 0.6487935656836461 0.294 0.16621983914209115
0 0.224 0.7774798927613941 0.14 0.1447721179624665
0 0.435 0.7774798927613941 0.286 0.1769436997319035
0 0.651 0.8042895442359249 0.146 0.16085790884718498
0 0.288 0.9061662198391421 0.268 0.16621983914209115
0 0.56 0.8967828418230563 0.276 0.2064343163538874
0 0.772 0.03351206434316354 0.04 0.06702412868632708
0 0.77 0.07640750670241286 0.052 0.14745308310991956
0 0.896 0.02546916890080429 0.204 0.05093833780160858
0 0.827 0.13136729222520108 0.178 0.19302949061662197
0 0.955 0.09115281501340483 0.09 0.1126005361930295
0 0.869 0.22386058981233245 0.262 0.16890080428954424
0 0.884 0.36863270777479895 0.232 0.11528150134048257
0 0.796 0.47319034852546915 0.164 0.12064343163538874
0 0.943 0.4812332439678284 0.114 0.12064343163538874
0 0.847 0.5670241286863271 0.266 0.14745308310991956
0 0.861 0.660857908847185 0.278 0.1581769436997319
0 0.838 0.760053619302949 0.232 0.1581769436997319
0 0.988 0.5911528150134048 0.024 0.09919571045576407
0 0.976 0.7868632707774799 0.048 0.09919571045576407
0 0.755 0.36863270777479895 0.034 0.08847184986595175
