0 0.07 0.17252396166134185 0.14 0.3450479233226837
0 0.187 0.16773162939297126 0.158 0.3354632587859425
0 0.31 0.16932907348242812 0.12 0.33226837060702874
0 0.404 0.16932907348242812 0.108 0.33226837060702874
0 0.553 0.1805111821086262 0.202 0.3226837060702875
0 0.14 0.48083067092651754 0.256 0.3610223642172524
0 0.357 0.48722044728434505 0.206 0.31629392971246006
0 0.501 0.48562300319488816 0.086 0.28753993610223644
0 0.598 0.48562300319488816 0.104 0.28753993610223644
0 0.691 0.48722044728434505 0.086 0.2715654952076677
0 0.774 0.48562300319488816 0.104 0.268370607028754
0 0.753 0.18849840255591055 0.198 0.3194888178913738
0 0.907 0.48083067092651754 0.186 0.2779552715654952
0 0.882 0.1900958466453674 0.104 0.30990415335463256
0 0.958 0.1900958466453674 0.084 0.3035143769968051
0 0.127 0.792332268370607 0.134 0.2939297124600639
0 0.233 0.7619808306709265 0.114 0.3226837060702875
0 0.332 0.7763578274760383 0.096 0.2747603833865815
0 0.418 0.7667731629392971 0.088 0.28115015974440893
0 0.552 0.7396166134185304 0.184 0.30990415335463256
0 0.735 0.7460063897763578 0.194 0.28434504792332266
0 0.861 0.7460063897763578 0.086 0.2523961661341853
0 0.941 0.7412140575079872 0.082 0.24920127795527156
0 0.895 0.9281150159744409 0.166 0.14376996805111822
0 0.764 0.9408945686900958 0.096 0.1182108626198083
0 0.675 0.9233226837060703 0.082 0.14696485623003194
0 0.591 0.9376996805111821 0.098 0.1182108626198083
0 0.501 0.9456869009584664 0.082 0.10862619808306709
0 0.367 0.9345047923322684 0.182 0.13099041533546327
0 0.175 0.939297124600639 0.194 0.12140575079872204
