0 0.6116803278688525 0.1523076923076923 0.4774590163934426 0.20923076923076922
0 0.7366803278688525 0.28307692307692306 0.305327868852459 0.2123076923076923
0 0.25922131147540983 0.15692307692307692 0.4610655737704918 0.19076923076923077
0 0.4293032786885246 0.3130769230769231 0.305327868852459 0.1676923076923077
0 0.1567622950819672 0.3030769230769231 0.2807377049180328 0.1476923076923077
0 0.6926229508196722 0.4376923076923077 0.32786885245901637 0.13076923076923078
0 0.701844262295082 0.49615384615384617 0.32581967213114754 0.21076923076923076
0 0.6936475409836066 0.6038461538461538 0.23565573770491804 0.16153846153846155
0 0.701844262295082 0.6946153846153846 0.22336065573770492 0.1276923076923077
0 0.7079918032786885 0.7676923076923077 0.2028688524590164 0.06769230769230769
0 0.5020491803278688 0.7561538461538462 0.19672131147540983 0.12153846153846154
0 0.3831967213114754 0.44076923076923075 0.29098360655737704 0.12461538461538461
0 0.13114754098360656 0.41923076923076924 0.26229508196721313 0.15846153846153846
0 0.4036885245901639 0.5353846153846153 0.27459016393442626 0.14153846153846153
0 0.1567622950819672 0.55 0.26434426229508196 0.10923076923076923
0 0.45081967213114754 0.62 0.24180327868852458 0.13230769230769232
0 0.2192622950819672 0.64 0.25 0.11076923076923077
0 0.4661885245901639 0.6815384615384615 0.2151639344262295 0.13538461538461538
0 0.2530737704918033 0.7261538461538461 0.23155737704918034 0.11076923076923077
0 0.2776639344262295 0.7946153846153846 0.2151639344262295 0.10615384615384615
