0 0.5749063670411985 0.22833333333333333 0.15355805243445692 0.29
0 0.7256554307116105 0.22 0.15543071161048688 0.28
0 0.44756554307116103 0.24333333333333335 0.10861423220973783 0.23333333333333334
0 0.448501872659176 0.475 0.1104868913857678 0.22333333333333333
0 0.5758426966292135 0.5016666666666667 0.14794007490636704 0.27
0 0.7256554307116105 0.49833333333333335 0.14794007490636704 0.27666666666666667
0 0.7200374531835206 0.7666666666666667 0.14794007490636704 0.26
0 0.5749063670411985 0.7716666666666666 0.14232209737827714 0.2633333333333333
0 0.7144194756554307 0.95 0.1404494382022472 0.1
0 0.5749063670411985 0.95 0.13857677902621723 0.1
0 0.45131086142322097 0.7 0.10861423220973783 0.22666666666666666
0 0.450374531835206 0.905 0.1104868913857678 0.19
0 0.37734082397003743 0.5733333333333334 0.03932584269662921 0.14666666666666667
0 0.3801498127340824 0.7133333333333334 0.033707865168539325 0.13333333333333333
0 0.38202247191011235 0.8516666666666667 0.033707865168539325 0.13
0 0.3857677902621723 0.9583333333333334 0.0299625468164794 0.08333333333333333
0 0.31741573033707865 0.6033333333333334 0.08801498127340825 0.18
0 0.32303370786516855 0.7716666666666666 0.09176029962546817 0.17666666666666667
0 0.3267790262172285 0.9283333333333333 0.08801498127340825 0.14333333333333334
0 0.2406367041198502 0.9233333333333333 0.08426966292134831 0.15333333333333332
0 0.2340823970037453 0.7683333333333333 0.08614232209737828 0.17666666666666667
0 0.2340823970037453 0.5933333333333334 0.08614232209737828 0.18
0 0.15262172284644196 0.5933333333333334 0.09550561797752809 0.18666666666666668
0 0.15636704119850187 0.7683333333333333 0.08426966292134831 0.17
0 0.16760299625468164 0.9183333333333333 0.06554307116104868 0.16333333333333333
0 0.08895131086142322 0.7483333333333333 0.05805243445692884 0.15
0 0.06835205992509363 0.5916666666666667 0.09176029962546817 0.18333333333333332
0 0.9662921348314607 0.285 0.06741573033707865 0.21
0 0.9653558052434457 0.49333333333333335 0.06928838951310862 0.20666666666666667
0 0.9588014981273408 0.73 0.08239700374531835 0.3466666666666667
0 0.954119850187266 0.9183333333333333 0.09176029962546817 0.16333333333333333
0 0.9073033707865169 0.30333333333333334 0.05056179775280899 0.18
0 0.9082397003745318 0.475 0.04868913857677903 0.17
0 0.900749063670412 0.6416666666666667 0.052434456928838954 0.20333333333333334
0 0.8960674157303371 0.81 0.04681647940074907 0.2
0 0.8876404494382022 0.925 0.04868913857677903 0.15
0 0.8642322097378277 0.31666666666666665 0.03932584269662921 0.15333333333333332
0 0.8632958801498127 0.47333333333333333 0.04119850187265917 0.16
0 0.8604868913857678 0.62 0.04307116104868914 0.16666666666666666
0 0.8558052434456929 0.765 0.03745318352059925 0.17
0 0.8539325842696629 0.9016666666666666 0.04119850187265917 0.19
0 0.849250936329588 0.965 0.031835205992509365 0.06333333333333334
0 0.8277153558052435 0.32 0.03745318352059925 0.14666666666666667
0 0.8249063670411985 0.4633333333333333 0.03932584269662921 0.14
0 0.8211610486891385 0.595 0.04307116104868914 0.15666666666666668
0 0.8192883895131086 0.72 0.03932584269662921 0.16
0 0.8174157303370787 0.8433333333333334 0.04307116104868914 0.17333333333333334
0 0.8136704119850188 0.9333333333333333 0.04307116104868914 0.13333333333333333
