0 0.9227272727272727 0.2 0.15454545454545454 0.37272727272727274
0 0.7136363636363636 0.20227272727272727 0.39090909090909093 0.39545454545454545
0 0.35454545454545455 0.20227272727272727 0.38181818181818183 0.36818181818181817
0 0.9181818181818182 0.5204545454545455 0.16363636363636364 0.2681818181818182
0 0.6772727272727272 0.525 0.33636363636363636 0.2681818181818182
0 0.3386363636363636 0.509090909090909 0.32272727272727275 0.2636363636363636
0 0.9 0.7659090909090909 0.2 0.22272727272727272
0 0.6545454545454545 0.7545454545454545 0.3090909090909091 0.21818181818181817
0 0.3477272727272727 0.7386363636363636 0.29545454545454547 0.22272727272727272
0 0.8795454545454545 0.9318181818181818 0.2409090909090909 0.13636363636363635
0 0.6204545454545455 0.925 0.2772727272727273 0.15
0 0.3477272727272727 0.9204545454545454 0.2681818181818182 0.1590909090909091
0 0.1590909090909091 0.18181818181818182 0.3181818181818182 0.36363636363636365
0 0.09318181818181819 0.4409090909090909 0.18636363636363637 0.3181818181818182
0 0.1 0.6568181818181819 0.2 0.2772727272727273
0 0.10681818181818181 0.8318181818181818 0.21363636363636362 0.2636363636363636
