0 0.058 0.030831099195710455 0.116 0.06166219839142091
0 0.196 0.024128686327077747 0.16 0.04825737265415549
0 0.357 0.01876675603217158 0.166 0.03753351206434316
0 0.534 0.0160857908847185 0.188 0.032171581769437
0 0.774 0.045576407506702415 0.196 0.09115281501340483
0 0.055 0.1447721179624665 0.11 0.18230563002680966
0 0.223 0.1353887399463807 0.23 0.19571045576407506
0 0.462 0.13002680965147453 0.232 0.2064343163538874
0 0.699 0.1260053619302949 0.258 0.21447721179624665
0 0.047 0.3257372654155496 0.094 0.18498659517426275
0 0.263 0.3230563002680965 0.346 0.19571045576407506
0 0.522 0.3284182305630027 0.18 0.19571045576407506
0 0.717 0.31769436997319034 0.21 0.2225201072386059
0 0.052 0.5067024128686327 0.104 0.18230563002680966
0 0.215 0.5134048257372654 0.226 0.1903485254691689
0 0.444 0.5254691689008043 0.24 0.20911528150134048
0 0.692 0.5335120643431636 0.268 0.21983914209115282
0 0.051 0.6849865951742627 0.102 0.1903485254691689
0 0.193 0.6970509383378016 0.182 0.19839142091152814
0 0.369 0.7091152815013405 0.178 0.2064343163538874
0 0.55 0.7305630026809652 0.192 0.21715817694369974
0 0.751 0.7292225201072386 0.202 0.257372654155496
0 0.059 0.8605898123324397 0.118 0.18230563002680966
0 0.224 0.8887399463806971 0.224 0.2225201072386059
0 0.451 0.8994638069705094 0.238 0.20107238605898123
0 0.699 0.9142091152815014 0.266 0.16621983914209115
0 0.124 0.9705093833780161 0.248 0.058981233243967826
0 0.975 0.43699731903485256 0.046 0.04825737265415549
0 0.951 0.4812332439678284 0.078 0.05093833780160858
0 0.946 0.5294906166219839 0.072 0.05630026809651475
0 0.886 0.9436997319034852 0.108 0.10723860589812333
0 0.91 0.868632707774799 0.16 0.058981233243967826
0 0.956 0.9463806970509383 0.088 0.10187667560321716
0 0.934 0.5750670241286864 0.06 0.05093833780160858
0 0.855 0.4812332439678284 0.042 0.040214477211796246
0 0.858 0.5241286863270778 0.044 0.045576407506702415
0 0.859 0.5697050938337802 0.046 0.05093833780160858
0 0.864 0.6193029490616622 0.056 0.04825737265415549
0 0.872 0.6836461126005362 0.044 0.09115281501340483
0 0.874 0.7479892761394102 0.044 0.04289544235924933
0 0.896 0.47989276139410186 0.036 0.04289544235924933
0 0.982 0.5844504021447721 0.036 0.04825737265415549
0 0.937 0.6260053619302949 0.066 0.045576407506702415
0 0.939 0.6729222520107239 0.05 0.04289544235924933
0 0.941 0.7184986595174263 0.046 0.05361930294906166
0 0.938 0.7694369973190348 0.052 0.05361930294906166
0 0.986 0.631367292225201 0.028 0.045576407506702415
0 0.982 0.725201072386059 0.036 0.14209115281501342
