0 0.13293051359516617 0.3 0.09063444108761329 0.07272727272727272
0 0.13746223564954682 0.36818181818181817 0.08761329305135952 0.06363636363636363
0 0.12537764350453173 0.42727272727272725 0.06948640483383686 0.07272727272727272
0 0.12537764350453173 0.5590909090909091 0.06948640483383686 0.06363636363636363
0 0.1163141993957704 0.6318181818181818 0.08157099697885196 0.06363636363636363
0 0.11933534743202417 0.6931818181818182 0.09969788519637462 0.06818181818181818
0 0.10725075528700906 0.8340909090909091 0.11782477341389729 0.15
0 0.19788519637462235 0.865909090909091 0.16012084592145015 0.19545454545454546
0 0.3474320241691843 0.8431818181818181 0.13293051359516617 0.1318181818181818
0 0.3564954682779456 0.7181818181818181 0.13293051359516617 0.13636363636363635
0 0.22507552870090636 0.725 0.12386706948640483 0.11363636363636363
0 0.22356495468277945 0.6045454545454545 0.13293051359516617 0.13636363636363635
0 0.22205438066465258 0.4772727272727273 0.13595166163141995 0.14545454545454545
0 0.2552870090634441 0.2159090909090909 0.16012084592145015 0.05
0 0.25226586102719034 0.2409090909090909 0.1540785498489426 0.03636363636363636
0 0.2311178247734139 0.2840909090909091 0.11782477341389729 0.04090909090909091
0 0.23564954682779457 0.3159090909090909 0.10876132930513595 0.022727272727272728
0 0.23867069486404835 0.3840909090909091 0.1027190332326284 0.031818181818181815
0 0.23564954682779457 0.35 0.10876132930513595 0.045454545454545456
0 0.3987915407854985 0.19545454545454546 0.13293051359516617 0.11818181818181818
0 0.3610271903323263 0.32045454545454544 0.1419939577039275 0.1318181818181818
0 0.3595166163141994 0.45681818181818185 0.13293051359516617 0.1318181818181818
0 0.36253776435045315 0.5886363636363636 0.1268882175226586 0.1318181818181818
0 0.48489425981873113 0.8409090909090909 0.11782477341389729 0.10909090909090909
0 0.48942598187311176 0.7318181818181818 0.12084592145015106 0.10909090909090909
0 0.4879154078549849 0.6181818181818182 0.11782477341389729 0.11818181818181818
0 0.4879154078549849 0.49318181818181817 0.11782477341389729 0.12272727272727273
0 0.48338368580060426 0.375 0.10876132930513595 0.1318181818181818
0 0.6057401812688822 0.4318181818181818 0.10574018126888217 0.12727272727272726
0 0.6238670694864048 0.5568181818181818 0.09969788519637462 0.10454545454545454
0 0.6132930513595166 0.6181818181818182 0.1268882175226586 0.06363636363636363
0 0.6132930513595166 0.6681818181818182 0.1268882175226586 0.03636363636363636
0 0.6132930513595166 0.7272727272727273 0.12084592145015106 0.07272727272727272
0 0.6163141993957704 0.7863636363636364 0.1268882175226586 0.045454545454545456
0 0.6132930513595166 0.8227272727272728 0.1268882175226586 0.03636363636363636
0 0.620845921450151 0.8545454545454545 0.1299093655589124 0.02727272727272727
0 0.620845921450151 0.8909090909090909 0.1299093655589124 0.045454545454545456
0 0.7175226586102719 0.23863636363636365 0.12386706948640483 0.05
0 0.716012084592145 0.275 0.12084592145015106 0.031818181818181815
0 0.7371601208459214 0.37272727272727274 0.1510574018126888 0.15454545454545454
0 0.6993957703927492 0.19318181818181818 0.06948640483383686 0.05
0 0.7341389728096677 0.5022727272727273 0.12084592145015106 0.1409090909090909
0 0.7492447129909365 0.6181818181818182 0.1148036253776435 0.12727272727272726
0 0.7492447129909365 0.7431818181818182 0.1148036253776435 0.12272727272727273
0 0.7552870090634441 0.865909090909091 0.10876132930513595 0.12272727272727273
0 0.8685800604229608 0.8522727272727273 0.11782477341389729 0.10454545454545454
0 0.8685800604229608 0.7386363636363636 0.1299093655589124 0.1409090909090909
0 0.8685800604229608 0.6022727272727273 0.1299093655589124 0.1409090909090909
0 0.8761329305135952 0.4727272727272727 0.13897280966767372 0.13636363636363635
0 0.8489425981873112 0.37272727272727274 0.09063444108761329 0.06363636363636363
0 0.850453172205438 0.32272727272727275 0.10574018126888217 0.03636363636363636
0 0.8429003021148036 0.2818181818181818 0.1268882175226586 0.045454545454545456
0 0.850453172205438 0.24545454545454545 0.1299093655589124 0.045454545454545456
0 0.8534743202416919 0.2159090909090909 0.12386706948640483 0.05
0 0.8610271903323263 0.13863636363636364 0.13897280966767372 0.10454545454545454
0 0.9622356495468278 0.08863636363636364 0.0755287009063444 0.11363636363636363
0 0.972809667673716 0.45227272727272727 0.054380664652567974 0.10454545454545454
0 0.9531722054380665 0.17954545454545454 0.045317220543806644 0.06818181818181818
0 0.9652567975830816 0.5795454545454546 0.06948640483383686 0.1318181818181818
0 0.9667673716012085 0.7068181818181818 0.06646525679758308 0.12272727272727273
0 0.9637462235649547 0.8363636363636363 0.07250755287009064 0.13636363636363635
0 0.8323262839879154 0.05909090909090909 0.09365558912386707 0.1
