0 0.824 0.5921375921375921 0.352 0.43243243243243246
0 0.805 0.21253071253071254 0.39 0.4250614250614251
0 0.838 0.9103194103194103 0.324 0.17936117936117937
0 0.543 0.9054054054054054 0.286 0.1891891891891892
0 0.518 0.6130221130221131 0.308 0.36609336609336607
0 0.481 0.24324324324324326 0.31 0.4275184275184275
0 0.234 0.3034398034398034 0.24 0.36609336609336607
0 0.271 0.6302211302211302 0.246 0.31695331695331697
0 0.297 0.9004914004914005 0.23 0.19901719901719903
0 0.103 0.898034398034398 0.19 0.20393120393120392
0 0.087 0.6486486486486487 0.174 0.28501228501228504
0 0.068 0.35995085995085996 0.136 0.31203931203931207
