0 0.153 0.24133333333333334 0.134 0.28
0 0.285 0.23733333333333334 0.142 0.2773333333333333
0 0.426 0.236 0.144 0.27466666666666667
0 0.15 0.52 0.14 0.288
0 0.285 0.5186666666666667 0.142 0.2906666666666667
0 0.426 0.516 0.144 0.2853333333333333
0 0.563 0.5133333333333333 0.134 0.2853333333333333
0 0.145 0.8106666666666666 0.138 0.29333333333333333
0 0.285 0.8093333333333333 0.142 0.2906666666666667
0 0.425 0.804 0.142 0.296
0 0.564 0.8026666666666666 0.14 0.2986666666666667
0 0.564 0.23466666666666666 0.136 0.2826666666666667
0 0.699 0.236 0.134 0.28
0 0.828 0.23866666666666667 0.128 0.28
0 0.697 0.512 0.138 0.2773333333333333
0 0.83 0.5173333333333333 0.132 0.2826666666666667
0 0.697 0.7986666666666666 0.138 0.296
0 0.831 0.8026666666666666 0.134 0.29333333333333333
