0 0.11845386533665836 0.23166666666666666 0.16209476309226933 0.3233333333333333
0 0.27057356608478805 0.23833333333333334 0.16209476309226933 0.3233333333333333
0 0.4251870324189526 0.24333333333333335 0.15211970074812967 0.32666666666666666
0 0.5785536159600998 0.24166666666666667 0.1546134663341646 0.33
0 0.729426433915212 0.24 0.1571072319201995 0.32
0 0.8765586034912718 0.24666666666666667 0.1571072319201995 0.32
0 0.8728179551122195 0.5466666666666666 0.1546134663341646 0.29333333333333333
0 0.729426433915212 0.545 0.1371571072319202 0.2966666666666667
0 0.5798004987531172 0.545 0.16708229426433915 0.2966666666666667
0 0.4226932668329177 0.5516666666666666 0.14713216957605985 0.2966666666666667
0 0.27680798004987534 0.5483333333333333 0.1596009975062344 0.30333333333333334
0 0.13092269326683292 0.545 0.16209476309226933 0.30333333333333334
0 0.1633416458852868 0.8233333333333334 0.14214463840399003 0.2733333333333333
0 0.29800498753117205 0.8233333333333334 0.1571072319201995 0.2733333333333333
0 0.44389027431421446 0.8266666666666667 0.14463840399002495 0.26666666666666666
0 0.5822942643391521 0.8316666666666667 0.1371571072319202 0.2833333333333333
0 0.7169576059850374 0.8333333333333334 0.15211970074812967 0.28
