0 0.2675 0.15760869565217392 0.415 0.29347826086956524
0 0.2825 0.3786231884057971 0.38 0.19202898550724637
0 0.62875 0.2717391304347826 0.3275 0.35507246376811596
0 0.26625 0.5652173913043478 0.3025 0.2246376811594203
0 0.55 0.5489130434782609 0.29 0.20652173913043478
0 0.28875 0.7518115942028986 0.2775 0.17753623188405798
0 0.31 0.9021739130434783 0.265 0.16666666666666666
0 0.55 0.7282608695652174 0.265 0.17391304347826086
0 0.55125 0.8786231884057971 0.2475 0.16304347826086957
0 0.83 0.4492753623188406 0.29 0.36231884057971014
0 0.81625 0.7028985507246377 0.2775 0.1956521739130435
0 0.82125 0.8206521739130435 0.3075 0.22826086956521738
0 0.495 0.04528985507246377 0.065 0.07608695652173914
0 0.49875 0.11413043478260869 0.0575 0.06884057971014493
0 0.575 0.012681159420289856 0.075 0.025362318840579712
0 0.57625 0.06521739130434782 0.0725 0.07971014492753623
0 0.63625 0.05253623188405797 0.0425 0.10507246376811594
0 0.69375 0.014492753623188406 0.0675 0.028985507246376812
0 0.69375 0.06159420289855073 0.0725 0.07246376811594203
0 0.77 0.018115942028985508 0.095 0.036231884057971016
0 0.7675 0.08152173913043478 0.085 0.10507246376811594
0 0.86375 0.021739130434782608 0.1075 0.036231884057971016
0 0.87375 0.09963768115942029 0.1425 0.11956521739130435
0 0.95375 0.07065217391304347 0.0875 0.05434782608695652
0 0.94375 0.11956521739130435 0.0725 0.057971014492753624
