0 0.792 0.20464767616191903 0.312 0.1454272863568216
0 0.793 0.35082458770614694 0.314 0.1469265367316342
0 0.805 0.49775112443778113 0.314 0.1469265367316342
0 0.803 0.6454272863568216 0.318 0.14842578710644677
0 0.804 0.7976011994002998 0.316 0.14992503748125938
0 0.487 0.7946026986506747 0.314 0.14992503748125938
0 0.489 0.6446776611694153 0.31 0.14992503748125938
0 0.492 0.49775112443778113 0.304 0.14392803598200898
0 0.483 0.35157421289355323 0.306 0.1454272863568216
0 0.481 0.20539730134932535 0.306 0.14392803598200898
0 0.176 0.2136431784107946 0.304 0.1454272863568216
0 0.176 0.3568215892053973 0.304 0.1469265367316342
0 0.186 0.5007496251874063 0.304 0.1469265367316342
0 0.178 0.6461769115442278 0.312 0.14992503748125938
0 0.176 0.795352323838081 0.308 0.14842578710644677
