0 0.099 0.060719640179910044 0.198 0.12143928035982009
0 0.34 0.06221889055472264 0.296 0.12443778110944528
0 0.748 0.05997001499250375 0.504 0.1199400299850075
0 0.902 0.29610194902548725 0.196 0.36731634182908546
0 0.532 0.29535232383808097 0.584 0.3568215892053973
0 0.13 0.29535232383808097 0.26 0.35082458770614694
0 0.132 0.6026986506746627 0.264 0.28785607196401797
0 0.37 0.6154422788605697 0.256 0.30134932533733133
0 0.754 0.6274362818590704 0.492 0.3103448275862069
0 0.864 0.881559220389805 0.268 0.2368815592203898
0 0.528 0.8665667166416792 0.448 0.24287856071964017
0 0.197 0.8478260869565217 0.222 0.22938530734632684
0 0.056 0.8403298350824587 0.112 0.22938530734632684
0 0.061 0.9677661169415293 0.122 0.06446776611694154
0 0.211 0.9707646176911544 0.186 0.05847076461769116
0 0.405 0.9775112443778111 0.198 0.044977511244377814
0 0.616 0.9865067466266867 0.2 0.026986506746626688
0 0.844 0.9932533733133433 0.212 0.013493253373313344
