0 0.069 0.9173333333333333 0.13 0.11733333333333333
0 0.205 0.9133333333333333 0.15 0.12533333333333332
0 0.204 0.7853333333333333 0.152 0.152
0 0.207 0.656 0.154 0.17066666666666666
0 0.065 0.7986666666666666 0.13 0.12
0 0.065 0.6773333333333333 0.13 0.128
0 0.071 0.5346666666666666 0.142 0.16266666666666665
0 0.288 0.72 0.024 0.16533333333333333
0 0.289 0.8453333333333334 0.026 0.13866666666666666
0 0.219 0.604 0.158 0.152
0 0.154 0.484 0.288 0.152
0 0.153 0.36533333333333334 0.29 0.13333333333333333
0 0.171 0.104 0.266 0.128
0 0.396 0.11466666666666667 0.188 0.12266666666666666
0 0.397 0.23466666666666666 0.186 0.128
0 0.152 0.23466666666666666 0.304 0.13333333333333333
0 0.399 0.35733333333333334 0.19 0.112
0 0.395 0.472 0.182 0.11733333333333333
0 0.403 0.596 0.174 0.13066666666666665
0 0.406 0.7106666666666667 0.168 0.11466666666666667
0 0.404 0.8226666666666667 0.168 0.11466666666666667
0 0.602 0.9213333333333333 0.212 0.13066666666666665
0 0.609 0.768 0.222 0.18666666666666668
0 0.618 0.624 0.232 0.21333333333333335
0 0.662 0.504 0.172 0.18133333333333335
0 0.667 0.38266666666666665 0.174 0.168
0 0.538 0.452 0.084 0.136
0 0.595 0.3453333333333333 0.186 0.11466666666666667
0 0.594 0.22666666666666666 0.196 0.12266666666666666
0 0.592 0.104 0.192 0.128
0 0.713 0.09733333333333333 0.05 0.136
0 0.706 0.232 0.036 0.13866666666666666
0 0.705 0.3 0.038 0.04533333333333334
0 0.862 0.10133333333333333 0.276 0.15466666666666667
0 0.862 0.244 0.276 0.15733333333333333
0 0.85 0.9173333333333333 0.288 0.128
0 0.858 0.7946666666666666 0.284 0.13333333333333333
0 0.865 0.6613333333333333 0.27 0.13333333333333333
0 0.872 0.5293333333333333 0.256 0.136
0 0.861 0.38666666666666666 0.278 0.14933333333333335
