0 0.185 0.04122938530734633 0.126 0.046476761619190406
0 0.31 0.03373313343328336 0.132 0.049475262368815595
0 0.441 0.04272863568215892 0.134 0.06446776611694154
0 0.597 0.04422788605697151 0.13 0.049475262368815595
0 0.736 0.023238380809595203 0.14 0.043478260869565216
0 0.874 0.020989505247376312 0.136 0.038980509745127435
0 0.969 0.02848575712143928 0.062 0.044977511244377814
0 0.965 0.07721139430284858 0.066 0.046476761619190406
0 0.965 0.11244377811094453 0.066 0.047976011994003
0 0.913 0.1634182908545727 0.17 0.05697151424287856
0 0.911 0.22263868065967016 0.17 0.05547226386806597
0 0.902 0.27811094452773616 0.168 0.05847076461769116
0 0.891 0.3395802098950525 0.17 0.05847076461769116
0 0.985 0.3568215892053973 0.03 0.053973013493253376
0 0.885 0.3988005997001499 0.166 0.05997001499250375
0 0.313 0.08470764617691154 0.126 0.043478260869565216
0 0.18 0.08695652173913043 0.128 0.044977511244377814
0 0.455 0.09220389805097451 0.134 0.05847076461769116
0 0.592 0.08920539730134933 0.128 0.034482758620689655
0 0.729 0.0727136431784108 0.138 0.046476761619190406
0 0.587 0.13343328335832083 0.162 0.05697151424287856
0 0.731 0.12143928035982009 0.126 0.029985007496251874
0 0.749 0.15517241379310345 0.166 0.05547226386806597
0 0.745 0.2151424287856072 0.162 0.05847076461769116
0 0.739 0.27436281859070466 0.158 0.053973013493253376
0 0.722 0.3335832083958021 0.164 0.05547226386806597
0 0.572 0.29910044977511246 0.152 0.05247376311844078
0 0.56 0.348575712143928 0.152 0.05247376311844078
0 0.405 0.348575712143928 0.154 0.05247376311844078
0 0.414 0.29160419790104947 0.152 0.05847076461769116
0 0.428 0.13043478260869565 0.132 0.026986506746626688
0 0.421 0.1724137931034483 0.158 0.053973013493253376
0 0.583 0.1926536731634183 0.162 0.049475262368815595
0 0.578 0.24812593703148425 0.164 0.05847076461769116
0 0.396 0.2376311844077961 0.16 0.05547226386806597
0 0.301 0.13043478260869565 0.122 0.041979010494752625
0 0.137 0.11019490254872563 0.25 0.08245877061469266
0 0.253 0.17916041979010494 0.174 0.0704647676161919
0 0.238 0.2376311844077961 0.16 0.05547226386806597
0 0.255 0.29685157421289354 0.158 0.06596701649175413
0 0.249 0.3545727136431784 0.158 0.06146926536731634
0 0.252 0.4032983508245877 0.172 0.05697151424287856
0 0.085 0.16941529235382308 0.162 0.08095952023988005
0 0.08 0.22638680659670166 0.152 0.06896551724137931
0 0.099 0.2818590704647676 0.158 0.06296851574212893
0 0.087 0.3343328335832084 0.154 0.05697151424287856
0 0.863 0.1206896551724138 0.134 0.043478260869565216
0 0.866 0.0734632683658171 0.14 0.047976011994003
0 0.72 0.3868065967016492 0.164 0.05697151424287856
0 0.567 0.40104947526236884 0.15 0.049475262368815595
0 0.416 0.39730134932533734 0.148 0.050974512743628186
0 0.086 0.3800599700149925 0.16 0.05247376311844078
0 0.087 0.431784107946027 0.154 0.05697151424287856
0 0.08 0.5194902548725637 0.16 0.13343328335832083
0 0.257 0.4505247376311844 0.174 0.0704647676161919
0 0.25 0.4992503748125937 0.18 0.047976011994003
0 0.422 0.44302848575712145 0.148 0.05247376311844078
0 0.573 0.4505247376311844 0.146 0.046476761619190406
0 0.723 0.44002998500749624 0.154 0.06746626686656672
0 0.883 0.4617691154422789 0.174 0.06596701649175413
0 0.873 0.5119940029985007 0.162 0.05247376311844078
0 0.717 0.4947526236881559 0.154 0.050974512743628186
0 0.565 0.49250374812593706 0.142 0.046476761619190406
0 0.422 0.4910044977511244 0.14 0.049475262368815595
0 0.4 0.5704647676161919 0.192 0.11544227886056972
0 0.561 0.5727136431784108 0.17 0.11694152923538231
0 0.743 0.5704647676161919 0.186 0.1184407796101949
0 0.902 0.5884557721139431 0.192 0.12143928035982009
0 0.969 0.5487256371814093 0.054 0.044977511244377814
0 0.977 0.5022488755622189 0.042 0.041979010494752625
0 0.244 0.5599700149925038 0.22 0.1184407796101949
0 0.277 0.7203898050974513 0.298 0.19940029985007496
0 0.507 0.7488755622188905 0.262 0.22638680659670166
0 0.77 0.7503748125937032 0.252 0.23238380809595202
0 0.912 0.760119940029985 0.172 0.22188905547226387
0 0.125 0.6521739130434783 0.246 0.1889055472263868
0 0.287 0.8380809595202399 0.234 0.09895052473763119
0 0.065 0.7788605697151424 0.126 0.06146926536731634
0 0.084 0.8373313343328336 0.168 0.06446776611694154
0 0.524 0.8448275862068966 0.224 0.13943028485757122
0 0.939 0.9070464767616192 0.118 0.07796101949025487
0 0.755 0.8943028485757122 0.238 0.08245877061469266
0 0.742 0.954272863568216 0.216 0.07646176911544228
0 0.524 0.9265367316341829 0.212 0.07796101949025487
0 0.306 0.9085457271364318 0.216 0.07496251874062969
0 0.099 0.8980509745127436 0.194 0.07496251874062969
0 0.09 0.9647676161919041 0.176 0.06446776611694154
0 0.29 0.9625187406296851 0.228 0.06896551724137931
0 0.516 0.9715142428785607 0.204 0.050974512743628186
0 0.924 0.967016491754123 0.14 0.06296851574212893
0 0.732 0.9850074962518741 0.216 0.0239880059970015
