0 0.117 0.075 0.234 0.146
0 0.396 0.072 0.324 0.14
0 0.719 0.075 0.326 0.146
0 0.94 0.135 0.12 0.266
0 0.944 0.365 0.112 0.202
0 0.945 0.6 0.11 0.216
0 0.952 0.787 0.096 0.142
0 0.957 0.929 0.086 0.138
0 0.762 0.957 0.34 0.086
0 0.417 0.963 0.346 0.074
0 0.121 0.962 0.242 0.076
0 0.12 0.83 0.24 0.208
0 0.411 0.83 0.346 0.212
0 0.75 0.821 0.34 0.206
0 0.738 0.623 0.332 0.198
0 0.402 0.628 0.336 0.208
0 0.12 0.631 0.24 0.202
0 0.118 0.435 0.236 0.194
0 0.4 0.431 0.34 0.198
0 0.728 0.434 0.324 0.192
0 0.726 0.241 0.328 0.194
0 0.395 0.24 0.326 0.196
0 0.118 0.245 0.236 0.194
