0 0.3729166666666667 0.140625 0.3458333333333333 0.125
0 0.6708333333333333 0.1765625 0.25833333333333336 0.115625
0 0.17083333333333334 0.24375 0.075 0.08125
0 0.30833333333333335 0.23125 0.21666666666666667 0.1
0 0.5395833333333333 0.2484375 0.1875 0.090625
0 0.6979166666666666 0.259375 0.15416666666666667 0.0875
0 0.18541666666666667 0.3171875 0.020833333333333332 0.078125
0 0.36041666666666666 0.3234375 0.32916666666666666 0.090625
0 0.6541666666666667 0.3328125 0.25833333333333336 0.090625
0 0.18541666666666667 0.3890625 0.0375 0.071875
0 0.3645833333333333 0.4046875 0.32916666666666666 0.090625
0 0.6479166666666667 0.409375 0.2375 0.08125
0 0.18333333333333332 0.4515625 0.03333333333333333 0.065625
0 0.3104166666666667 0.484375 0.22916666666666666 0.10625
0 0.5229166666666667 0.4875 0.19583333333333333 0.075
0 0.68125 0.4828125 0.12916666666666668 0.071875
0 0.18541666666666667 0.5140625 0.0375 0.078125
0 0.3125 0.5546875 0.225 0.121875
0 0.5166666666666667 0.553125 0.18333333333333332 0.09375
0 0.66875 0.5546875 0.12916666666666668 0.065625
0 0.3020833333333333 0.6265625 0.3125 0.115625
0 0.5791666666666667 0.61875 0.24166666666666667 0.06875
0 0.3 0.7109375 0.31666666666666665 0.115625
0 0.5770833333333333 0.6859375 0.2375 0.084375
0 0.3145833333333333 0.78125 0.19583333333333333 0.0875
0 0.4895833333333333 0.7625 0.15416666666666667 0.08125
0 0.6270833333333333 0.74375 0.12916666666666668 0.075
0 0.28958333333333336 0.8359375 0.2125 0.140625
0 0.4708333333333333 0.834375 0.15833333333333333 0.09375
0 0.6125 0.8140625 0.13333333333333333 0.084375
