0 0.173 0.262 0.258 0.088
0 0.406 0.268 0.236 0.088
0 0.145 0.357 0.278 0.106
0 0.393 0.362 0.258 0.112
0 0.128 0.465 0.256 0.126
0 0.372 0.478 0.288 0.136
0 0.115 0.657 0.23 0.266
0 0.353 0.671 0.322 0.274
0 0.137 0.836 0.274 0.104
0 0.371 0.844 0.282 0.104
0 0.173 0.932 0.266 0.1
0 0.397 0.933 0.242 0.074
0 0.64 0.271 0.24 0.086
0 0.872 0.258 0.252 0.104
0 0.645 0.364 0.258 0.108
0 0.878 0.354 0.24 0.116
0 0.654 0.521 0.284 0.218
0 0.648 0.786 0.276 0.32
0 0.642 0.958 0.236 0.08
0 0.886 0.505 0.224 0.362
0 0.886 0.721 0.224 0.218
0 0.869 0.912 0.262 0.176
