0 0.15017064846416384 0.0659090909090909 0.3003412969283277 0.1318181818181818
0 0.4522184300341297 0.075 0.29692832764505117 0.15
0 0.7389078498293515 0.08181818181818182 0.2696245733788396 0.16363636363636364
0 0.9300341296928327 0.08636363636363636 0.13993174061433447 0.17272727272727273
0 0.14846416382252559 0.2318181818181818 0.29692832764505117 0.21818181818181817
0 0.447098976109215 0.25227272727272726 0.28668941979522183 0.21363636363636362
0 0.7218430034129693 0.24545454545454545 0.2627986348122867 0.2
0 0.9163822525597269 0.2681818181818182 0.16040955631399317 0.18181818181818182
0 0.14675767918088736 0.43636363636363634 0.2935153583617747 0.18181818181818182
0 0.4351535836177474 0.4431818181818182 0.2764505119453925 0.17727272727272728
0 0.6945392491467577 0.4340909090909091 0.2627986348122867 0.17727272727272728
0 0.9061433447098977 0.43636363636363634 0.18771331058020477 0.17272727272727273
0 0.14846416382252559 0.6204545454545455 0.2901023890784983 0.16818181818181818
0 0.010238907849829351 0.7795454545454545 0.020477815699658702 0.18636363636363637
0 0.15358361774744028 0.7795454545454545 0.27986348122866894 0.1590909090909091
0 0.4232081911262799 0.6181818181818182 0.2593856655290102 0.16363636363636364
0 0.6791808873720137 0.6 0.2525597269624573 0.15454545454545454
0 0.8976109215017065 0.5909090909090909 0.20477815699658702 0.14545454545454545
0 0.8873720136518771 0.7431818181818182 0.21843003412969283 0.1409090909090909
0 0.8651877133105802 0.875 0.22866894197952217 0.1409090909090909
0 0.9863481228668942 0.8022727272727272 0.027303754266211604 0.19545454545454546
0 0.15187713310580206 0.9227272727272727 0.2764505119453925 0.14545454545454545
0 0.011945392491467578 0.9363636363636364 0.023890784982935155 0.11818181818181818
0 0.42150170648464164 0.7681818181818182 0.24914675767918087 0.15454545454545454
0 0.4180887372013652 0.9159090909090909 0.24232081911262798 0.1590909090909091
0 0.6672354948805461 0.7568181818181818 0.2354948805460751 0.1409090909090909
0 0.6467576791808873 0.8954545454545455 0.22866894197952217 0.13636363636363635
