0 0.907 0.24266666666666667 0.134 0.272
0 0.777 0.23733333333333334 0.134 0.272
0 0.645 0.23733333333333334 0.134 0.272
0 0.505 0.23466666666666666 0.134 0.272
0 0.377 0.23066666666666666 0.134 0.2693333333333333
0 0.249 0.23866666666666667 0.134 0.25866666666666666
0 0.114 0.24 0.136 0.26666666666666666
0 0.112 0.5066666666666667 0.14 0.272
0 0.248 0.5053333333333333 0.136 0.27466666666666667
0 0.385 0.5066666666666667 0.13 0.2826666666666667
0 0.518 0.5093333333333333 0.132 0.288
0 0.651 0.5133333333333333 0.134 0.28
0 0.783 0.5106666666666667 0.134 0.28
0 0.908 0.512 0.128 0.2773333333333333
0 0.897 0.7866666666666666 0.13 0.272
0 0.767 0.788 0.134 0.2693333333333333
0 0.635 0.7853333333333333 0.134 0.2693333333333333
0 0.501 0.7853333333333333 0.138 0.27466666666666667
0 0.367 0.7813333333333333 0.134 0.2773333333333333
0 0.237 0.78 0.138 0.27466666666666667
0 0.106 0.7773333333333333 0.132 0.27466666666666667
