0 0.7340966921119593 0.095 0.5318066157760815 0.19
0 0.7201017811704835 0.26285714285714284 0.5597964376590331 0.20857142857142857
0 0.7239185750636132 0.4642857142857143 0.5521628498727735 0.20857142857142857
0 0.7239185750636132 0.6221428571428571 0.5521628498727735 0.1957142857142857
0 0.7340966921119593 0.7585714285714286 0.5318066157760815 0.21142857142857144
0 0.7442748091603053 0.8735714285714286 0.5114503816793893 0.20714285714285716
0 0.7531806615776081 0.945 0.49363867684478374 0.10428571428571429
0 0.2455470737913486 0.9364285714285714 0.4910941475826972 0.12714285714285714
0 0.23791348600508905 0.845 0.4758269720101781 0.22428571428571428
0 0.22391857506361323 0.6778571428571428 0.44783715012722647 0.2357142857142857
0 0.22010178117048346 0.4942857142857143 0.4402035623409669 0.23714285714285716
0 0.21755725190839695 0.2807142857142857 0.4351145038167939 0.25
0 0.22646310432569974 0.07785714285714286 0.4529262086513995 0.15571428571428572
