0 0.01020408163265306 0.09666666666666666 0.02040816326530612 0.13333333333333333
0 0.09766763848396501 0.09 0.15451895043731778 0.14666666666666667
0 0.24052478134110788 0.08666666666666667 0.14285714285714285 0.14666666666666667
0 0.4037900874635568 0.085 0.1836734693877551 0.15666666666666668
0 0.5641399416909622 0.10333333333333333 0.13702623906705538 0.12666666666666668
0 0.9766763848396501 0.44 0.029154518950437316 0.04
0 0.9839650145772595 0.38666666666666666 0.03206997084548105 0.06
0 0.7186588921282799 0.11 0.17201166180758018 0.11333333333333333
0 0.8862973760932945 0.11166666666666666 0.16326530612244897 0.09666666666666666
0 0.7142857142857143 0.22 0.16326530612244897 0.10666666666666667
0 0.892128279883382 0.21333333333333335 0.18075801749271136 0.11333333333333333
0 0.6865889212827988 0.3233333333333333 0.10787172011661808 0.1
0 0.7973760932944607 0.3233333333333333 0.11370262390670553 0.1
0 0.9110787172011662 0.32166666666666666 0.10787172011661808 0.10333333333333333
0 0.5102040816326531 0.225 0.239067055393586 0.14333333333333334
0 0.5524781341107872 0.35833333333333334 0.16034985422740525 0.14333333333333334
0 0.5116618075801749 0.4816666666666667 0.2303206997084548 0.15666666666666668
0 0.5481049562682215 0.5933333333333334 0.15160349854227406 0.16666666666666666
0 0.5131195335276968 0.7116666666666667 0.22740524781341107 0.16333333333333333
0 0.5495626822157434 0.82 0.16034985422740525 0.17333333333333334
0 0.7040816326530612 0.9216666666666666 0.20699708454810495 0.15666666666666668
0 0.7084548104956269 0.8166666666666667 0.18075801749271136 0.08
0 0.7099125364431487 0.7616666666666667 0.16034985422740525 0.056666666666666664
0 0.7128279883381924 0.4216666666666667 0.16034985422740525 0.09
0 0.8790087463556852 0.41833333333333333 0.1661807580174927 0.09666666666666666
0 0.793002915451895 0.5183333333333333 0.11661807580174927 0.09666666666666666
0 0.902332361516035 0.5183333333333333 0.11370262390670553 0.09666666666666666
0 0.6822157434402333 0.5116666666666667 0.11078717201166181 0.09
0 0.7113702623906706 0.61 0.16326530612244897 0.08666666666666667
0 0.8673469387755102 0.61 0.1661807580174927 0.09333333333333334
0 0.782798833819242 0.6983333333333334 0.11370262390670553 0.09
0 0.6778425655976676 0.695 0.09620991253644315 0.08333333333333333
0 0.892128279883382 0.7016666666666667 0.11078717201166181 0.09
0 0.8673469387755102 0.7883333333333333 0.15451895043731778 0.09
0 0.40233236151603496 0.615 0.13411078717201166 0.12333333333333334
0 0.30174927113702626 0.7283333333333334 0.19533527696793002 0.11666666666666667
0 0.09329446064139942 0.23 0.18658892128279883 0.13333333333333333
0 0.2857142857142857 0.22833333333333333 0.2099125364431487 0.13666666666666666
0 0.40233236151603496 0.36333333333333334 0.13994169096209913 0.13333333333333333
0 0.26676384839650147 0.36666666666666664 0.14285714285714285 0.13333333333333333
0 0.1282798833819242 0.36333333333333334 0.13411078717201166 0.12666666666666668
0 0.03498542274052478 0.36333333333333334 0.06997084548104957 0.12666666666666668
0 0.09766763848396501 0.4816666666666667 0.19533527696793002 0.11666666666666667
0 0.29591836734693877 0.49 0.20116618075801748 0.12666666666666668
0 0.26822157434402333 0.6066666666666667 0.13411078717201166 0.12666666666666668
0 0.141399416909621 0.6016666666666667 0.13119533527696792 0.13
0 0.04081632653061224 0.595 0.08163265306122448 0.13
0 0.40524781341107874 0.8466666666666667 0.1282798833819242 0.11333333333333333
0 0.5014577259475219 0.9533333333333334 0.1924198250728863 0.09333333333333334
0 0.30612244897959184 0.945 0.18658892128279883 0.11
0 0.27405247813411077 0.84 0.1282798833819242 0.10666666666666667
0 0.1239067055393586 0.935 0.17201166180758018 0.11666666666666667
0 0.01749271137026239 0.92 0.03498542274052478 0.09333333333333334
0 0.043731778425655975 0.8216666666666667 0.08746355685131195 0.10333333333333333
0 0.14723032069970846 0.8283333333333334 0.119533527696793 0.11
0 0.011661807580174927 0.7166666666666667 0.023323615160349854 0.11333333333333333
0 0.11078717201166181 0.72 0.18658892128279883 0.12
