0 0.069 0.2257142857142857 0.138 0.3942857142857143
0 0.225 0.22285714285714286 0.298 0.44571428571428573
0 0.528 0.23904761904761904 0.404 0.4780952380952381
0 0.863 0.25047619047619046 0.274 0.5009523809523809
0 0.096 0.5866666666666667 0.192 0.32761904761904764
0 0.283 0.6285714285714286 0.274 0.3923809523809524
0 0.561 0.6847619047619048 0.35 0.4552380952380952
0 0.863 0.741904761904762 0.274 0.5161904761904762
0 0.113 0.86 0.226 0.28
0 0.318 0.8819047619047619 0.248 0.2361904761904762
0 0.583 0.9180952380952381 0.298 0.16380952380952382
0 0.864 0.9676190476190476 0.272 0.06476190476190476
