0 0.17057315650518817 0.29508196721311475 0.2029993246147234 0.23224043715846993
0 0.14716491680481367 0.5140027322404372 0.17460244366672806 0.21379781420765032
0 0.32982593479462147 0.5013661202185792 0.1968594584638055 0.2308743169398907
0 0.33270399705286424 0.375 0.12433228955608769 0.0382513661202186
0 0.46739731073862595 0.4515027322404372 0.1465893043531651 0.25000000000000006
0 0.4898461963529195 0.5887978142076503 0.1247160311905201 0.04371584699453555
0 0.11531436114692699 0.7677595628415301 0.212976607109965 0.2991803278688525
0 0.3129413028795972 0.7575136612021858 0.19992939153926448 0.30327868852459017
0 0.10361024129673974 0.9634562841530055 0.19494075029164365 0.06625683060109282
0 0.30315589120157177 0.9559426229508196 0.2033830662491558 0.07991803278688527
0 0.5028089887640449 0.9412348178137651 0.1891385767790262 0.1108636977058031
0 0.5023859769197133 0.7428087986463622 0.184414152360311 0.29949238578680215
0 0.6639860073385426 0.7072758037225043 0.179661210289169 0.3350253807106599
0 0.6093549992888635 0.5450949367088608 0.13659744939079313 0.0986286919831223
0 0.600169487507704 0.3847573839662447 0.13481960840089122 0.2420886075949367
