0 0.4227467811158798 0.046511627906976744 0.7553648068669528 0.09302325581395349
0 0.8969957081545065 0.04568106312292359 0.20600858369098712 0.09136212624584718
0 0.8873390557939914 0.15946843853820597 0.22532188841201717 0.14285714285714285
0 0.4238197424892704 0.1644518272425249 0.7317596566523605 0.13953488372093023
0 0.4302575107296137 0.29651162790697677 0.6845493562231759 0.12790697674418605
0 0.44206008583690987 0.4950166112956811 0.8841201716738197 0.2857142857142857
0 0.8830472103004292 0.29401993355481726 0.23390557939914164 0.12624584717607973
0 0.8776824034334764 0.4019933554817276 0.2446351931330472 0.08305647840531562
0 0.9206008583690987 0.6262458471760798 0.15879828326180256 0.3089700996677741
0 0.4313304721030043 0.7101328903654485 0.8626609442060086 0.15780730897009967
0 0.41630901287553645 0.8488372093023255 0.8326180257510729 0.13953488372093023
0 0.4055793991416309 0.9534883720930233 0.8111587982832618 0.09302325581395349
0 0.9034334763948498 0.8471760797342193 0.19313304721030042 0.13953488372093023
0 0.9002145922746781 0.9551495016611296 0.19957081545064378 0.08970099667774087
0 0.028969957081545063 0.19186046511627908 0.05793991416309013 0.38372093023255816
0 0.05793991416309013 0.1760797342192691 0.08583690987124463 0.3488372093023256
