0 0.44835680751173707 0.19014084507042253 0.4460093896713615 0.31690140845070425
0 0.6901408450704225 0.13732394366197184 0.056338028169014086 0.04225352112676056
0 0.8145539906103286 0.30985915492957744 0.3615023474178404 0.36619718309859156
0 0.3568075117370892 0.3609154929577465 0.27230046948356806 0.08098591549295775
0 0.29577464788732394 0.4982394366197183 0.19718309859154928 0.0880281690140845
0 0.49295774647887325 0.5088028169014085 0.1784037558685446 0.06690140845070422
0 0.4131455399061033 0.6936619718309859 0.5070422535211268 0.29577464788732394
0 0.7934272300469484 0.6566901408450704 0.3286384976525822 0.35563380281690143
0 0.3075117370892019 0.4137323943661972 0.18309859154929578 0.0528169014084507
0 0.5305164319248826 0.3785211267605634 0.06572769953051644 0.0528169014084507
0 0.5845070422535211 0.3926056338028169 0.04225352112676056 0.08098591549295775
0 0.6220657276995305 0.3908450704225352 0.04225352112676056 0.08450704225352113
0 0.6056338028169014 0.5123239436619719 0.046948356807511735 0.05985915492957746
