0 0.11 0.29133858267716534 0.216 0.265466816647919
0 0.241 0.29865016872890887 0.398 0.2778402699662542
0 0.413 0.2980877390326209 0.322 0.29021372328458944
0 0.785 0.2525309336332958 0.43 0.2283464566929134
0 0.729 0.5230596175478065 0.542 0.3217097862767154
0 0.905 0.7784026996625422 0.19 0.20247469066366705
0 0.735 0.7620922384701913 0.178 0.1968503937007874
0 0.564 0.7463442069741283 0.16 0.18785151856017998
0 0.718 0.9156355455568054 0.476 0.1687289088863892
0 0.7 0.9876265466816648 0.148 0.020247469066366704
0 0.559 0.9808773903262092 0.142 0.03824521934758155
0 0.414 0.9769403824521935 0.128 0.04611923509561305
0 0.403 0.8942632170978627 0.158 0.15073115860517436
0 0.279 0.968503937007874 0.13 0.06299212598425197
0 0.16 0.9611923509561305 0.124 0.07311586051743532
0 0.058 0.9595050618672666 0.116 0.08098987626546682
0 0.053 0.859392575928009 0.106 0.1327334083239595
0 0.028 0.7148481439820022 0.056 0.15410573678290213
0 0.082 0.5281214848143982 0.164 0.2215973003374578
0 0.206 0.5410573678290214 0.196 0.2092238470191226
0 0.425 0.5106861642294713 0.294 0.296962879640045
0 0.403 0.7373453318335208 0.178 0.18785151856017998
0 0.256 0.7322834645669292 0.176 0.17997750281214847
0 0.107 0.7159730033745781 0.186 0.18110236220472442
0 0.14 0.8667041619797525 0.168 0.14735658042744657
0 0.271 0.8773903262092239 0.158 0.15748031496062992
