0 0.978 0.17117117117117117 0.044 0.23423423423423423
0 0.591 0.1921921921921922 0.29 0.25825825825825827
0 0.083 0.0960960960960961 0.042 0.1921921921921922
0 0.032 0.08858858858858859 0.064 0.17717717717717718
0 0.976 0.4039039039039039 0.048 0.23123123123123124
0 0.975 0.6336336336336337 0.05 0.22822822822822822
0 0.975 0.8588588588588588 0.05 0.23423423423423423
0 0.874 0.4114114114114114 0.148 0.24024024024024024
0 0.73 0.4264264264264264 0.152 0.24024024024024024
0 0.526 0.4264264264264264 0.256 0.2702702702702703
0 0.838 0.6501501501501501 0.224 0.2552552552552553
0 0.582 0.6651651651651652 0.292 0.2672672672672673
0 0.869 0.8678678678678678 0.146 0.24024024024024024
0 0.723 0.8858858858858859 0.15 0.22822822822822822
0 0.524 0.8738738738738738 0.244 0.25225225225225223
0 0.377 0.3918918918918919 0.058 0.24924924924924924
0 0.392 0.6306306306306306 0.096 0.2702702702702703
0 0.374 0.8423423423423423 0.056 0.2552552552552553
0 0.393 0.9669669669669669 0.082 0.06606606606606606
0 0.305 0.3663663663663664 0.09 0.23423423423423423
0 0.319 0.5930930930930931 0.054 0.24324324324324326
0 0.308 0.8048048048048048 0.084 0.24624624624624625
0 0.252 0.5615615615615616 0.08 0.25825825825825827
0 0.192 0.527027027027027 0.044 0.21921921921921922
0 0.237 0.34234234234234234 0.046 0.2222222222222222
0 0.181 0.3213213213213213 0.07 0.21621621621621623
0 0.124 0.2957957957957958 0.048 0.2132132132132132
0 0.13 0.5015015015015015 0.08 0.22822822822822822
0 0.242 0.7567567567567568 0.048 0.23423423423423423
0 0.176 0.7327327327327328 0.072 0.25825825825825827
0 0.119 0.6831831831831832 0.042 0.21921921921921922
0 0.326 0.948948948948949 0.052 0.1021021021021021
0 0.258 0.918918918918919 0.084 0.16216216216216217
0 0.188 0.9144144144144144 0.04 0.17117117117117117
0 0.13 0.8798798798798799 0.076 0.24024024024024024
0 0.05 0.2702702702702703 0.1 0.22822822822822822
0 0.046 0.481981981981982 0.092 0.2012012012012012
0 0.046 0.6726726726726727 0.092 0.1981981981981982
0 0.046 0.8648648648648649 0.092 0.2042042042042042
0 0.821 0.18018018018018017 0.274 0.25825825825825827
0 0.464 0.16666666666666666 0.232 0.2672672672672673
0 0.375 0.14714714714714713 0.162 0.24024024024024024
0 0.296 0.13663663663663664 0.168 0.23723723723723725
0 0.239 0.12012012012012012 0.134 0.2222222222222222
0 0.177 0.10960960960960961 0.15 0.21921921921921922
0 0.602 0.042042042042042045 0.228 0.042042042042042045
0 0.737 0.03453453453453453 0.266 0.04504504504504504
