0 0.7715430861723447 0.42914438502673796 0.45691382765531063 0.2914438502673797
0 0.7675350701402806 0.7286096256684492 0.4649298597194389 0.2967914438502674
0 0.3016032064128257 0.4318181818181818 0.4709418837675351 0.28609625668449196
0 0.2955911823647295 0.7219251336898396 0.48296593186372744 0.2887700534759358
0 0.9208416833667334 0.20320855614973263 0.15831663326653306 0.1657754010695187
0 0.7164328657314629 0.2072192513368984 0.2545090180360721 0.15775401069518716
0 0.45991983967935873 0.20320855614973263 0.25851703406813625 0.1711229946524064
0 0.19739478957915832 0.2072192513368984 0.2625250501002004 0.17379679144385027
0 0.9178356713426854 0.06283422459893048 0.16432865731462926 0.12566844919786097
0 0.7104208416833667 0.06417112299465241 0.250501002004008 0.12834224598930483
0 0.45390781563126253 0.05748663101604278 0.25851703406813625 0.11497326203208556
0 0.19539078156312625 0.058823529411764705 0.2545090180360721 0.11764705882352941
0 0.03406813627254509 0.12433155080213903 0.06813627254509018 0.22727272727272727
0 0.03406813627254509 0.3582887700534759 0.06813627254509018 0.24064171122994651
0 0.033066132264529056 0.6002673796791443 0.06613226452905811 0.23796791443850268
0 0.03206412825651302 0.8221925133689839 0.06412825651302605 0.19518716577540107
0 0.30360721442885774 0.8943850267379679 0.4789579158316633 0.05080213903743316
0 0.7745490981963928 0.8983957219251337 0.45090180360721444 0.0374331550802139
