0 0.816 0.010666666666666666 0.212 0.021333333333333333
0 0.563 0.024 0.274 0.048
0 0.381 0.028 0.082 0.056
0 0.17 0.02666666666666667 0.34 0.05333333333333334
0 0.187 0.16666666666666666 0.374 0.31733333333333336
0 0.452 0.17333333333333334 0.18 0.2613333333333333
0 0.66 0.16 0.236 0.2826666666666667
0 0.889 0.148 0.222 0.296
0 0.858 0.424 0.284 0.2613333333333333
0 0.578 0.4226666666666667 0.272 0.248
0 0.394 0.42 0.096 0.22666666666666666
0 0.176 0.4493333333333333 0.352 0.2906666666666667
0 0.207 0.708 0.382 0.3333333333333333
0 0.443 0.6573333333333333 0.218 0.27466666666666667
0 0.652 0.68 0.236 0.2826666666666667
0 0.881 0.6973333333333334 0.238 0.296
0 0.126 0.9226666666666666 0.196 0.15466666666666667
0 0.372 0.8893333333333333 0.312 0.22133333333333333
0 0.593 0.8973333333333333 0.306 0.20533333333333334
0 0.848 0.9026666666666666 0.304 0.19466666666666665
