0 0.93 0.6657681940700808 0.092 0.4582210242587601
0 0.857 0.6617250673854448 0.086 0.4555256064690027
0 0.789 0.6590296495956873 0.082 0.4555256064690027
0 0.718 0.6630727762803235 0.076 0.4528301886792453
0 0.649 0.6671159029649596 0.07 0.4501347708894879
0 0.56 0.7048517520215634 0.148 0.5040431266846361
0 0.38 0.6954177897574124 0.22 0.4474393530997305
0 0.208 0.6981132075471698 0.144 0.3611859838274933
0 0.075 0.692722371967655 0.15 0.3665768194070081
0 0.88 0.21428571428571427 0.144 0.42857142857142855
0 0.819 0.21428571428571427 0.13 0.42857142857142855
0 0.761 0.2183288409703504 0.106 0.4366576819407008
0 0.708 0.2183288409703504 0.08 0.4366576819407008
0 0.648 0.2183288409703504 0.072 0.4366576819407008
0 0.552 0.22776280323450135 0.16 0.4555256064690027
0 0.381 0.26819407008086255 0.214 0.4339622641509434
0 0.218 0.3450134770889488 0.132 0.33962264150943394
0 0.085 0.3436657681940701 0.17 0.33692722371967654
