0 0.687 0.48050974512743627 0.406 0.24737631184407796
0 0.69 0.3193403298350825 0.432 0.12893553223388307
0 0.265 0.3095952023988006 0.414 0.09145427286356822
0 0.262 0.411544227886057 0.444 0.11244377811094453
0 0.253 0.5667166416791605 0.47 0.2098950524737631
0 0.915 0.49025487256371814 0.17 0.22488755622188905
0 0.943 0.3350824587706147 0.114 0.09145427286356822
0 0.745 0.676911544227886 0.51 0.15142428785607195
0 0.395 0.7923538230884558 0.262 0.13043478260869565
0 0.141 0.7923538230884558 0.274 0.11544227886056972
0 0.367 0.6949025487256372 0.25 0.0734632683658171
0 0.123 0.7076461769115442 0.238 0.06296851574212893
0 0.227 0.22263868065967016 0.13 0.08245877061469266
