0 0.21354166666666666 0.40234375 0.16041666666666668 0.1265625
0 0.35208333333333336 0.334375 0.12083333333333333 0.08125
0 0.3333333333333333 0.4234375 0.15833333333333333 0.1
0 0.47708333333333336 0.28125 0.16666666666666666 0.10625
0 0.48854166666666665 0.36953125 0.15625 0.1078125
0 0.6552083333333333 0.3609375 0.16875 0.10625
0 0.7916666666666666 0.2578125 0.18333333333333332 0.103125
0 0.840625 0.3484375 0.19791666666666666 0.121875
0 0.834375 0.45546875 0.16458333333333333 0.1078125
0 0.6697916666666667 0.46328125 0.17291666666666666 0.1109375
0 0.509375 0.465625 0.16041666666666668 0.103125
0 0.2677083333333333 0.5546875 0.33125 0.184375
0 0.159375 0.73203125 0.17708333333333334 0.1859375
0 0.325 0.734375 0.18333333333333332 0.1875
0 0.515625 0.7203125 0.17708333333333334 0.215625
0 0.6875 0.7203125 0.17916666666666667 0.225
0 0.675 0.565625 0.16666666666666666 0.103125
0 0.5114583333333333 0.56640625 0.16041666666666668 0.1046875
0 0.8479166666666667 0.71875 0.17083333333333334 0.221875
0 0.8510416666666667 0.5546875 0.17291666666666666 0.10625
