0 0.12409828174236034 0.11055600180067261 0.20176639479982109 0.21846395565402374
0 0.11061304892579027 0.35395574229197374 0.15840881080730454 0.30717356188929396
0 0.1196601038533626 0.6399449206026957 0.17650292066244924 0.32129648427500856
0 0.11897730725505526 0.8665736907609607 0.1812824968506007 0.25200589632009596
0 0.2942853338704666 0.8930541702341757 0.20620457268881887 0.1981622547245589
0 0.29906491005861807 0.6902578316018042 0.20142499650066745 0.35395574229197374
0 0.28097080020347337 0.37006470063817953 0.2096185556803556 0.3588104968620632
0 0.2976993168620034 0.10106716332277055 0.1693335563802221 0.20125164399643397
0 0.5102339510481637 0.9215811841415847 0.2350768953637612 0.1455434592769402
0 0.5147373398482357 0.755661640565873 0.23147418432370354 0.4180008150433719
0 0.5160883564882575 0.39471386155906146 0.26299790592420796 0.4121790766722943
0 0.5095584427281529 0.09751411771554987 0.27335570016437366 0.19153519240845313
0 0.8239174979171827 0.08703498864761018 0.34815698813357054 0.17406997729522036
0 0.8205399563171286 0.420373173429586 0.3549120713336786 0.4935960877918146
0 0.8151358897570422 0.7914653315480001 0.36572020445385156 0.40461081678989336
