0 0.811 0.36731634182908546 0.158 0.20689655172413793
0 0.817 0.5622188905547226 0.158 0.1889055472263868
0 0.82 0.7458770614692654 0.148 0.17841079460269865
0 0.948 0.7451274362818591 0.104 0.17691154422788605
0 0.945 0.5622188905547226 0.11 0.1889055472263868
0 0.945 0.3658170914542729 0.11 0.20089955022488756
0 0.511 0.7473763118440779 0.154 0.1904047976011994
0 0.32 0.8403298350824587 0.24 0.3193403298350825
0 0.291 0.636431784107946 0.29 0.31634182908545727
0 0.104 0.8943028485757122 0.208 0.21139430284857572
0 0.08 0.658920539730135 0.16 0.2773613193403298
0 0.273 0.4535232383808096 0.266 0.13043478260869565
0 0.072 0.45652173913043476 0.144 0.12743628185907047
0 0.267 0.32533733133433285 0.282 0.13193403298350825
0 0.067 0.32608695652173914 0.134 0.13343328335832083
0 0.123 0.1896551724137931 0.246 0.136431784107946
0 0.669 0.7458770614692654 0.15 0.18140929535232383
0 0.66 0.5622188905547226 0.156 0.1889055472263868
0 0.493 0.5622188905547226 0.166 0.191904047976012
0 0.478 0.3658170914542729 0.168 0.20389805097451275
0 0.652 0.3695652173913043 0.16 0.20539730134932535
0 0.935 0.22263868065967016 0.13 0.09145427286356822
0 0.792 0.22338830584707647 0.152 0.095952023988006
0 0.929 0.13418290854572715 0.142 0.10344827586206896
0 0.771 0.13568215892053972 0.15 0.10944527736131934
0 0.802 0.05022488755622189 0.208 0.10044977511244378
0 0.63 0.22338830584707647 0.136 0.095952023988006
0 0.604 0.13193403298350825 0.14 0.095952023988006
0 0.61 0.04272863568215892 0.144 0.08545727136431784
0 0.46 0.21889055472263869 0.14 0.095952023988006
0 0.453 0.12743628185907047 0.146 0.095952023988006
0 0.455 0.046476761619190406 0.174 0.09295352323838081
0 0.282 0.12743628185907047 0.156 0.09895052473763119
0 0.298 0.21889055472263869 0.148 0.08995502248875563
0 0.139 0.13118440779610194 0.142 0.09145427286356822
0 0.291 0.0472263868065967 0.154 0.0944527736131934
0 0.134 0.04272863568215892 0.164 0.08545727136431784
