0 0.29 0.21889055472263869 0.452 0.18590704647676162
0 0.741 0.21139430284857572 0.454 0.18590704647676162
0 0.307 0.3905547226386807 0.41 0.1634182908545727
0 0.725 0.383808095952024 0.442 0.1679160419790105
0 0.727 0.5389805097451275 0.406 0.15142428785607195
0 0.331 0.5442278860569715 0.394 0.15892053973013492
0 0.344 0.6836581709145427 0.38 0.13793103448275862
0 0.721 0.6814092953523239 0.382 0.136431784107946
0 0.716 0.8095952023988006 0.368 0.12293853073463268
0 0.354 0.8110944527736131 0.36 0.12593703148425786
