0 0.154 0.14666666666666667 0.292 0.288
0 0.38 0.20666666666666667 0.168 0.22666666666666666
0 0.153 0.372 0.286 0.25866666666666666
0 0.152 0.6146666666666667 0.28 0.25866666666666666
0 0.103 0.8346666666666667 0.158 0.272
0 0.377 0.3933333333333333 0.17 0.216
0 0.375 0.5813333333333334 0.17 0.16533333333333333
0 0.512 0.24 0.104 0.09066666666666667
0 0.513 0.316 0.106 0.09333333333333334
0 0.515 0.4186666666666667 0.11 0.16533333333333333
0 0.515 0.5733333333333334 0.11 0.15466666666666667
0 0.617 0.42133333333333334 0.102 0.13333333333333333
0 0.621 0.5626666666666666 0.106 0.15466666666666667
0 0.619 0.704 0.114 0.16533333333333333
0 0.904 0.9333333333333333 0.192 0.13333333333333333
