0 0.933 0.30930930930930933 0.134 0.23423423423423423
0 0.925 0.5315315315315315 0.15 0.23423423423423423
0 0.922 0.7342342342342343 0.156 0.26126126126126126
0 0.918 0.9009009009009009 0.164 0.1981981981981982
0 0.966 0.0990990990990991 0.068 0.1981981981981982
0 0.9 0.14264264264264265 0.064 0.1831831831831832
0 0.851 0.17267267267267267 0.038 0.13513513513513514
0 0.854 0.07207207207207207 0.048 0.14414414414414414
0 0.905 0.03903903903903904 0.054 0.07807807807807808
0 0.834 0.3228228228228228 0.076 0.1891891891891892
0 0.787 0.33933933933933935 0.026 0.15015015015015015
0 0.832 0.509009009009009 0.048 0.1831831831831832
0 0.826 0.6861861861861862 0.052 0.23123123123123124
0 0.82 0.8558558558558559 0.044 0.2042042042042042
0 0.824 0.9384384384384384 0.064 0.12312312312312312
0 0.708 0.17867867867867868 0.156 0.2132132132132132
0 0.405 0.17267267267267267 0.15 0.2072072072072072
0 0.253 0.1816816816816817 0.154 0.2012012012012012
0 0.468 0.37987987987987987 0.2 0.2072072072072072
0 0.556 0.17567567567567569 0.152 0.2072072072072072
0 0.674 0.38738738738738737 0.208 0.21621621621621623
0 0.267 0.3783783783783784 0.194 0.1981981981981982
0 0.688 0.5915915915915916 0.16 0.21021021021021022
0 0.534 0.5870870870870871 0.148 0.2072072072072072
0 0.385 0.5795795795795796 0.146 0.2042042042042042
0 0.242 0.5780780780780781 0.136 0.19519519519519518
0 0.668 0.7927927927927928 0.208 0.21021021021021022
0 0.463 0.7807807807807807 0.198 0.2042042042042042
0 0.27 0.7702702702702703 0.188 0.19519519519519518
0 0.688 0.9459459459459459 0.152 0.10810810810810811
0 0.536 0.9114114114114115 0.144 0.17717717717717718
0 0.387 0.933933933933934 0.142 0.13213213213213212
0 0.245 0.9324324324324325 0.142 0.13513513513513514
0 0.131 0.13213213213213212 0.094 0.22822822822822822
0 0.158 0.3003003003003003 0.036 0.13813813813813813
0 0.115 0.2852852852852853 0.054 0.16216216216216217
0 0.156 0.43993993993993996 0.036 0.14114114114114115
0 0.114 0.4444444444444444 0.052 0.16216216216216217
0 0.12 0.5945945945945946 0.064 0.16816816816816818
0 0.163 0.5705705705705706 0.022 0.13213213213213212
0 0.126 0.7342342342342343 0.072 0.19519519519519518
0 0.112 0.8813813813813813 0.044 0.17117117117117117
0 0.155 0.8378378378378378 0.05 0.17417417417417416
0 0.044 0.0915915915915916 0.088 0.1831831831831832
0 0.046 0.25225225225225223 0.092 0.21621621621621623
0 0.044 0.4594594594594595 0.088 0.1981981981981982
0 0.05 0.6411411411411412 0.076 0.21921921921921922
0 0.053 0.8093093093093093 0.07 0.23123123123123124
0 0.05 0.924924924924925 0.1 0.15015015015015015
0 0.138 0.9384384384384384 0.08 0.12312312312312312
0 0.794 0.4894894894894895 0.04 0.15015015015015015
0 0.787 0.6531531531531531 0.038 0.2012012012012012
