0 0.081 0.023085585585585586 0.158 0.04391891891891892
0 0.275 0.026463963963963964 0.238 0.05292792792792793
0 0.285 0.07207207207207207 0.246 0.05405405405405406
0 0.084 0.0670045045045045 0.168 0.05518018018018018
0 0.103 0.1188063063063063 0.206 0.05518018018018018
0 0.315 0.12387387387387387 0.242 0.04954954954954955
0 0.343 0.17117117117117117 0.242 0.0472972972972973
0 0.121 0.17229729729729729 0.242 0.05405405405405406
0 0.118 0.22297297297297297 0.232 0.05630630630630631
0 0.348 0.21846846846846846 0.248 0.0518018018018018
0 0.371 0.26632882882882886 0.234 0.059684684684684686
0 0.132 0.27364864864864863 0.26 0.05855855855855856
0 0.137 0.32826576576576577 0.274 0.07545045045045046
0 0.152 0.3766891891891892 0.304 0.0777027027027027
0 0.181 0.4172297297297297 0.31 0.061936936936936936
0 0.038 0.5157657657657657 0.076 0.1373873873873874
0 0.198 0.46283783783783783 0.292 0.060810810810810814
0 0.196 0.5067567567567568 0.272 0.06306306306306306
0 0.184 0.5540540540540541 0.284 0.06531531531531531
0 0.216 0.6007882882882883 0.34 0.07545045045045046
0 0.237 0.6492117117117117 0.314 0.0777027027027027
0 0.244 0.6993243243243243 0.316 0.08108108108108109
0 0.28 0.7432432432432432 0.272 0.08783783783783784
0 0.082 0.7567567567567568 0.164 0.10135135135135136
0 0.085 0.8220720720720721 0.17 0.07882882882882883
0 0.086 0.8766891891891891 0.172 0.08445945945945946
0 0.297 0.7888513513513513 0.258 0.09121621621621621
0 0.299 0.8400900900900901 0.254 0.0990990990990991
0 0.54 0.8018018018018018 0.236 0.09009009009009009
0 0.499 0.6199324324324325 0.226 0.07545045045045046
0 0.502 0.6644144144144144 0.224 0.07207207207207207
0 0.517 0.7083333333333334 0.218 0.06981981981981981
0 0.709 0.6649774774774775 0.202 0.0686936936936937
0 0.721 0.7077702702702703 0.198 0.0686936936936937
0 0.53 0.7533783783783784 0.228 0.07432432432432433
0 0.461 0.5748873873873874 0.274 0.0686936936936937
0 0.44 0.5304054054054054 0.236 0.06531531531531531
0 0.738 0.7533783783783784 0.2 0.07657657657657657
0 0.702 0.625 0.208 0.06531531531531531
0 0.692 0.5771396396396397 0.208 0.0686936936936937
0 0.65 0.5315315315315315 0.192 0.05405405405405406
0 0.649 0.49099099099099097 0.202 0.05855855855855856
0 0.651 0.44650900900900903 0.202 0.059684684684684686
0 0.443 0.49042792792792794 0.238 0.06418918918918919
0 0.036 0.6632882882882883 0.072 0.10810810810810811
0 0.082 0.9493243243243243 0.164 0.0990990990990991
0 0.215 0.9375 0.202 0.1204954954954955
0 0.357 0.9279279279279279 0.214 0.14189189189189189
0 0.485 0.9172297297297297 0.218 0.16328828828828829
0 0.612 0.9037162162162162 0.204 0.19031531531531531
0 0.724 0.8896396396396397 0.2 0.21846846846846846
0 0.815 0.8772522522522522 0.218 0.23423423423423423
0 0.905 0.8620495495495496 0.186 0.21283783783783783
0 0.452 0.4436936936936937 0.232 0.05855855855855856
0 0.438 0.3997747747747748 0.232 0.06306306306306306
0 0.423 0.3564189189189189 0.254 0.061936936936936936
0 0.399 0.3125 0.262 0.05518018018018018
0 0.606 0.27533783783783783 0.244 0.05067567567567568
0 0.627 0.32094594594594594 0.21 0.0518018018018018
0 0.642 0.3614864864864865 0.192 0.05630630630630631
0 0.652 0.40540540540540543 0.196 0.05855855855855856
0 0.907 0.7319819819819819 0.182 0.08333333333333333
0 0.902 0.661036036036036 0.192 0.08108108108108109
0 0.895 0.589527027027027 0.206 0.08445945945945946
0 0.873 0.5242117117117117 0.254 0.08671171171171171
0 0.873 0.46959459459459457 0.25 0.06306306306306306
0 0.873 0.42342342342342343 0.25 0.06531531531531531
0 0.868 0.3738738738738739 0.264 0.06531531531531531
0 0.864 0.32432432432432434 0.272 0.06531531531531531
0 0.862 0.2702702702702703 0.276 0.06531531531531531
0 0.884 0.21171171171171171 0.228 0.05855855855855856
0 0.623 0.22128378378378377 0.318 0.08220720720720721
0 0.611 0.16103603603603603 0.318 0.06531531531531531
0 0.579 0.11317567567567567 0.346 0.0731981981981982
0 0.875 0.15653153153153154 0.246 0.06531531531531531
0 0.868 0.10191441441441441 0.256 0.061936936936936936
0 0.852 0.04954954954954955 0.268 0.06306306306306306
0 0.559 0.05067567567567568 0.33 0.07882882882882883
0 0.548 0.01463963963963964 0.324 0.02927927927927928
