0 0.7640969162995596 0.15712187958883994 0.3061674008810572 0.3130690161527166
0 0.4988986784140969 0.18384728340675474 0.22687224669603528 0.2572687224669603
0 0.7129955947136564 0.45433186490455213 0.33612334801762106 0.35066079295154184
0 0.6938325991189427 0.793538913362702 0.3348017621145374 0.3782672540381792
0 0.6975770925110132 0.9477239353891337 0.3237885462555066 0.09809104258443464
0 0.41713554987212276 0.4569479965899403 0.2562659846547315 0.3000852514919011
0 0.4115089514066496 0.7365728900255754 0.23785166240409206 0.3123614663256608
0 0.42044088176352706 0.9138971275885103 0.23086172344689385 0.16687241148964602
0 0.2404809619238477 0.15978623914495657 0.2981963927855711 0.31957247828991314
0 0.20120240480961923 0.4480961923847695 0.193186372745491 0.25490981963927856
0 0.2056112224448898 0.6888443553774214 0.1875751503006012 0.2746826987307948
0 0.20200400801603205 0.8836339345357381 0.1771543086172345 0.2260521042084168
0 0.06432865731462925 0.8609218436873747 0.11422845691382764 0.24154976619906468
0 0.05871743486973948 0.6533066132264529 0.11663326653306612 0.23460253841015363
0 0.05871743486973948 0.43660654642618574 0.11663326653306612 0.22872411489645955
0 0.05270541082164328 0.16112224448897794 0.10460921843687374 0.3211756847027388
