0 0.887 0.04882154882154882 0.226 0.09764309764309764
0 0.871 0.21212121212121213 0.258 0.2648709315375982
0 0.857 0.44556677890011226 0.286 0.2850729517396184
0 0.848 0.6414141414141414 0.304 0.34231200897867564
0 0.839 0.8103254769921436 0.322 0.3793490460157127
0 0.812 0.8787878787878788 0.304 0.24242424242424243
0 0.719 0.9320987654320988 0.186 0.13580246913580246
0 0.388 0.12794612794612795 0.776 0.2558922558922559
0 0.372 0.3759820426487093 0.744 0.2558922558922559
0 0.348 0.5785634118967452 0.696 0.2255892255892256
0 0.347 0.745230078563412 0.654 0.20202020202020202
0 0.344 0.8804713804713805 0.612 0.1829405162738496
0 0.361 0.9595959595959596 0.57 0.08080808080808081
