0 0.114 0.13793103448275862 0.208 0.10794602698650675
0 0.319 0.13493253373313344 0.214 0.10494752623688156
0 0.537 0.12368815592203898 0.206 0.10644677661169415
0 0.747 0.12143928035982009 0.218 0.11094452773613193
0 0.928 0.11394302848575712 0.144 0.10494752623688156
0 0.103 0.24812593703148425 0.206 0.1184407796101949
0 0.31 0.24437781109445278 0.22 0.11694152923538231
0 0.53 0.2353823088455772 0.216 0.11694152923538231
0 0.751 0.23088455772113944 0.238 0.11694152923538231
0 0.927 0.24737631184407796 0.146 0.15892053973013492
0 0.098 0.36806596701649175 0.196 0.12443778110944528
0 0.306 0.3598200899550225 0.228 0.1199400299850075
0 0.525 0.35082458770614694 0.226 0.12293853073463268
0 0.751 0.3658170914542729 0.23 0.15592203898050974
0 0.096 0.49400299850074963 0.192 0.13343328335832083
0 0.308 0.48200899550224885 0.24 0.136431784107946
0 0.54 0.47226386806596704 0.228 0.12893553223388307
0 0.107 0.6281859070464768 0.214 0.1409295352323838
0 0.329 0.6206896551724138 0.234 0.14392803598200898
0 0.564 0.6049475262368815 0.244 0.136431784107946
0 0.095 0.7683658170914542 0.19 0.15442278860569716
0 0.312 0.7653673163418291 0.26 0.15742128935532235
0 0.57 0.7376311844077961 0.244 0.14392803598200898
0 0.112 0.9197901049475262 0.224 0.15742128935532235
0 0.564 0.8905547226386806 0.256 0.16491754122938532
