0 0.18032786885245902 0.09230769230769231 0.36065573770491804 0.14461538461538462
0 0.6188524590163934 0.07692307692307693 0.5368852459016393 0.15384615384615385
0 0.09016393442622951 0.22923076923076924 0.18032786885245902 0.13846153846153847
0 0.3719262295081967 0.21846153846153846 0.42418032786885246 0.16
0 0.7920081967213115 0.20076923076923076 0.41598360655737704 0.16153846153846155
0 0.10040983606557377 0.36 0.20081967213114754 0.12307692307692308
0 0.3801229508196721 0.35307692307692307 0.39549180327868855 0.1276923076923077
0 0.7879098360655737 0.34615384615384615 0.42418032786885246 0.14153846153846153
0 0.03381147540983607 0.47846153846153844 0.06762295081967214 0.11692307692307692
0 0.23565573770491804 0.4753846153846154 0.3729508196721312 0.11692307692307692
0 0.6168032786885246 0.4776923076923077 0.4016393442622951 0.12153846153846154
0 0.9036885245901639 0.48 0.19262295081967212 0.12615384615384614
0 0.050204918032786885 0.5869230769230769 0.10040983606557377 0.10923076923076923
0 0.26639344262295084 0.5876923076923077 0.36885245901639346 0.1076923076923077
0 0.6342213114754098 0.5884615384615385 0.39139344262295084 0.12153846153846154
0 0.9129098360655737 0.5984615384615385 0.17418032786885246 0.12923076923076923
0 0.1526639344262295 0.6907692307692308 0.3012295081967213 0.10461538461538461
0 0.4774590163934426 0.6938461538461539 0.36475409836065575 0.10461538461538461
0 0.16393442622950818 0.7807692307692308 0.32786885245901637 0.10615384615384615
0 0.4989754098360656 0.7961538461538461 0.35860655737704916 0.10923076923076923
0 0.8309426229508197 0.71 0.33811475409836067 0.12461538461538461
0 0.8350409836065574 0.81 0.32991803278688525 0.12153846153846154
0 0.19057377049180327 0.8684615384615385 0.3237704918032787 0.10307692307692308
0 0.5122950819672131 0.8876923076923077 0.3524590163934426 0.09538461538461539
0 0.8432377049180327 0.9046153846153846 0.3135245901639344 0.1076923076923077
0 0.8504098360655737 0.9723076923076923 0.29918032786885246 0.055384615384615386
0 0.47540983606557374 0.9592307692307692 0.3237704918032787 0.07846153846153846
0 0.16393442622950818 0.943076923076923 0.319672131147541 0.11076923076923077
0 0.02151639344262295 0.8607692307692307 0.0430327868852459 0.09692307692307692
0 0.012295081967213115 0.7753846153846153 0.02459016393442623 0.09846153846153846
