0 0.343 0.11066666666666666 0.266 0.184
0 0.3 0.25866666666666666 0.224 0.13866666666666666
0 0.237 0.428 0.346 0.25333333333333335
0 0.208 0.6426666666666667 0.348 0.25066666666666665
0 0.215 0.8226666666666667 0.314 0.22666666666666666
0 0.573 0.12 0.198 0.13866666666666666
0 0.54 0.2853333333333333 0.272 0.22933333333333333
0 0.524 0.4866666666666667 0.256 0.22666666666666666
0 0.498 0.6773333333333333 0.252 0.21333333333333335
0 0.489 0.8426666666666667 0.238 0.19733333333333333
0 0.838 0.12133333333333333 0.32 0.22133333333333333
0 0.812 0.28933333333333333 0.316 0.24266666666666667
0 0.786 0.4826666666666667 0.328 0.208
0 0.772 0.6506666666666666 0.316 0.21333333333333335
0 0.763 0.8013333333333333 0.302 0.184
