0 0.27459793814432987 0.1309278350515464 0.39999999999999997 0.25979381443298966
0 0.410680412371134 0.1427835051546392 0.2969072164948454 0.2855670103092784
0 0.6483092783505154 0.14072164948453608 0.34329896907216495 0.28144329896907216
0 0.8672268041237113 0.15257731958762885 0.2615463917525774 0.3051546391752577
0 0.7452164948453608 0.3835051546391753 0.4855670103092783 0.24536082474226806
0 0.6395463917525774 0.5412371134020618 0.2350515463917527 0.20206185567010307
0 0.8617113402061856 0.5855670103092784 0.22783505154639191 0.2164948453608248
0 0.7637731958762888 0.7201030927835051 0.45463917525773206 0.2443298969072165
0 0.638 0.822680412371134 0.20309278350515467 0.18350515463917533
0 0.8642886597938145 0.8819587628865979 0.24948453608247428 0.1927835051546392
0 0.7632577319587629 0.9283505154639176 0.44123711340206184 0.1391752577319587
0 0.3199587628865979 0.35154639175257735 0.4 0.21649484536082472
0 0.25037113402061856 0.4938144329896907 0.2030927835051546 0.1649484536082474
0 0.43542268041237114 0.5242268041237114 0.20412371134020624 0.17835051546391753
0 0.3694432989690722 0.6505154639175257 0.36288659793814443 0.19381443298969078
0 0.3008865979381444 0.7469072164948455 0.15979381443298973 0.14948453608247417
0 0.46068041237113405 0.7876288659793815 0.18659793814432987 0.16082474226804117
0 0.39160824742268047 0.8778350515463917 0.31030927835051547 0.19484536082474221
0 0.40088659793814435 0.9474536082474226 0.28969072164948456 0.10109278350515467
