0 0.815 0.739880059970015 0.27 0.10044977511244378
0 0.844 0.6446776611694153 0.284 0.09295352323838081
0 0.853 0.5449775112443778 0.294 0.10944527736131934
0 0.847 0.4340329835082459 0.306 0.1184407796101949
0 0.802 0.3320839580209895 0.26 0.09745127436281859
0 0.8 0.2376311844077961 0.26 0.10944527736131934
0 0.559 0.4407796101949025 0.282 0.1199400299850075
0 0.56 0.5509745127436282 0.284 0.10644677661169415
0 0.556 0.651424287856072 0.272 0.10044977511244378
0 0.55 0.7458770614692654 0.268 0.10344827586206896
0 0.254 0.7488755622188905 0.28 0.1184407796101949
0 0.275 0.6611694152923538 0.286 0.10794602698650675
0 0.268 0.5539730134932533 0.288 0.11544227886056972
0 0.251 0.4512743628185907 0.318 0.1199400299850075
0 0.291 0.35007496251874065 0.258 0.09745127436281859
0 0.291 0.25037481259370314 0.262 0.10194902548725637
0 0.312 0.1671664167916042 0.228 0.0734632683658171
0 0.537 0.15292353823088456 0.23 0.08995502248875563
0 0.546 0.24662668665667167 0.252 0.10044977511244378
0 0.544 0.34257871064467765 0.244 0.09745127436281859
