0 0.325 0.199 0.162 0.194
0 0.489 0.2 0.162 0.196
0 0.65 0.203 0.16 0.19
0 0.796 0.205 0.176 0.198
0 0.173 0.361 0.158 0.218
0 0.305 0.449 0.19 0.246
0 0.33 0.328 0.148 0.072
0 0.487 0.412 0.17 0.228
0 0.653 0.409 0.182 0.222
0 0.807 0.409 0.194 0.218
0 0.934 0.4 0.132 0.232
0 0.979 0.27 0.042 0.052
0 0.139 0.497 0.162 0.054
0 0.134 0.642 0.2 0.244
0 0.313 0.66 0.182 0.2
0 0.499 0.639 0.178 0.238
0 0.67 0.637 0.2 0.242
0 0.836 0.632 0.22 0.232
0 0.944 0.63 0.112 0.232
0 0.186 0.974 0.14 0.048
0 0.309 0.97 0.13 0.056
0 0.414 0.969 0.088 0.058
0 0.5 0.967 0.088 0.062
0 0.583 0.966 0.094 0.064
0 0.664 0.966 0.1 0.064
0 0.764 0.962 0.148 0.072
0 0.884 0.963 0.144 0.07
0 0.959 0.961 0.082 0.074
