0 0.868 0.20314842578710646 0.264 0.15142428785607195
0 0.981 0.34557721139430286 0.038 0.136431784107946
0 0.817 0.348575712143928 0.298 0.14842578710644677
0 0.527 0.3448275862068966 0.254 0.13793103448275862
0 0.649 0.20164917541229385 0.174 0.1454272863568216
0 0.478 0.20389805097451275 0.168 0.1409295352323838
0 0.315 0.20314842578710646 0.158 0.136431784107946
0 0.157 0.20389805097451275 0.158 0.13493253373313344
0 0.039 0.20914542728635682 0.078 0.13343328335832083
0 0.271 0.33883058470764615 0.238 0.13193403298350825
0 0.077 0.33808095952023987 0.154 0.12443778110944528
0 0.041 0.46101949025487254 0.082 0.12443778110944528
0 0.154 0.46551724137931033 0.148 0.12743628185907047
0 0.309 0.4715142428785607 0.158 0.13343328335832083
0 0.471 0.4767616191904048 0.166 0.13493253373313344
0 0.639 0.48200899550224885 0.174 0.1424287856071964
0 0.849 0.48950524737631185 0.254 0.15142428785607195
0 0.985 0.4760119940029985 0.03 0.12743628185907047
0 0.977 0.6049475262368815 0.046 0.13943028485757122
0 0.807 0.6281859070464768 0.302 0.15592203898050974
0 0.511 0.6094452773613194 0.25 0.1454272863568216
0 0.266 0.5982008995502249 0.236 0.13793103448275862
0 0.074 0.5869565217391305 0.148 0.12443778110944528
0 0.036 0.7106446776611695 0.072 0.12893553223388307
0 0.148 0.7166416791604198 0.148 0.13193403298350825
0 0.301 0.7278860569715142 0.162 0.136431784107946
0 0.459 0.7413793103448276 0.162 0.1424287856071964
0 0.626 0.7496251874062968 0.176 0.15892053973013492
0 0.832 0.7608695652173914 0.244 0.1724137931034483
0 0.967 0.7308845577211395 0.042 0.1424287856071964
0 0.958 0.8538230884557722 0.084 0.1634182908545727
0 0.775 0.8995502248875562 0.286 0.15292353823088456
0 0.503 0.8725637181409296 0.246 0.15292353823088456
0 0.244 0.8508245877061469 0.232 0.1424287856071964
0 0.066 0.8365817091454273 0.132 0.13193403298350825
