0 0.546 0.6549295774647887 0.32 0.5291750503018109
0 0.85 0.6861167002012073 0.3 0.5955734406438632
0 0.714 0.3038229376257545 0.572 0.17303822937625754
0 0.716 0.12474849094567404 0.228 0.24949698189134809
0 0.912 0.11871227364185111 0.172 0.23340040241448692
0 0.563 0.23943661971830985 0.09 0.02414486921529175
0 0.404 0.2686116700201207 0.232 0.1710261569416499
0 0.34 0.06740442655935613 0.2 0.09054325955734406
0 0.426 0.1579476861167002 0.364 0.19114688128772636
0 0.198 0.4607645875251509 0.292 0.2052313883299799
0 0.217 0.6468812877263581 0.29 0.22334004024144868
0 0.228 0.8279678068410463 0.284 0.23541247484909456
0 0.385 0.44567404426559354 0.094 0.18309859154929578
0 0.375 0.6167002012072434 0.054 0.18309859154929578
0 0.386 0.7806841046277666 0.052 0.1851106639839034
0 0.209 0.31388329979879276 0.166 0.0925553319919517
0 0.191 0.29074446680080485 0.198 0.13883299798792756
0 0.049 0.33702213279678067 0.098 0.15492957746478872
0 0.028 0.47283702213279677 0.056 0.13279678068410464
0 0.026 0.5975855130784709 0.052 0.12474849094567404
0 0.052 0.5 0.044 0.13883299798792756
0 0.06 0.6317907444668008 0.04 0.12877263581488935
0 0.068 0.7595573440643864 0.052 0.13883299798792756
