0 0.18 0.7331334332833583 0.224 0.26686656671664166
0 0.394 0.7346326836581709 0.22 0.26686656671664166
0 0.619 0.7368815592203898 0.226 0.2653673163418291
0 0.843 0.7346326836581709 0.23 0.27586206896551724
0 0.74 0.47226386806596704 0.228 0.2698650674662669
0 0.515 0.4737631184407796 0.226 0.2608695652173913
0 0.297 0.4745127436281859 0.226 0.2593703148425787
0 0.289 0.2143928035982009 0.226 0.2638680659670165
0 0.509 0.21139430284857572 0.23 0.2638680659670165
0 0.733 0.20839580209895053 0.23 0.2698650674662669
