0 0.23113405303427306 0.13763556585810083 0.26333717639660414 0.06623064823246956
0 0.22065297138664705 0.2152496067555261 0.27643852845613665 0.0786488947760576
0 0.21279216015092756 0.2990727709247454 0.2974006917513888 0.088997433562381
0 0.20558641651818466 0.3911747661230234 0.3118121790168745 0.09520655683417499
0 0.18986479404674556 0.4951775809255733 0.34063515354784607 0.11072936501366001
0 0.17681584739545123 0.6113295802632668 0.35363169479090245 0.12364434141899168
0 0.1951053348705586 0.7564781852802385 0.3878000209621633 0.1800645748820267
0 0.24358033749082902 0.8020117559400611 0.33277434231212655 0.12418246543588046
0 0.5285347447856619 0.6457488202665783 0.3498060999895189 0.177994867124762
0 0.5219840687558955 0.5050086927725804 0.3236033958704539 0.11176421889229236
0 0.5298448799916151 0.7476819273118636 0.2816790692799496 0.04035930126666115
0 0.8259354365370505 0.6752421558075998 0.3052615029871081 0.15005381240168883
0 0.8134891520804945 0.5562339597648811 0.2698878524263704 0.10038082622733668
0 0.43748034797191065 0.3528851726136269 0.14673514306676436 0.19041311366835004
0 0.5842154910386751 0.3508154648563623 0.15197568389057745 0.19869194469740872
0 0.7237448904726967 0.37047768855037666 0.17424798239178285 0.2669923006871429
0 0.861964154700765 0.3570245881281563 0.18603919924536208 0.2607831774153489
0 0.4289644691332145 0.17851229406407815 0.12446284456555926 0.15419322791621823
0 0.5606330573315165 0.17644258630681345 0.13363379100723194 0.1541932279162182
0 0.6844408342940991 0.16764632833843862 0.1532858190965308 0.1510886662803212
0 0.8095587464626348 0.15367580097690206 0.15983649512629694 0.15005381240168889
