0 0.116 0.05733333333333333 0.228 0.11466666666666667
0 0.297 0.07466666666666667 0.134 0.14933333333333335
0 0.441 0.1 0.15 0.2
0 0.598 0.112 0.172 0.21333333333333335
0 0.721 0.16 0.078 0.16533333333333333
0 0.783 0.192 0.058 0.13866666666666666
0 0.151 0.192 0.302 0.29333333333333333
0 0.361 0.24 0.114 0.21333333333333335
0 0.47 0.268 0.1 0.19466666666666665
0 0.446 0.44133333333333336 0.148 0.2
0 0.473 0.6266666666666667 0.094 0.18666666666666668
0 0.37 0.6453333333333333 0.112 0.208
0 0.303 0.44 0.142 0.21866666666666668
0 0.116 0.43466666666666665 0.232 0.256
0 0.171 0.6853333333333333 0.302 0.2773333333333333
0 0.011 0.6706666666666666 0.022 0.22133333333333333
0 0.122 0.884 0.244 0.232
0 0.31 0.86 0.136 0.25333333333333335
0 0.455 0.8106666666666666 0.162 0.23466666666666666
0 0.479 0.9346666666666666 0.098 0.13066666666666665
0 0.376 0.9573333333333334 0.116 0.08533333333333333
0 0.279 0.98 0.086 0.04
0 0.614 0.9106666666666666 0.18 0.17866666666666667
0 0.617 0.772 0.17 0.21066666666666667
0 0.609 0.612 0.182 0.184
0 0.608 0.44 0.172 0.176
0 0.602 0.272 0.172 0.192
0 0.723 0.296 0.078 0.14933333333333335
0 0.733 0.436 0.082 0.14666666666666667
0 0.736 0.5866666666666667 0.08 0.15466666666666667
0 0.713 0.7346666666666667 0.022 0.14666666666666667
0 0.811 0.7413333333333333 0.174 0.20266666666666666
0 0.796 0.904 0.176 0.192
0 0.927 0.86 0.086 0.168
0 0.98 0.8266666666666667 0.028 0.144
0 0.989 0.6906666666666667 0.022 0.128
0 0.936 0.716 0.084 0.16266666666666665
0 0.776 0.58 0.008 0.12
0 0.873 0.584 0.182 0.13866666666666666
0 0.974 0.5746666666666667 0.028 0.12533333333333332
0 0.992 0.5653333333333334 0.016 0.112
0 0.794 0.4533333333333333 0.056 0.13333333333333333
0 0.91 0.44133333333333336 0.176 0.14666666666666667
0 0.867 0.304 0.194 0.16533333333333333
0 0.767 0.324 0.014 0.11466666666666667
0 0.978 0.3253333333333333 0.032 0.128
0 0.886 0.17066666666666666 0.152 0.176
0 0.971 0.20133333333333334 0.038 0.15733333333333333
