0 0.817 0.6664167916041979 0.366 0.23238380809595202
0 0.813 0.4782608695652174 0.374 0.2128935532233883
0 0.812 0.2556221889055472 0.376 0.24437781109445278
0 0.822 0.09145427286356822 0.356 0.18290854572713644
0 0.813 0.8328335832083958 0.374 0.25037481259370314
0 0.82 0.931784107946027 0.36 0.136431784107946
0 0.477 0.9430284857571214 0.346 0.11394302848575712
0 0.474 0.883808095952024 0.344 0.22338830584707647
0 0.463 0.7578710644677661 0.334 0.20239880059970014
0 0.461 0.6191904047976012 0.358 0.20089955022488756
0 0.457 0.47226386806596704 0.35 0.1889055472263868
0 0.447 0.29235382308845576 0.366 0.191904047976012
0 0.455 0.10644677661169415 0.386 0.2128935532233883
0 0.233 0.9640179910044977 0.146 0.07196401799100449
0 0.211 0.9062968515742129 0.186 0.1634182908545727
0 0.203 0.8050974512743628 0.198 0.15592203898050974
0 0.191 0.697151424287856 0.218 0.15592203898050974
0 0.187 0.5839580209895052 0.214 0.1454272863568216
0 0.177 0.4625187406296852 0.222 0.13943028485757122
0 0.163 0.3275862068965517 0.234 0.14842578710644677
0 0.146 0.17616191904047976 0.244 0.17541229385307347
0 0.14 0.06146926536731634 0.24 0.12293853073463268
0 0.08 0.95952023988006 0.16 0.08095952023988005
0 0.062 0.8605697151424287 0.124 0.1679160419790105
0 0.054 0.719640179910045 0.108 0.17391304347826086
