0 0.714 0.6956521739130435 0.508 0.4497751124437781
0 0.647 0.36806596701649175 0.33 0.21139430284857572
0 0.683 0.14917541229385306 0.374 0.2563718140929535
0 0.325 0.1409295352323838 0.374 0.25787106446776614
0 0.307 0.35157421289355323 0.33 0.20839580209895053
0 0.326 0.5322338830584707 0.292 0.15592203898050974
0 0.332 0.6731634182908546 0.252 0.12293853073463268
0 0.64 0.815592203898051 0.388 0.36881559220389803
0 0.27 0.876311844077961 0.332 0.24437781109445278
0 0.104 0.7128935532233883 0.208 0.2863568215892054
0 0.112 0.5052473763118441 0.164 0.11394302848575712
0 0.097 0.38980509745127434 0.158 0.12893553223388307
0 0.082 0.24662668665667167 0.164 0.15742128935532235
0 0.097 0.08620689655172414 0.194 0.1724137931034483
