0 0.02 0.24962518740629686 0.04 0.06446776611694154
0 0.079 0.24512743628185907 0.086 0.06746626686656672
0 0.023 0.3103448275862069 0.046 0.06296851574212893
0 0.086 0.3103448275862069 0.088 0.06296851574212893
0 0.023 0.3740629685157421 0.046 0.06146926536731634
0 0.088 0.37256371814092953 0.084 0.06146926536731634
0 0.023 0.43478260869565216 0.046 0.06296851574212893
0 0.079 0.4340329835082459 0.074 0.06446776611694154
0 0.063 0.5037481259370314 0.11 0.08095952023988005
0 0.066 0.5749625187406296 0.112 0.06146926536731634
0 0.069 0.6356821589205397 0.114 0.06296851574212893
0 0.07 0.6889055472263869 0.112 0.046476761619190406
0 0.025 0.7496251874062968 0.05 0.07796101949025487
0 0.087 0.7511244377811095 0.082 0.08095952023988005
0 0.091 0.8125937031484258 0.082 0.047976011994003
0 0.009 0.6334332833583208 0.018 0.05847076461769116
0 0.009 0.6874062968515742 0.018 0.046476761619190406
0 0.197 0.2166416791604198 0.158 0.08845577211394302
0 0.203 0.29310344827586204 0.158 0.08245877061469266
0 0.206 0.36656671664167917 0.156 0.07646176911544228
0 0.288 0.22713643178410794 0.032 0.0704647676161919
0 0.294 0.2983508245877061 0.028 0.07496251874062969
0 0.296 0.36656671664167917 0.024 0.06446776611694154
0 0.359 0.2331334332833583 0.114 0.08845577211394302
0 0.36 0.30359820089955025 0.116 0.07946026986506746
0 0.365 0.37031484257871067 0.118 0.07196401799100449
0 0.153 0.44227886056971516 0.07 0.07196401799100449
0 0.225 0.4407796101949025 0.078 0.07496251874062969
0 0.323 0.43853073463268366 0.126 0.07646176911544228
0 0.158 0.5157421289355323 0.076 0.07496251874062969
0 0.23 0.5149925037481259 0.076 0.07646176911544228
0 0.329 0.5142428785607196 0.126 0.07796101949025487
0 0.161 0.5877061469265368 0.078 0.07196401799100449
0 0.235 0.5877061469265368 0.074 0.07196401799100449
0 0.334 0.5847076461769115 0.124 0.08395802098950525
0 0.193 0.6596701649175413 0.134 0.07796101949025487
0 0.195 0.732383808095952 0.134 0.08245877061469266
0 0.197 0.8013493253373314 0.134 0.07646176911544228
0 0.431 0.25112443778110943 0.026 0.06746626686656672
0 0.499 0.24737631184407796 0.122 0.07796101949025487
0 0.597 0.2376311844077961 0.078 0.0734632683658171
0 0.678 0.22563718140929534 0.08 0.07946026986506746
0 0.76 0.22188905547226387 0.08 0.07796101949025487
0 0.848 0.212143928035982 0.088 0.07946026986506746
0 0.943 0.2098950524737631 0.102 0.07796101949025487
0 0.431 0.315592203898051 0.022 0.06146926536731634
0 0.437 0.3770614692653673 0.034 0.06446776611694154
0 0.503 0.31259370314842577 0.122 0.0704647676161919
0 0.604 0.3058470764617691 0.076 0.07196401799100449
0 0.678 0.29610194902548725 0.08 0.07646176911544228
0 0.763 0.29310344827586204 0.078 0.0734632683658171
0 0.848 0.2886056971514243 0.084 0.0734632683658171
0 0.939 0.2856071964017991 0.09 0.0734632683658171
0 0.509 0.37631184407796103 0.118 0.06896551724137931
0 0.605 0.37031484257871067 0.078 0.06596701649175413
0 0.684 0.3650674662668666 0.076 0.0734632683658171
0 0.766 0.36356821589205396 0.08 0.0704647676161919
0 0.847 0.35907046476761617 0.082 0.0734632683658171
0 0.935 0.3575712143928036 0.09 0.0734632683658171
0 0.415 0.43928035982008995 0.062 0.06896551724137931
0 0.417 0.5067466266866567 0.058 0.06896551724137931
0 0.422 0.5742128935532234 0.052 0.07196401799100449
0 0.464 0.44227886056971516 0.044 0.06596701649175413
0 0.521 0.44152923538230887 0.078 0.06746626686656672
0 0.622 0.43778110944527737 0.128 0.07196401799100449
0 0.466 0.507496251874063 0.036 0.06146926536731634
0 0.524 0.5067466266866567 0.076 0.06596701649175413
0 0.47 0.5599700149925038 0.04 0.043478260869565216
0 0.527 0.568215892053973 0.07 0.05997001499250375
0 0.339 0.6581709145427287 0.158 0.095952023988006
0 0.326 0.7406296851574213 0.124 0.07496251874062969
0 0.327 0.8148425787106447 0.122 0.07946026986506746
0 0.465 0.7383808095952024 0.154 0.10044977511244378
0 0.47 0.8125937031484258 0.156 0.09895052473763119
0 0.439 0.651424287856072 0.05 0.0734632683658171
0 0.514 0.6461769115442278 0.096 0.09295352323838081
0 0.45 0.5997001499250375 0.052 0.03298350824587706
0 0.5 0.5817091454272864 0.052 0.06596701649175413
0 0.622 0.5052473763118441 0.12 0.06896551724137931
0 0.628 0.5704647676161919 0.128 0.06746626686656672
0 0.624 0.6454272863568216 0.132 0.08245877061469266
0 0.621 0.7226386806596702 0.146 0.07796101949025487
0 0.545 0.724887556221889 0.018 0.06746626686656672
0 0.554 0.7938530734632684 0.032 0.0704647676161919
0 0.637 0.7863568215892054 0.134 0.08545727136431784
0 0.694 0.43478260869565216 0.032 0.06596701649175413
0 0.772 0.4332833583208396 0.124 0.07196401799100449
0 0.908 0.4302848575712144 0.14 0.06896551724137931
0 0.773 0.5022488755622189 0.13 0.06896551724137931
0 0.909 0.5022488755622189 0.134 0.07196401799100449
0 0.774 0.5704647676161919 0.128 0.06746626686656672
0 0.905 0.5734632683658171 0.13 0.0704647676161919
0 0.697 0.5022488755622189 0.03 0.06296851574212893
0 0.696 0.5667166416791605 0.028 0.06296851574212893
0 0.702 0.6356821589205397 0.04 0.07196401799100449
0 0.766 0.638680659670165 0.08 0.06596701649175413
0 0.85 0.6394302848575713 0.08 0.0704647676161919
0 0.932 0.643928035982009 0.084 0.0734632683658171
0 0.703 0.7053973013493253 0.046 0.06746626686656672
0 0.766 0.7061469265367316 0.08 0.06896551724137931
0 0.846 0.7083958020989505 0.08 0.0734632683658171
0 0.931 0.712143928035982 0.082 0.06896551724137931
0 0.713 0.7706146926536732 0.034 0.06296851574212893
0 0.767 0.7743628185907047 0.078 0.0734632683658171
0 0.845 0.7773613193403298 0.078 0.0734632683658171
0 0.926 0.7811094452773614 0.08 0.06896551724137931
