0 0.144 0.24437781109445278 0.212 0.19490254872563717
0 0.376 0.11619190404797601 0.06 0.06146926536731634
0 0.534 0.09970014992503748 0.264 0.1664167916041979
0 0.431 0.24287856071964017 0.374 0.20089955022488756
0 0.813 0.23088455772113944 0.374 0.2158920539730135
0 0.219 0.431784107946027 0.374 0.18590704647676162
0 0.584 0.4295352323838081 0.372 0.1904047976011994
0 0.884 0.42653673163418293 0.232 0.1934032983508246
0 0.163 0.6086956521739131 0.202 0.17091454272863568
0 0.435 0.603448275862069 0.35 0.1904047976011994
0 0.804 0.6056971514242878 0.368 0.1889055472263868
0 0.252 0.7773613193403298 0.352 0.1664167916041979
0 0.598 0.7713643178410795 0.344 0.17541229385307347
0 0.877 0.7848575712143928 0.214 0.1724137931034483
0 0.196 0.9280359820089955 0.204 0.14392803598200898
0 0.457 0.9205397301349325 0.33 0.15892053973013492
0 0.797 0.9287856071964018 0.346 0.1424287856071964
0 0.016 0.2938530734632684 0.032 0.12593703148425786
0 0.021 0.4197901049475262 0.042 0.12593703148425786
0 0.031 0.5434782608695652 0.062 0.13943028485757122
0 0.033 0.6611694152923538 0.066 0.1469265367316342
0 0.017 0.7976011994002998 0.034 0.1409295352323838
0 0.048 0.7623688155922039 0.068 0.15442278860569716
0 0.044 0.8995502248875562 0.088 0.18290854572713644
0 0.014 0.212143928035982 0.028 0.037481259370314844
0 0.033 0.2856071964017991 0.026 0.10044977511244378
