0 0.028 0.578 0.056 0.088
0 0.031 0.648 0.062 0.096
0 0.037 0.723 0.074 0.106
0 0.411 0.144 0.402 0.184
0 0.806 0.136 0.388 0.188
0 0.878 0.313 0.244 0.178
0 0.573 0.321 0.37 0.174
0 0.217 0.316 0.35 0.172
0 0.222 0.475 0.336 0.162
0 0.568 0.486 0.356 0.168
0 0.874 0.489 0.252 0.166
0 0.866 0.65 0.268 0.16
0 0.566 0.64 0.352 0.156
0 0.223 0.628 0.33 0.16
0 0.233 0.769 0.322 0.158
0 0.562 0.788 0.336 0.156
0 0.863 0.797 0.274 0.154
0 0.862 0.929 0.276 0.134
0 0.562 0.925 0.328 0.146
0 0.538 0.989 0.28 0.018
0 0.239 0.902 0.318 0.152
0 0.248 0.977 0.3 0.042
