0 0.759 0.2856071964017991 0.138 0.12743628185907047
0 0.78 0.4205397301349325 0.144 0.1424287856071964
0 0.801 0.5809595202398801 0.158 0.1724137931034483
0 0.657 0.5719640179910045 0.15 0.1634182908545727
0 0.645 0.41829085457271364 0.138 0.14392803598200898
0 0.634 0.2848575712143928 0.132 0.12593703148425786
0 0.506 0.2848575712143928 0.132 0.13193403298350825
0 0.509 0.42203898050974514 0.138 0.14842578710644677
0 0.508 0.5757121439280359 0.148 0.16491754122938532
0 0.582 0.7548725637181409 0.16 0.1904047976011994
0 0.417 0.7533733133433284 0.17 0.1904047976011994
0 0.376 0.2848575712143928 0.124 0.13493253373313344
0 0.37 0.42128935532233885 0.136 0.1409295352323838
0 0.358 0.5764617691154422 0.148 0.16941529235382308
0 0.213 0.5839580209895052 0.162 0.1664167916041979
0 0.233 0.4257871064467766 0.15 0.1469265367316342
0 0.245 0.28785607196401797 0.138 0.13193403298350825
