0 0.4866666666666667 0.33 0.38666666666666666 0.38
0 0.7966666666666666 0.32666666666666666 0.24666666666666667 0.32
0 0.9566666666666667 0.31666666666666665 0.08666666666666667 0.2866666666666667
0 0.9433333333333334 0.5866666666666667 0.11333333333333333 0.26666666666666666
0 0.9366666666666666 0.8166666666666667 0.12666666666666668 0.24666666666666667
0 0.7766666666666666 0.6066666666666667 0.24666666666666667 0.30666666666666664
0 0.49666666666666665 0.67 0.32666666666666666 0.34
0 0.17333333333333334 0.7166666666666667 0.3466666666666667 0.42
0 0.16333333333333333 0.33666666666666667 0.32666666666666666 0.43333333333333335
0 0.2 0.07333333333333333 0.4 0.14666666666666667
0 0.5766666666666667 0.08333333333333333 0.35333333333333333 0.16666666666666666
0 0.8766666666666667 0.08666666666666667 0.24666666666666667 0.17333333333333334
0 0.7766666666666666 0.85 0.20666666666666667 0.3
0 0.51 0.89 0.32666666666666666 0.22
0 0.17666666666666667 0.92 0.35333333333333333 0.16
