0 0.258 0.1896551724137931 0.46 0.3793103448275862
0 0.621 0.20689655172413793 0.266 0.3183023872679045
0 0.762 0.21352785145888595 0.02 0.27851458885941643
0 0.886 0.1883289124668435 0.228 0.376657824933687
0 0.255 0.603448275862069 0.442 0.4535809018567639
0 0.7 0.5822281167108754 0.432 0.4535809018567639
0 0.95 0.596816976127321 0.1 0.44562334217506633
0 0.27 0.9111405835543767 0.416 0.17771883289124668
0 0.693 0.903183023872679 0.414 0.1883289124668435
0 0.947 0.896551724137931 0.106 0.20689655172413793
0 0.016 0.04376657824933687 0.032 0.08753315649867374
0 0.019 0.15649867374005305 0.038 0.10079575596816977
0 0.022 0.27055702917771884 0.044 0.10079575596816977
0 0.023 0.383289124668435 0.046 0.09814323607427056
0 0.021 0.4973474801061008 0.042 0.10344827586206896
0 0.023 0.6061007957559682 0.046 0.08753315649867374
0 0.025 0.7108753315649867 0.05 0.10079575596816977
0 0.032 0.8116710875331565 0.064 0.07957559681697612
0 0.034 0.9084880636604774 0.068 0.08753315649867374
0 0.035 0.9814323607427056 0.07 0.03713527851458886
