0 0.846 0.10405405405405406 0.148 0.20810810810810812
0 0.547 0.08378378378378379 0.146 0.16756756756756758
0 0.398 0.07837837837837838 0.148 0.15675675675675677
0 0.249 0.07567567567567568 0.15 0.15135135135135136
0 0.093 0.07162162162162163 0.166 0.14324324324324325
0 0.845 0.3527027027027027 0.146 0.3
0 0.078 0.2959459459459459 0.156 0.327027027027027
0 0.235 0.3054054054054054 0.166 0.31891891891891894
0 0.404 0.3162162162162162 0.168 0.31891891891891894
0 0.566 0.3202702702702703 0.16 0.3216216216216216
0 0.075 0.6175675675675676 0.15 0.3324324324324324
0 0.23 0.6216216216216216 0.168 0.32972972972972975
0 0.397 0.6310810810810811 0.166 0.327027027027027
0 0.56 0.6391891891891892 0.164 0.327027027027027
0 0.722 0.65 0.16 0.3162162162162162
0 0.89 0.6581081081081082 0.168 0.3162162162162162
0 0.229 0.8918918918918919 0.142 0.21621621621621623
0 0.382 0.8986486486486487 0.172 0.20270270270270271
0 0.546 0.9013513513513514 0.16 0.1972972972972973
0 0.707 0.904054054054054 0.162 0.1918918918918919
0 0.872 0.904054054054054 0.164 0.1864864864864865
0 0.706 0.34054054054054056 0.116 0.2972972972972973
0 0.694 0.0972972972972973 0.144 0.1945945945945946
0 0.081 0.8864864864864865 0.162 0.22702702702702704
