0 0.964 0.8877777777777778 0.072 0.22444444444444445
0 0.779 0.8788888888888889 0.322 0.23777777777777778
0 0.471 0.8844444444444445 0.322 0.2311111111111111
0 0.16 0.8755555555555555 0.32 0.24888888888888888
0 0.108 0.6077777777777778 0.216 0.33555555555555555
0 0.503 0.6044444444444445 0.578 0.3466666666666667
0 0.889 0.6166666666666667 0.222 0.32222222222222224
0 0.992 0.35555555555555557 0.016 0.20444444444444446
0 0.818 0.26 0.364 0.4
0 0.48 0.24222222222222223 0.356 0.4177777777777778
0 0.157 0.2511111111111111 0.314 0.37777777777777777
0 0.303 0.051111111111111114 0.07 0.10222222222222223
0 0.477 0.03666666666666667 0.282 0.07333333333333333
0 0.755 0.04 0.294 0.08
0 0.945 0.04888888888888889 0.106 0.06666666666666667
