0 0.752 0.7893333333333333 0.268 0.256
0 0.495 0.796 0.262 0.24266666666666667
0 0.234 0.788 0.276 0.25866666666666666
0 0.505 0.5013333333333333 0.286 0.37333333333333335
0 0.22 0.47333333333333333 0.296 0.37066666666666664
0 0.053 0.4826666666666667 0.106 0.4053333333333333
0 0.207 0.15066666666666667 0.318 0.30133333333333334
0 0.512 0.15866666666666668 0.304 0.31733333333333336
0 0.778 0.128 0.248 0.256
0 0.784 0.46266666666666667 0.3 0.4186666666666667
0 0.935 0.38533333333333336 0.114 0.328
0 0.912 0.732 0.104 0.37066666666666664
0 0.962 0.7426666666666667 0.06 0.2906666666666667
0 0.98 0.4053333333333333 0.04 0.2773333333333333
0 0.94 0.20933333333333334 0.12 0.12
0 0.061 0.816 0.122 0.21333333333333335
