0 0.268 0.29610194902548725 0.208 0.15142428785607195
0 0.476 0.27886056971514245 0.22 0.15292353823088456
0 0.672 0.2691154422788606 0.236 0.1454272863568216
0 0.708 0.4025487256371814 0.248 0.16041979010494753
0 0.27 0.43778110944527737 0.216 0.1679160419790105
0 0.485 0.4197901049475262 0.222 0.15292353823088456
0 0.753 0.5592203898050975 0.258 0.17091454272863568
0 0.784 0.7361319340329835 0.268 0.19490254872563717
0 0.543 0.7631184407796102 0.25 0.20389805097451275
0 0.51 0.5734632683658171 0.236 0.1724137931034483
0 0.282 0.5907046476761619 0.224 0.17991004497751126
0 0.291 0.7796101949025487 0.242 0.20389805097451275
