0 0.8 0.11875 0.4 0.08
0 0.3475 0.119375 0.51 0.08375
0 0.80125 0.194375 0.3975 0.07625
0 0.36 0.19 0.49 0.075
0 0.055 0.128125 0.11 0.08125
0 0.06125 0.19625 0.1225 0.065
0 0.9075 0.26875 0.185 0.075
0 0.9 0.338125 0.2 0.07375
0 0.64625 0.264375 0.3125 0.07125
0 0.635 0.335 0.305 0.0725
0 0.33875 0.261875 0.3025 0.07125
0 0.3325 0.330625 0.3 0.07125
0 0.09375 0.2625 0.1875 0.07
0 0.09125 0.3275 0.1825 0.065
0 0.80125 0.405625 0.3975 0.07375
0 0.79 0.470625 0.42 0.07375
0 0.36 0.3975 0.475 0.0725
0 0.34875 0.459375 0.4525 0.07125
0 0.06125 0.3925 0.1225 0.0625
0 0.06125 0.448125 0.1225 0.06375
0 0.86625 0.535625 0.2675 0.07125
0 0.595 0.525625 0.28 0.06625
0 0.31125 0.5175 0.2875 0.0675
0 0.08625 0.51 0.1725 0.06
0 0.86375 0.596875 0.2725 0.06875
0 0.5925 0.584375 0.28 0.06375
0 0.31125 0.573125 0.2725 0.06375
0 0.0875 0.56625 0.175 0.0575
0 0.78875 0.650625 0.4225 0.07625
0 0.78125 0.704375 0.4375 0.07875
0 0.27875 0.625 0.4475 0.0675
0 0.28375 0.67 0.4475 0.085
0 0.865 0.763125 0.27 0.06875
0 0.86 0.81375 0.28 0.0675
0 0.59875 0.716875 0.2725 0.12625
0 0.575 0.781875 0.265 0.08625
0 0.325 0.73625 0.28 0.065
0 0.30375 0.78125 0.2775 0.0625
0 0.08375 0.773125 0.1675 0.05125
0 0.09125 0.725 0.1825 0.055
0 0.77 0.858125 0.43 0.08375
0 0.75125 0.891875 0.4175 0.09875
0 0.33375 0.83125 0.3975 0.0675
0 0.34 0.88 0.395 0.065
0 0.06375 0.815 0.1275 0.0425
0 0.0675 0.83875 0.135 0.0775
0 0.8075 0.946875 0.275 0.05375
0 0.53625 0.92875 0.2575 0.05
0 0.2875 0.911875 0.24 0.03875
0 0.08625 0.871875 0.1675 0.08375
0 0.76125 0.97 0.2575 0.0575
0 0.5125 0.96125 0.24 0.0575
0 0.28125 0.944375 0.2225 0.04875
0 0.085 0.929375 0.165 0.05125
