0 0.768 0.111 0.072 0.162
0 0.79 0.274 0.088 0.18
0 0.7 0.275 0.1 0.218
0 0.61 0.287 0.096 0.178
0 0.534 0.299 0.096 0.178
0 0.512 0.12 0.104 0.184
0 0.449 0.295 0.094 0.214
0 0.359 0.118 0.086 0.188
0 0.339 0.291 0.114 0.154
0 0.258 0.113 0.092 0.194
0 0.187 0.292 0.138 0.168
0 0.735 0.457 0.206 0.19
0 0.521 0.474 0.198 0.2
0 0.285 0.487 0.278 0.25
0 0.786 0.628 0.264 0.224
0 0.546 0.649 0.232 0.19
0 0.303 0.681 0.234 0.166
0 0.771 0.814 0.246 0.2
0 0.537 0.82 0.23 0.156
0 0.302 0.82 0.236 0.164
