0 0.251 0.18133333333333335 0.23 0.16
0 0.25 0.336 0.208 0.14933333333333335
0 0.253 0.4786666666666667 0.202 0.14666666666666667
0 0.258 0.6173333333333333 0.192 0.13066666666666665
0 0.23 0.7906666666666666 0.232 0.232
0 0.454 0.688 0.216 0.15466666666666667
0 0.462 0.5293333333333333 0.22 0.16266666666666665
0 0.469 0.35733333333333334 0.226 0.19733333333333333
0 0.443 0.8253333333333334 0.206 0.136
0 0.67 0.8426666666666667 0.22 0.144
0 0.686 0.7 0.228 0.16266666666666665
0 0.697 0.544 0.234 0.17066666666666666
0 0.698 0.37733333333333335 0.236 0.17333333333333334
0 0.694 0.20133333333333334 0.272 0.18933333333333333
0 0.877 0.8426666666666667 0.206 0.11733333333333333
0 0.895 0.7026666666666667 0.21 0.184
0 0.909 0.2 0.182 0.13333333333333333
0 0.901 0.3253333333333333 0.182 0.12266666666666666
0 0.882 0.444 0.16 0.10933333333333334
0 0.877 0.5533333333333333 0.15 0.11466666666666667
0 0.969 0.588 0.062 0.168
0 0.977 0.46 0.046 0.14133333333333334
