0 0.4984375 0.30227272727272725 0.309375 0.21363636363636362
0 0.7921875 0.5204545454545455 0.309375 0.21363636363636362
0 0.7953125 0.7204545454545455 0.303125 0.20454545454545456
0 0.78125 0.9045454545454545 0.3 0.19090909090909092
0 0.4875 0.509090909090909 0.30625 0.20909090909090908
0 0.4859375 0.7045454545454546 0.303125 0.2
0 0.484375 0.8977272727272727 0.29375 0.19545454545454546
0 0.1890625 0.49318181818181817 0.290625 0.20454545454545456
0 0.190625 0.6909090909090909 0.2875 0.20909090909090908
0 0.2 0.884090909090909 0.275 0.18636363636363637
