0 0.277 0.017991004497751123 0.45 0.035982008995502246
0 0.758 0.017241379310344827 0.484 0.034482758620689655
0 0.259 0.17391304347826086 0.446 0.28785607196401797
0 0.743 0.17841079460269865 0.482 0.2908545727136432
0 0.271 0.4362818590704648 0.422 0.24887556221889057
0 0.72 0.44677661169415295 0.452 0.2638680659670165
0 0.958 0.4482758620689655 0.084 0.25787106446776614
0 0.266 0.6649175412293853 0.396 0.23238380809595202
0 0.681 0.679160419790105 0.426 0.24887556221889057
0 0.936 0.6904047976011994 0.128 0.23238380809595202
0 0.259 0.8658170914542729 0.374 0.22338830584707647
0 0.649 0.8905547226386806 0.41 0.2158920539730135
0 0.914 0.9017991004497751 0.172 0.1934032983508246
0 0.045 0.7668665667166417 0.09 0.36731634182908546
0 0.042 0.9707646176911544 0.08 0.05847076461769116
0 0.356 0.9760119940029985 0.564 0.047976011994003
0 0.063 0.5194902548725637 0.038 0.136431784107946
0 0.03 0.3988005997001499 0.06 0.14992503748125938
0 0.051 0.308095952023988 0.05 0.2863568215892054
