0 0.83 0.704 0.312 0.33066666666666666
0 0.658 0.716 0.14 0.248
0 0.523 0.756 0.158 0.19466666666666665
0 0.362 0.564 0.168 0.2693333333333333
0 0.367 0.784 0.146 0.192
0 0.183 0.5933333333333334 0.182 0.23733333333333334
0 0.168 0.8826666666666667 0.156 0.14933333333333335
0 0.191 0.772 0.17 0.14133333333333334
0 0.563 0.168 0.158 0.17066666666666666
0 0.685 0.17866666666666667 0.138 0.16
0 0.699 0.332 0.106 0.152
0 0.601 0.32666666666666666 0.118 0.16266666666666665
0 0.684 0.4613333333333333 0.116 0.128
0 0.668 0.56 0.096 0.08
0 0.591 0.456 0.094 0.128
0 0.519 0.556 0.178 0.25333333333333335
0 0.491 0.31066666666666665 0.13 0.18933333333333333
0 0.383 0.2986666666666667 0.126 0.176
0 0.267 0.2906666666666667 0.118 0.18133333333333335
0 0.139 0.29733333333333334 0.13 0.19466666666666665
0 0.132 0.45866666666666667 0.128 0.144
0 0.093 0.604 0.03 0.14133333333333334
0 0.263 0.43066666666666664 0.106 0.09866666666666667
0 0.375 0.41333333333333333 0.106 0.07466666666666667
0 0.46 0.20533333333333334 0.056 0.02666666666666667
0 0.386 0.20133333333333334 0.092 0.034666666666666665
0 0.29 0.192 0.1 0.032
0 0.242 0.17866666666666667 0.104 0.042666666666666665
0 0.613 0.56 0.034 0.08
0 0.4885426356589147 0.4108527131782945 0.10310077519379843 0.036175710594315284
0 0.17575193798449612 0.2077519379844961 0.07596899224806203 0.04754521963824288
