0 0.237 0.10181582360570687 0.346 0.12840466926070038
0 0.243 0.2237354085603113 0.35 0.13359273670557717
0 0.238 0.35149156939040205 0.356 0.13748378728923477
0 0.672 0.09533073929961089 0.232 0.07652399481193256
0 0.896 0.0940337224383917 0.208 0.07133592736705577
0 0.656 0.17315175097276264 0.24 0.08690012970168612
0 0.888 0.16472114137483787 0.224 0.07263294422827497
0 0.625 0.24254215304798962 0.222 0.07522697795071336
0 0.883 0.23994811932555124 0.234 0.08041504539559015
0 0.627 0.3216601815823606 0.226 0.08300907911802853
0 0.876 0.321011673151751 0.248 0.08171206225680934
0 0.635 0.4053177691309987 0.242 0.09208819714656291
0 0.878 0.4098573281452659 0.244 0.08300907911802853
0 0.765 0.033073929961089495 0.374 0.058365758754863814
0 0.119 0.5667963683527886 0.238 0.06744487678339818
0 0.371 0.5265888456549935 0.642 0.10894941634241245
0 0.117 0.6355382619974059 0.234 0.07522697795071336
0 0.121 0.7120622568093385 0.242 0.07782101167315175
0 0.116 0.7892347600518806 0.232 0.07911802853437094
0 0.117 0.8845654993514915 0.234 0.11154345006485085
0 0.347 0.5635538261997406 0.226 0.06614785992217899
0 0.58 0.5784695201037614 0.224 0.06744487678339818
0 0.341 0.6297016861219196 0.238 0.07392996108949416
0 0.356 0.7010376134889753 0.24 0.07392996108949416
0 0.35 0.7756160830090791 0.248 0.07782101167315175
0 0.349 0.85473411154345 0.254 0.08560311284046693
0 0.35 0.9390402075226978 0.264 0.0933852140077821
0 0.59 0.6446173800259404 0.228 0.07003891050583658
0 0.601 0.7127107652399481 0.246 0.07392996108949416
0 0.599 0.7905317769130998 0.242 0.08171206225680934
0 0.604 0.8702983138780804 0.244 0.08041504539559015
0 0.61 0.9552529182879378 0.256 0.08690012970168612
0 0.813 0.5953307392996109 0.238 0.08819714656290532
0 0.831 0.6601815823605707 0.262 0.07522697795071336
0 0.846 0.7282749675745784 0.26 0.07652399481193256
0 0.85 0.8022049286640727 0.244 0.08430609597924774
0 0.849 0.8884565499351491 0.25 0.09857328145265888
