0 0.79 0.9413333333333334 0.292 0.11733333333333333
0 0.514 0.9413333333333334 0.264 0.11733333333333333
0 0.264 0.9293333333333333 0.256 0.14133333333333334
0 0.809 0.8346666666666667 0.302 0.16
0 0.509 0.8066666666666666 0.274 0.17333333333333334
0 0.241 0.784 0.27 0.176
0 0.81 0.6533333333333333 0.34 0.224
0 0.488 0.6426666666666667 0.296 0.192
0 0.209 0.6226666666666667 0.29 0.2
0 0.823 0.44666666666666666 0.354 0.24266666666666667
0 0.482 0.448 0.32 0.22933333333333333
0 0.181 0.428 0.31 0.24266666666666667
0 0.82 0.19733333333333333 0.36 0.32
0 0.467 0.21866666666666668 0.35 0.26666666666666666
0 0.156 0.19333333333333333 0.312 0.28
0 0.635 0.04533333333333334 0.382 0.09066666666666667
0 0.272 0.04533333333333334 0.332 0.09066666666666667
