0 0.148 0.13718140929535233 0.236 0.12143928035982009
0 0.369 0.17766116941529236 0.21 0.08845577211394302
0 0.549 0.20539730134932535 0.15 0.08095952023988005
0 0.721 0.22563718140929534 0.194 0.07646176911544228
0 0.874 0.23613193403298352 0.112 0.05847076461769116
0 0.965 0.24812593703148425 0.07 0.046476761619190406
0 0.129 0.2166416791604198 0.258 0.13943028485757122
0 0.374 0.25262368815592207 0.236 0.1184407796101949
0 0.576 0.27961019490254874 0.168 0.10344827586206896
0 0.761 0.2901049475262369 0.194 0.10044977511244378
0 0.915 0.29985007496251875 0.118 0.08395802098950525
0 0.986 0.30884557721139433 0.028 0.07196401799100449
0 0.104 0.31709145427286356 0.208 0.12143928035982009
0 0.295 0.3365817091454273 0.178 0.10644677661169415
0 0.457 0.35082458770614694 0.15 0.09895052473763119
0 0.596 0.36431784107946025 0.136 0.09295352323838081
0 0.781 0.3658170914542729 0.234 0.09295352323838081
0 0.948 0.3770614692653673 0.104 0.07946026986506746
0 0.15 0.424287856071964 0.252 0.11394302848575712
0 0.382 0.4340329835082459 0.212 0.10344827586206896
0 0.575 0.44377811094452774 0.17 0.08695652173913043
0 0.116 0.5247376311844077 0.208 0.10794602698650675
0 0.303 0.527736131934033 0.174 0.09295352323838081
0 0.466 0.527736131934033 0.148 0.08395802098950525
0 0.602 0.5269865067466267 0.128 0.07946026986506746
0 0.768 0.44752623688155924 0.208 0.08545727136431784
0 0.927 0.4535232383808096 0.106 0.07946026986506746
0 0.779 0.527736131934033 0.238 0.08395802098950525
0 0.96 0.527736131934033 0.08 0.07196401799100449
0 0.139 0.6266866566716641 0.258 0.11094452773613193
0 0.389 0.6176911544227887 0.202 0.10194902548725637
0 0.572 0.6094452773613194 0.172 0.08545727136431784
0 0.762 0.6071964017991005 0.208 0.08395802098950525
0 0.919 0.6049475262368815 0.106 0.07646176911544228
0 0.986 0.6019490254872564 0.028 0.07646176911544228
0 0.778 0.684407796101949 0.228 0.08845577211394302
0 0.944 0.6761619190404797 0.112 0.07496251874062969
0 0.11 0.732383808095952 0.204 0.1184407796101949
0 0.304 0.7143928035982009 0.176 0.10344827586206896
0 0.461 0.699400299850075 0.142 0.0944527736131934
0 0.6 0.6866566716641679 0.14 0.09295352323838081
0 0.145 0.8275862068965517 0.258 0.13193403298350825
0 0.411 0.7946026986506747 0.198 0.11094452773613193
0 0.591 0.7668665667166417 0.158 0.10044977511244378
0 0.764 0.7631184407796102 0.188 0.09295352323838081
0 0.911 0.7518740629685158 0.106 0.07946026986506746
0 0.981 0.7428785607196402 0.038 0.0734632683658171
0 0.122 0.931784107946027 0.204 0.13043478260869565
0 0.313 0.9010494752623688 0.17 0.12293853073463268
0 0.475 0.8710644677661169 0.154 0.11394302848575712
0 0.611 0.8470764617691154 0.126 0.09895052473763119
0 0.779 0.8418290854572713 0.214 0.10044977511244378
0 0.945 0.8178410794602698 0.11 0.09145427286356822
0 0.144 0.9782608695652174 0.24 0.043478260869565216
0 0.358 0.9580209895052474 0.188 0.08395802098950525
0 0.597 0.9295352323838081 0.166 0.11394302848575712
0 0.763 0.9235382308845578 0.182 0.095952023988006
0 0.905 0.8973013493253373 0.106 0.09145427286356822
0 0.979 0.8853073463268366 0.042 0.07646176911544228
0 0.619 0.9767616191904048 0.118 0.046476761619190406
0 0.78 0.9685157421289355 0.204 0.06296851574212893
0 0.94 0.9565217391304348 0.116 0.08695652173913043
