0 0.027 0.3363329583802025 0.054 0.08773903262092239
0 0.081 0.3363329583802025 0.078 0.0922384701912261
0 0.155 0.3374578177727784 0.082 0.09673790776152981
0 0.251 0.33689538807649044 0.114 0.09786276715410573
0 0.355 0.3374578177727784 0.09 0.10348706411698538
0 0.451 0.3374578177727784 0.098 0.10798650168728909
0 0.576 0.33689538807649044 0.16 0.11361079865016872
0 0.703 0.3374578177727784 0.106 0.11473565804274466
0 0.875 0.33520809898762655 0.25 0.1327334083239595
0 0.042 0.42238470191226096 0.084 0.08211473565804274
0 0.041 0.5022497187851519 0.082 0.0843644544431946
0 0.195 0.43082114735658045 0.23 0.09448818897637795
0 0.323 0.43082114735658045 0.022 0.08098987626546682
0 0.462 0.4431946006749156 0.256 0.10573678290213723
0 0.605 0.4415073115860517 0.034 0.09336332958380203
0 0.765 0.4566929133858268 0.302 0.12598425196850394
0 0.951 0.46175478065241843 0.098 0.11811023622047244
0 0.86 0.5787401574803149 0.28 0.13835770528683913
0 0.676 0.5528683914510686 0.096 0.10011248593925759
0 0.557 0.5404949381327334 0.146 0.10686164229471316
0 0.44 0.5376827896512936 0.088 0.09898762654668167
0 0.354 0.5286839145106862 0.08 0.09898762654668167
0 0.271 0.5185601799775028 0.134 0.09673790776152981
0 0.169 0.515748031496063 0.074 0.08886389201349831
0 0.103 0.5095613048368954 0.066 0.08548931383577053
