0 0.344 0.11599099099099099 0.38 0.10810810810810811
0 0.723 0.10810810810810811 0.382 0.11261261261261261
0 0.877 0.20777027027027026 0.246 0.11599099099099099
0 0.458 0.21227477477477477 0.404 0.11148648648648649
0 0.709 0.20833333333333334 0.106 0.09234234234234234
0 0.134 0.21903153153153154 0.268 0.10247747747747747
0 0.107 0.3141891891891892 0.214 0.0945945945945946
0 0.344 0.3136261261261261 0.284 0.10247747747747747
0 0.64 0.3136261261261261 0.308 0.11824324324324324
0 0.892 0.31981981981981983 0.212 0.11036036036036036
0 0.868 0.42286036036036034 0.264 0.10472972972972973
0 0.71 0.3963963963963964 0.076 0.04954954954954955
0 0.487 0.4149774774774775 0.378 0.10022522522522523
0 0.64 0.48592342342342343 0.288 0.13175675675675674
0 0.369 0.4814189189189189 0.266 0.11373873873873874
0 0.151 0.40427927927927926 0.302 0.09234234234234234
0 0.124 0.48536036036036034 0.248 0.08558558558558559
0 0.166 0.5596846846846847 0.332 0.0945945945945946
0 0.5 0.581081081081081 0.34 0.09234234234234234
0 0.89 0.5163288288288288 0.216 0.09121621621621621
0 0.859 0.5990990990990991 0.282 0.10135135135135136
0 0.145 0.6373873873873874 0.25 0.07657657657657657
0 0.384 0.6289414414414415 0.252 0.13175675675675674
0 0.641 0.6402027027027027 0.266 0.14076576576576577
0 0.881 0.6824324324324325 0.234 0.09234234234234234
0 0.87 0.7601351351351351 0.256 0.0990990990990991
0 0.622 0.7393018018018018 0.268 0.09797297297297297
0 0.372 0.7134009009009009 0.236 0.09572072072072071
0 0.146 0.704954954954955 0.228 0.07882882882882883
