0 0.108 0.18515742128935533 0.14 0.10344827586206896
0 0.244 0.18215892053973012 0.144 0.10344827586206896
0 0.377 0.17916041979010494 0.138 0.10344827586206896
0 0.513 0.17841079460269865 0.134 0.10194902548725637
0 0.639 0.17541229385307347 0.134 0.10194902548725637
0 0.769 0.17541229385307347 0.134 0.10194902548725637
0 0.773 0.2413793103448276 0.126 0.03298350824587706
0 0.643 0.24587706146926536 0.13 0.038980509745127435
0 0.514 0.24812593703148425 0.128 0.037481259370314844
0 0.249 0.2631184407796102 0.134 0.06446776611694154
0 0.114 0.2848575712143928 0.14 0.10194902548725637
0 0.083 0.38980509745127434 0.05 0.095952023988006
0 0.097 0.4917541229385307 0.05 0.095952023988006
0 0.112 0.5832083958020989 0.056 0.08695652173913043
0 0.216 0.6904047976011994 0.36 0.12443778110944528
0 0.167 0.775112443778111 0.13 0.06296851574212893
0 0.29 0.7713643178410795 0.128 0.0704647676161919
0 0.415 0.7683658170914542 0.126 0.0704647676161919
0 0.54 0.7811094452773614 0.12 0.029985007496251874
0 0.657 0.767616191904048 0.118 0.041979010494752625
0 0.777 0.7541229385307346 0.118 0.044977511244377814
0 0.186 0.4707646176911544 0.204 0.35082458770614694
0 0.303 0.45577211394302847 0.134 0.3538230884557721
0 0.412 0.4542728635682159 0.232 0.4077961019490255
0 0.536 0.4407796101949025 0.128 0.34782608695652173
0 0.649 0.43853073463268366 0.114 0.3493253373313343
0 0.81 0.44377811094452774 0.212 0.3988005997001499
0 0.625 0.6979010494752623 0.462 0.1724137931034483
