0 0.051 0.24812593703148425 0.102 0.1874062968515742
0 0.17 0.24212893553223389 0.156 0.19640179910044978
0 0.318 0.22188905547226387 0.172 0.20389805097451275
0 0.475 0.20539730134932535 0.174 0.2128935532233883
0 0.643 0.1866566716641679 0.186 0.22038980509745126
0 0.826 0.1634182908545727 0.196 0.22488755622188905
0 0.051 0.4272863568215892 0.102 0.18590704647676162
0 0.177 0.4257871064467766 0.15 0.19490254872563717
0 0.326 0.41304347826086957 0.16 0.20239880059970014
0 0.486 0.4047976011994003 0.176 0.20389805097451275
0 0.656 0.38905547226386805 0.196 0.21139430284857572
0 0.838 0.3733133433283358 0.208 0.22488755622188905
0 0.059 0.6221889055472264 0.118 0.1889055472263868
0 0.19 0.623688155922039 0.152 0.19490254872563717
0 0.344 0.6094452773613194 0.164 0.19640179910044978
0 0.506 0.6206896551724138 0.176 0.20689655172413793
0 0.677 0.6011994002998501 0.186 0.2128935532233883
0 0.868 0.5899550224887556 0.208 0.21739130434782608
0 0.876 0.828335832083958 0.2 0.2383808095952024
0 0.69 0.8320839580209896 0.188 0.23088455772113944
0 0.515 0.8335832083958021 0.178 0.21889055472263869
0 0.349 0.823088455772114 0.158 0.20389805097451275
0 0.195 0.8245877061469266 0.162 0.20089955022488756
0 0.061 0.8290854572713643 0.118 0.20389805097451275
