0 0.03 0.17819148936170212 0.06 0.10638297872340426
0 0.038 0.24601063829787234 0.076 0.10904255319148937
0 0.043 0.33111702127659576 0.086 0.14627659574468085
0 0.083 0.43351063829787234 0.166 0.10106382978723404
0 0.289 0.13297872340425532 0.286 0.26595744680851063
0 0.28 0.22606382978723405 0.26 0.19148936170212766
0 0.27 0.3537234042553192 0.236 0.15425531914893617
0 0.273 0.49867021276595747 0.214 0.15159574468085107
0 0.085 0.5186170212765957 0.17 0.10106382978723404
0 0.091 0.6156914893617021 0.182 0.09840425531914894
0 0.093 0.7034574468085106 0.186 0.1196808510638298
0 0.286 0.6422872340425532 0.208 0.15159574468085107
0 0.056 0.8098404255319149 0.112 0.09840425531914894
0 0.06 0.9029255319148937 0.12 0.09308510638297872
0 0.061 0.9747340425531915 0.122 0.05053191489361702
0 0.143 0.7938829787234043 0.07 0.125
0 0.149 0.9029255319148937 0.074 0.09308510638297872
0 0.25 0.9747340425531915 0.26 0.05053191489361702
0 0.282 0.7872340425531915 0.208 0.16489361702127658
0 0.281 0.9295212765957447 0.202 0.1356382978723404
0 0.486 0.33643617021276595 0.2 0.15691489361702127
0 0.474 0.4853723404255319 0.196 0.1622340425531915
0 0.481 0.6263297872340425 0.198 0.15691489361702127
0 0.484 0.7659574468085106 0.204 0.15425531914893617
0 0.482 0.9122340425531915 0.2 0.15425531914893617
0 0.48 0.9840425531914894 0.204 0.026595744680851064
0 0.667 0.11835106382978723 0.242 0.23670212765957446
0 0.677 0.17553191489361702 0.238 0.18085106382978725
0 0.681 0.324468085106383 0.21 0.1595744680851064
0 0.875 0.20345744680851063 0.182 0.14095744680851063
0 0.872 0.34441489361702127 0.188 0.14095744680851063
0 0.982 0.21143617021276595 0.032 0.1356382978723404
0 0.982 0.3484042553191489 0.036 0.14893617021276595
0 0.67 0.4747340425531915 0.204 0.15691489361702127
0 0.858 0.48404255319148937 0.188 0.13829787234042554
0 0.973 0.48404255319148937 0.05 0.13297872340425532
0 0.669 0.6183510638297872 0.194 0.14095744680851063
0 0.856 0.6183510638297872 0.184 0.14095744680851063
0 0.973 0.6183510638297872 0.054 0.14095744680851063
0 0.677 0.7606382978723404 0.194 0.14893617021276595
0 0.675 0.8976063829787234 0.19 0.15159574468085107
0 0.675 0.9813829787234043 0.186 0.03723404255319149
0 0.86 0.7566489361702128 0.192 0.14095744680851063
0 0.862 0.8936170212765957 0.192 0.14361702127659576
0 0.862 0.976063829787234 0.192 0.0425531914893617
0 0.977 0.7553191489361702 0.046 0.13829787234042554
0 0.979 0.8896276595744681 0.042 0.13031914893617022
0 0.978 0.9747340425531915 0.044 0.04521276595744681
