0 0.102 0.20533333333333334 0.204 0.352
0 0.293 0.18533333333333332 0.234 0.37066666666666664
0 0.494 0.17733333333333334 0.212 0.34933333333333333
0 0.698 0.17333333333333334 0.208 0.336
0 0.876 0.16933333333333334 0.164 0.31733333333333336
0 0.976 0.16933333333333334 0.048 0.28
0 0.969 0.43733333333333335 0.062 0.256
0 0.835 0.46266666666666667 0.242 0.312
0 0.085 0.5413333333333333 0.17 0.33066666666666666
0 0.252 0.5106666666666667 0.216 0.3546666666666667
0 0.446 0.49066666666666664 0.196 0.3413333333333333
0 0.631 0.4786666666666667 0.19 0.312
0 0.135 0.8186666666666667 0.27 0.30933333333333335
0 0.356 0.7893333333333333 0.192 0.30933333333333335
0 0.533 0.7573333333333333 0.178 0.30933333333333335
0 0.703 0.7466666666666667 0.162 0.29333333333333333
0 0.856 0.7146666666666667 0.152 0.24533333333333332
0 0.959 0.6693333333333333 0.082 0.24
0 0.959 0.888 0.082 0.224
0 0.824 0.9013333333333333 0.22 0.19733333333333333
0 0.634 0.932 0.16 0.136
0 0.469 0.9333333333333333 0.17 0.13333333333333333
0 0.299 0.9506666666666667 0.178 0.09866666666666667
0 0.03 0.876 0.06 0.248
0 0.127 0.9786666666666667 0.142 0.042666666666666665
