0 0.294 0.21599402092675635 0.588 0.375186846038864
0 0.299 0.4252615844544096 0.59 0.3991031390134529
0 0.035 0.5186846038863976 0.07 0.23318385650224216
0 0.737 0.09491778774289986 0.134 0.18684603886397608
0 0.808 0.2571001494768311 0.384 0.32585949177877427
0 0.836 0.5171898355754858 0.328 0.20926756352765322
0 0.122 0.8572496263079222 0.244 0.19282511210762332
0 0.444 0.8550074738415545 0.464 0.17638266068759342
0 0.83 0.8886397608370703 0.336 0.2227204783258595
0 0.113 0.9708520179372198 0.226 0.05829596412556054
0 0.421 0.9446935724962631 0.418 0.11061285500747384
