0 0.961 0.17691154422788605 0.078 0.2848575712143928
0 0.759 0.18515742128935533 0.378 0.280359820089955
0 0.94 0.4542728635682159 0.12 0.2638680659670165
0 0.94 0.7016491754122939 0.12 0.25487256371814093
0 0.93 0.8980509745127436 0.14 0.20389805097451275
0 0.743 0.4452773613193403 0.334 0.24587706146926536
0 0.742 0.6604197901049476 0.324 0.2683658170914543
0 0.73 0.8508245877061469 0.3 0.2773613193403298
0 0.729 0.9452773613193404 0.266 0.10944527736131934
0 0.463 0.21889055472263869 0.218 0.22188905547226387
0 0.472 0.42278860569715143 0.208 0.191904047976012
0 0.476 0.6011994002998501 0.204 0.2098950524737631
0 0.48 0.7623688155922039 0.204 0.22338830584707647
0 0.489 0.9002998500749625 0.21 0.19640179910044978
0 0.456 0.9685157421289355 0.104 0.05997001499250375
0 0.277 0.24212893553223389 0.17 0.18140929535232383
0 0.291 0.41304347826086957 0.166 0.16041979010494753
0 0.297 0.5622188905547226 0.162 0.17391304347826086
0 0.302 0.7038980509745127 0.156 0.18140929535232383
0 0.326 0.8350824587706147 0.144 0.17391304347826086
0 0.329 0.9310344827586207 0.134 0.13793103448275862
0 0.207 0.8860569715142429 0.118 0.1619190404797601
0 0.196 0.775112443778111 0.124 0.15592203898050974
0 0.169 0.656671664167916 0.122 0.15592203898050974
0 0.16 0.532983508245877 0.128 0.14842578710644677
0 0.15 0.4032983508245877 0.144 0.1409295352323838
0 0.13 0.2571214392803598 0.144 0.15442278860569716
0 0.036 0.27061469265367316 0.072 0.13043478260869565
0 0.053 0.39580209895052476 0.09 0.1199400299850075
0 0.061 0.5097451274362819 0.09 0.12593703148425786
0 0.08 0.6206896551724138 0.084 0.12593703148425786
0 0.093 0.724887556221889 0.098 0.13943028485757122
0 0.103 0.8268365817091454 0.102 0.13943028485757122
0 0.029 0.7863568215892054 0.058 0.11244377811094453
0 0.027 0.6949025487256372 0.054 0.11544227886056972
0 0.024 0.5967016491754122 0.048 0.10794602698650675
