0 0.101 0.08392226148409894 0.202 0.16431095406360424
0 0.298 0.08303886925795052 0.208 0.16607773851590105
0 0.504 0.09363957597173145 0.196 0.17314487632508835
0 0.708 0.09363957597173145 0.204 0.18374558303886926
0 0.9 0.08833922261484099 0.2 0.17667844522968199
0 0.094 0.26060070671378094 0.188 0.19257950530035337
0 0.282 0.2667844522968198 0.22 0.20848056537102475
0 0.487 0.2782685512367491 0.202 0.18904593639575973
0 0.689 0.2765017667844523 0.206 0.19257950530035337
0 0.888 0.27208480565371024 0.224 0.19081272084805653
0 0.099 0.465547703180212 0.198 0.21024734982332155
0 0.286 0.4734982332155477 0.22 0.20848056537102475
0 0.488 0.4734982332155477 0.208 0.21201413427561838
0 0.693 0.4752650176678445 0.206 0.2049469964664311
0 0.892 0.46996466431095407 0.216 0.21201413427561838
0 0.103 0.6855123674911661 0.206 0.23674911660777384
0 0.288 0.7040636042402827 0.224 0.25265017667844525
0 0.494 0.7040636042402827 0.208 0.24911660777385158
0 0.706 0.7040636042402827 0.22 0.25265017667844525
0 0.897 0.7022968197879859 0.206 0.25265017667844525
0 0.09 0.9019434628975265 0.176 0.19257950530035337
0 0.28 0.9143109540636042 0.22 0.17137809187279152
0 0.486 0.911660777385159 0.216 0.1696113074204947
0 0.699 0.9125441696113075 0.214 0.17491166077738515
0 0.896 0.9090106007067138 0.208 0.18197879858657243
