0 0.257 0.856071964017991 0.486 0.2698650674662669
0 0.187 0.9932533733133433 0.338 0.013493253373313344
0 0.538 0.9527736131934033 0.336 0.0944527736131934
0 0.865 0.9932533733133433 0.27 0.013493253373313344
0 0.784 0.8568215892053973 0.432 0.2653673163418291
0 0.854 0.5907046476761619 0.292 0.26686656671664166
0 0.532 0.595952023988006 0.34 0.2623688155922039
0 0.189 0.5929535232383808 0.346 0.2593703148425787
0 0.264 0.3305847076461769 0.484 0.2683658170914543
0 0.774 0.328335832083958 0.452 0.272863568215892
0 0.179 0.09820089955022489 0.342 0.19640179910044978
0 0.52 0.10044977511244378 0.34 0.20089955022488756
0 0.847 0.10044977511244378 0.306 0.20089955022488756
0 0.01 0.5442278860569715 0.02 0.30884557721139433
