0 0.05612244897959184 0.3431818181818182 0.1054421768707483 0.15
0 0.15476190476190477 0.3409090909090909 0.09863945578231292 0.14545454545454545
0 0.25170068027210885 0.3386363636363636 0.09523809523809523 0.1409090909090909
0 0.34183673469387754 0.3340909090909091 0.08503401360544217 0.1409090909090909
0 0.10374149659863946 0.4954545454545455 0.1870748299319728 0.14545454545454545
0 0.06292517006802721 0.6409090909090909 0.09863945578231292 0.14545454545454545
0 0.16156462585034015 0.6318181818181818 0.09863945578231292 0.14545454545454545
0 0.20578231292517007 0.4818181818181818 0.030612244897959183 0.12727272727272726
0 0.2585034013605442 0.625 0.08843537414965986 0.1409090909090909
0 0.30612244897959184 0.4818181818181818 0.1564625850340136 0.13636363636363635
0 0.3486394557823129 0.615909090909091 0.08503401360544217 0.1409090909090909
0 0.1054421768707483 0.7818181818181819 0.17006802721088435 0.15454545454545454
0 0.20578231292517007 0.7681818181818182 0.03741496598639456 0.12727272727272726
0 0.07482993197278912 0.9204545454545454 0.10204081632653061 0.15
0 0.17517006802721088 0.8931818181818182 0.09863945578231292 0.17727272727272728
0 0.26700680272108845 0.8818181818181818 0.08503401360544217 0.17272727272727273
0 0.30952380952380953 0.7568181818181818 0.16326530612244897 0.15
0 0.35374149659863946 0.8818181818181818 0.08843537414965986 0.14545454545454545
0 0.28061224489795916 0.20909090909090908 0.11224489795918367 0.10909090909090909
0 0.3945578231292517 0.22954545454545455 0.11564625850340136 0.1409090909090909
0 0.4523809523809524 0.33181818181818185 0.10884353741496598 0.14545454545454545
0 0.5510204081632653 0.32954545454545453 0.08163265306122448 0.1409090909090909
0 0.6292517006802721 0.325 0.07482993197278912 0.1409090909090909
0 0.7040816326530612 0.32272727272727275 0.07482993197278912 0.13636363636363635
0 0.48639455782312924 0.4681818181818182 0.17006802721088435 0.13636363636363635
0 0.5799319727891157 0.46136363636363636 0.017006802721088437 0.11363636363636363
0 0.6666666666666666 0.46136363636363636 0.14285714285714285 0.1318181818181818
0 0.3945578231292517 0.35454545454545455 0.013605442176870748 0.1
0 0.4574829931972789 0.5931818181818181 0.11904761904761904 0.1590909090909091
0 0.5578231292517006 0.5977272727272728 0.07482993197278912 0.1318181818181818
0 0.6343537414965986 0.5931818181818181 0.0782312925170068 0.1318181818181818
0 0.7091836734693877 0.5863636363636363 0.07142857142857142 0.12727272727272726
0 0.4931972789115646 0.7295454545454545 0.16326530612244897 0.1590909090909091
0 0.4642857142857143 0.8590909090909091 0.1054421768707483 0.15454545454545454
0 0.5578231292517006 0.8545454545454545 0.07482993197278912 0.13636363636363635
0 0.6632653061224489 0.7136363636363636 0.14965986394557823 0.13636363636363635
0 0.6326530612244898 0.8454545454545455 0.07482993197278912 0.12727272727272726
0 0.7091836734693877 0.8318181818181818 0.07142857142857142 0.13636363636363635
0 0.7857142857142857 0.325 0.08163265306122448 0.1318181818181818
0 0.8639455782312925 0.32045454545454544 0.07482993197278912 0.12272727272727273
0 0.9336734693877551 0.3159090909090909 0.07142857142857142 0.1318181818181818
0 0.9863945578231292 0.3159090909090909 0.027210884353741496 0.12272727272727273
0 0.8078231292517006 0.45 0.13945578231292516 0.12727272727272726
0 0.9438775510204082 0.44545454545454544 0.11224489795918367 0.11818181818181818
0 0.7840136054421769 0.5795454545454546 0.07142857142857142 0.1318181818181818
0 0.8571428571428571 0.5727272727272728 0.07482993197278912 0.12727272727272726
0 0.9251700680272109 0.5704545454545454 0.06802721088435375 0.12272727272727273
0 0.9795918367346939 0.5681818181818182 0.04081632653061224 0.11818181818181818
0 0.8061224489795918 0.7045454545454546 0.1292517006802721 0.13636363636363635
0 0.9421768707482994 0.6909090909090909 0.11564625850340136 0.11818181818181818
0 0.7840136054421769 0.825 0.07142857142857142 0.1318181818181818
0 0.8537414965986394 0.8159090909090909 0.06802721088435375 0.12272727272727273
0 0.9200680272108843 0.8068181818181818 0.06462585034013606 0.12272727272727273
0 0.9761904761904762 0.8022727272727272 0.047619047619047616 0.12272727272727273
