0 0.9393939393939394 0.2772727272727273 0.12121212121212122 0.15454545454545454
0 0.7333333333333333 0.2909090909090909 0.2909090909090909 0.16363636363636364
0 0.8575757575757575 0.44772727272727275 0.2 0.16818181818181818
0 0.8636363636363636 0.6136363636363636 0.21212121212121213 0.18181818181818182
0 0.8484848484848485 0.7659090909090909 0.20606060606060606 0.18636363636363637
0 0.8636363636363636 0.9 0.18787878787878787 0.17272727272727273
0 0.6848484848484848 0.8477272727272728 0.14545454545454545 0.1318181818181818
0 0.6787878787878788 0.7227272727272728 0.13333333333333333 0.15454545454545454
0 0.6787878787878788 0.5863636363636363 0.15757575757575756 0.14545454545454545
0 0.6757575757575758 0.4409090909090909 0.1393939393939394 0.13636363636363635
0 0.5242424242424243 0.4340909090909091 0.12727272727272726 0.1409090909090909
0 0.5363636363636364 0.5659090909090909 0.12727272727272726 0.1409090909090909
0 0.5454545454545454 0.6954545454545454 0.13333333333333333 0.15454545454545454
0 0.5363636363636364 0.8045454545454546 0.10303030303030303 0.12727272727272726
0 0.07878787878787878 0.7636363636363637 0.15757575757575756 0.18181818181818182
0 0.12424242424242424 0.9045454545454545 0.24848484848484848 0.18181818181818182
0 0.1787878787878788 0.6090909090909091 0.15151515151515152 0.08181818181818182
0 0.18787878787878787 0.675 0.14545454545454545 0.06818181818181818
0 0.22121212121212122 0.7386363636363636 0.09090909090909091 0.07727272727272727
0 0.21515151515151515 0.7977272727272727 0.10303030303030303 0.06818181818181818
0 0.31212121212121213 0.7636363636363637 0.10303030303030303 0.07272727272727272
0 0.31212121212121213 0.7090909090909091 0.10303030303030303 0.08181818181818182
0 0.3090909090909091 0.6545454545454545 0.10909090909090909 0.08181818181818182
0 0.3 0.6 0.11515151515151516 0.08181818181818182
0 0.08484848484848485 0.3795454545454545 0.14545454545454545 0.06818181818181818
0 0.09090909090909091 0.4340909090909091 0.14545454545454545 0.06818181818181818
0 0.11515151515151516 0.5522727272727272 0.14545454545454545 0.06818181818181818
0 0.10303030303030303 0.49772727272727274 0.14545454545454545 0.06818181818181818
0 0.23030303030303031 0.375 0.14545454545454545 0.05909090909090909
0 0.23636363636363636 0.4340909090909091 0.14545454545454545 0.05909090909090909
0 0.23636363636363636 0.49318181818181817 0.14545454545454545 0.05909090909090909
0 0.2545454545454545 0.5477272727272727 0.13333333333333333 0.05
0 0.3424242424242424 0.37727272727272726 0.06666666666666667 0.05454545454545454
0 0.3424242424242424 0.42727272727272725 0.06666666666666667 0.05454545454545454
0 0.4090909090909091 0.375 0.06666666666666667 0.05909090909090909
0 0.41515151515151516 0.425 0.06666666666666667 0.05
0 0.34545454545454546 0.4863636363636364 0.07272727272727272 0.06363636363636363
0 0.35454545454545455 0.5340909090909091 0.06666666666666667 0.05
