0 0.2608682170542636 0.2449612403100775 0.296124031007752 0.36382428940568473
0 0.2314108527131783 0.5839793281653746 0.2356589147286822 0.31421188630490954
0 0.2701705426356589 0.8723514211886304 0.31007751937984496 0.24599483204134368
0 0.5050542635658914 0.031007751937984496 0.3550387596899225 0.05994832041343669
0 0.5337364341085272 0.2392764857881137 0.2713178294573644 0.358656330749354
0 0.5042790697674419 0.5912144702842378 0.3286821705426356 0.3534883720930233
0 0.5433798449612403 0.8759276485788113 0.23324031007751944 0.2428113695090439
0 0.7868372093023256 0.24237726098191215 0.20077519379844955 0.3689922480620154
0 0.7817984496124032 0.5896640826873385 0.2124031007751938 0.3255813953488373
0 0.7758372093023256 0.8748940568475452 0.21967441860465112 0.24487855297157618
