0 0.10921501706484642 0.16590909090909092 0.21843003412969283 0.1318181818181818
0 0.05802047781569966 0.36818181818181817 0.11604095563139932 0.2727272727272727
0 0.15699658703071673 0.35909090909090907 0.12286689419795221 0.2727272727272727
0 0.2713310580204778 0.35454545454545455 0.11262798634812286 0.2727272727272727
0 0.3242320819112628 0.14545454545454545 0.21160409556313994 0.15454545454545454
0 0.37372013651877134 0.35 0.11262798634812286 0.2727272727272727
0 0.4812286689419795 0.34545454545454546 0.10238907849829351 0.2727272727272727
0 0.5819112627986348 0.3409090909090909 0.10580204778156997 0.2727272727272727
0 0.5341296928327645 0.1409090909090909 0.20136518771331058 0.14545454545454545
0 0.735494880546075 0.12954545454545455 0.20136518771331058 0.15
0 0.6860068259385665 0.33636363636363636 0.10238907849829351 0.2636363636363636
0 0.8037542662116041 0.32954545454545453 0.11262798634812286 0.2681818181818182
0 0.8549488054607508 0.575 0.09215017064846416 0.2590909090909091
0 0.7662116040955631 0.5818181818181818 0.09897610921501707 0.2545454545454545
0 0.8617747440273038 0.8113636363636364 0.09215017064846416 0.2409090909090909
0 0.7662116040955631 0.825 0.09897610921501707 0.2409090909090909
0 0.5563139931740614 0.8568181818181818 0.36177474402730375 0.2863636363636364
0 0.6689419795221843 0.5931818181818181 0.10238907849829351 0.2590909090909091
0 0.5750853242320819 0.6022727272727273 0.09215017064846416 0.2590909090909091
0 0.46757679180887374 0.6090909090909091 0.10238907849829351 0.2727272727272727
0 0.36689419795221845 0.6181818181818182 0.10580204778156997 0.2727272727272727
0 0.3532423208191126 0.8704545454545455 0.05802047781569966 0.25
0 0.27474402730375425 0.8727272727272727 0.11262798634812286 0.24545454545454545
0 0.26621160409556316 0.6272727272727273 0.10921501706484642 0.2636363636363636
0 0.15699658703071673 0.634090909090909 0.11604095563139932 0.2681818181818182
0 0.16552901023890784 0.8818181818181818 0.11945392491467577 0.23636363636363636
0 0.052901023890784986 0.6386363636363637 0.10580204778156997 0.2772727272727273
0 0.059726962457337884 0.8818181818181818 0.11945392491467577 0.22727272727272727
0 0.8805460750853242 0.2863636363636364 0.06143344709897611 0.22727272727272727
0 0.9351535836177475 0.2772727272727273 0.06143344709897611 0.2545454545454545
0 0.9829351535836177 0.27045454545454545 0.034129692832764506 0.2681818181818182
0 0.9402730375426621 0.10454545454545454 0.11262798634812286 0.13636363636363635
0 0.9812286689419796 0.5363636363636364 0.03754266211604096 0.2636363636363636
0 0.9761092150170648 0.7840909090909091 0.04778156996587031 0.25
0 0.9300341296928327 0.04318181818181818 0.13993174061433447 0.08636363636363636
0 0.863481228668942 0.14772727272727273 0.04778156996587031 0.09545454545454546
0 0.9132795532112937 0.652892561983471 0.09463233012721074 0.4958677685950413
0 0.8376512565932361 0.05733471074380165 0.08454855724480301 0.09607438016528924
