0 0.2523452157598499 0.43666666666666665 0.2570356472795497 0.26
0 0.09662288930581614 0.44166666666666665 0.06941838649155722 0.21666666666666667
0 0.24953095684803 0.18833333333333332 0.24765478424015008 0.29
0 0.23170731707317074 0.69 0.2270168855534709 0.28
0 0.15196998123827393 0.7433333333333333 0.06378986866791744 0.14666666666666667
0 0.09287054409005628 0.66 0.054409005628517824 0.2
0 0.4831144465290807 0.5133333333333333 0.2795497185741088 0.22666666666666666
0 0.38461538461538464 0.7416666666666667 0.10881801125703565 0.24333333333333335
0 0.5347091932457786 0.7766666666666666 0.1951219512195122 0.38666666666666666
0 0.7889305816135085 0.8133333333333334 0.3320825515947467 0.37333333333333335
0 0.798311444652908 0.5333333333333333 0.33583489681050654 0.3333333333333333
0 0.7833020637898687 0.20666666666666667 0.3433395872420263 0.35333333333333333
0 0.7870544090056285 0.065 0.3320825515947467 0.12333333333333334
