0 0.352 0.016516516516516516 0.124 0.03303303303303303
0 0.468 0.036036036036036036 0.116 0.07207207207207207
0 0.574 0.04954954954954955 0.1 0.0990990990990991
0 0.657 0.06006006006006006 0.078 0.12012012012012012
0 0.726 0.06906906906906907 0.072 0.13813813813813813
0 0.779 0.07657657657657657 0.05 0.15315315315315314
0 0.828 0.08558558558558559 0.064 0.17117117117117117
0 0.878 0.1006006006006006 0.06 0.17117117117117117
0 0.93 0.11711711711711711 0.056 0.16216216216216217
0 0.97 0.13663663663663664 0.044 0.14714714714714713
0 0.867 0.01951951951951952 0.106 0.03903903903903904
0 0.95 0.03153153153153153 0.064 0.06306306306306306
0 0.243 0.15315315315315314 0.338 0.27627627627627627
0 0.068 0.14114114114114115 0.024 0.22822822822822822
0 0.063 0.3858858858858859 0.03 0.2672672672672673
0 0.061 0.6051051051051051 0.03 0.1831831831831832
0 0.057 0.7987987987987988 0.042 0.23423423423423423
0 0.055 0.9414414414414415 0.046 0.11711711711711711
0 0.237 0.4039039039039039 0.326 0.2852852852852853
0 0.237 0.6441441441441441 0.326 0.3033033033033033
0 0.239 0.8603603603603603 0.322 0.27927927927927926
0 0.131 0.96996996996997 0.114 0.06006006006006006
0 0.37 0.987987987987988 0.052 0.024024024024024024
0 0.462 0.17267267267267267 0.116 0.24324324324324326
0 0.457 0.41291291291291293 0.118 0.24324324324324326
0 0.457 0.6321321321321322 0.118 0.24324324324324326
0 0.452 0.8468468468468469 0.112 0.26426426426426425
0 0.45 0.960960960960961 0.108 0.07807807807807808
0 0.569 0.19369369369369369 0.11 0.23123123123123124
0 0.564 0.4099099099099099 0.1 0.22522522522522523
0 0.559 0.6156156156156156 0.102 0.21621621621621623
0 0.555 0.8123123123123123 0.102 0.23123123123123124
0 0.553 0.9384384384384384 0.098 0.12312312312312312
0 0.657 0.21021021021021022 0.086 0.21021021021021022
0 0.649 0.4084084084084084 0.082 0.1981981981981982
0 0.645 0.5945945945945946 0.078 0.2042042042042042
0 0.643 0.7747747747747747 0.082 0.21021021021021022
0 0.633 0.9204204204204204 0.078 0.15915915915915915
0 0.645 0.987987987987988 0.042 0.024024024024024024
0 0.726 0.22072072072072071 0.06 0.19519519519519518
0 0.72 0.4099099099099099 0.072 0.1831831831831832
0 0.719 0.5825825825825826 0.07 0.18018018018018017
0 0.71 0.7537537537537538 0.076 0.1981981981981982
0 0.705 0.8948948948948949 0.082 0.16816816816816818
0 0.708 0.9624624624624625 0.088 0.07507507507507508
0 0.777 0.23123123123123124 0.046 0.18018018018018017
0 0.779 0.4084084084084084 0.054 0.17417417417417416
0 0.776 0.5675675675675675 0.06 0.17417417417417416
0 0.773 0.7252252252252253 0.054 0.1831831831831832
0 0.769 0.8678678678678678 0.05 0.17417417417417416
0 0.826 0.24624624624624625 0.056 0.15615615615615616
0 0.831 0.4024024024024024 0.058 0.15615615615615616
0 0.828 0.5540540540540541 0.056 0.15315315315315314
0 0.822 0.6996996996996997 0.056 0.16216216216216217
0 0.817 0.8423423423423423 0.058 0.16516516516516516
0 0.875 0.25675675675675674 0.058 0.15315315315315314
0 0.877 0.4039039039039039 0.042 0.14714714714714713
0 0.872 0.5480480480480481 0.044 0.14714714714714713
0 0.864 0.6876876876876877 0.036 0.15015015015015015
0 0.862 0.8198198198198198 0.04 0.15015015015015015
0 0.922 0.26426426426426425 0.056 0.14414414414414414
0 0.917 0.40540540540540543 0.046 0.13813813813813813
0 0.909 0.539039039039039 0.054 0.14114114114114115
0 0.905 0.6711711711711712 0.046 0.14714714714714713
0 0.896 0.7942942942942943 0.044 0.14714714714714713
0 0.963 0.2702702702702703 0.05 0.14414414414414414
0 0.961 0.40540540540540543 0.05 0.13213213213213212
0 0.948 0.53003003003003 0.04 0.12912912912912913
0 0.943 0.6531531531531531 0.03 0.12912912912912913
0 0.934 0.7747747747747747 0.04 0.13813813813813813
0 0.806 0.9474474474474475 0.116 0.10510510510510511
0 0.875 0.9084084084084084 0.062 0.1111111111111111
0 0.927 0.8873873873873874 0.046 0.12312312312312312
0 0.889 0.9654654654654654 0.114 0.06906906906906907
