0 0.26 0.2436281859070465 0.256 0.16041979010494753
0 0.523 0.24512743628185907 0.246 0.15442278860569716
0 0.783 0.24437781109445278 0.242 0.15292353823088456
0 0.815 0.41454272863568215 0.286 0.18440779610194902
0 0.527 0.41679160419790107 0.274 0.18590704647676162
0 0.241 0.41529235382308843 0.29 0.1889055472263868
0 0.807 0.5974512743628186 0.294 0.18440779610194902
0 0.808 0.7661169415292354 0.284 0.16491754122938532
0 0.552 0.7563718140929535 0.18 0.14842578710644677
0 0.565 0.5952023988005997 0.19 0.17391304347826086
0 0.374 0.5944527736131934 0.192 0.17841079460269865
0 0.371 0.7563718140929535 0.186 0.14842578710644677
0 0.179 0.5907046476761619 0.202 0.18590704647676162
0 0.181 0.7571214392803598 0.186 0.14992503748125938
