0 0.159 0.015748031496062992 0.318 0.031496062992125984
0 0.504 0.006749156355455568 0.364 0.013498312710911136
0 0.25 0.1377952755905512 0.5 0.2508436445444319
0 0.241 0.3712035995500562 0.482 0.23172103487064116
0 0.148 0.5826771653543307 0.296 0.23622047244094488
0 0.22 0.8357705286839145 0.436 0.32845894263217096
0 0.022 0.9955005624296963 0.044 0.008998875140607425
0 0.371 0.9595050618672666 0.102 0.08098987626546682
0 0.468 0.6012373453318335 0.344 0.2373453318335208
0 0.746 0.13104611923509563 0.508 0.26209223847019125
0 0.735 0.3847019122609674 0.53 0.2542182227221597
0 0.816 0.6259842519685039 0.368 0.2530933633295838
0 0.461 0.813273340832396 0.334 0.23622047244094488
0 0.805 0.844206974128234 0.386 0.24634420697412823
0 0.679 0.9583802024746907 0.51 0.08323959505061868
