0 0.9482439926062847 0.03 0.08133086876155268 0.06
0 0.8401109057301294 0.023333333333333334 0.12014787430683918 0.04666666666666667
0 0.7384473197781886 0.006666666666666667 0.07948243992606285 0.013333333333333334
0 0.9852125693160814 0.15166666666666667 0.029574861367837338 0.17
0 0.9852125693160814 0.31833333333333336 0.029574861367837338 0.16333333333333333
0 0.9306839186691312 0.3283333333333333 0.08317929759704251 0.19
0 0.8345656192236599 0.35833333333333334 0.12754158964879853 0.23
0 0.9140480591497228 0.14333333333333334 0.11645101663585952 0.21333333333333335
0 0.7735674676524954 0.13333333333333333 0.17929759704251386 0.25333333333333335
0 0.5434380776340111 0.13333333333333333 0.28835489833641403 0.26666666666666666
0 0.2024029574861368 0.155 0.4048059149722736 0.31
0 0.6820702402957486 0.385 0.18484288354898337 0.27666666666666667
0 0.4611829944547135 0.41333333333333333 0.26062846580406657 0.32666666666666666
0 0.17282809611829944 0.48833333333333334 0.3456561922365989 0.47
0 0.21072088724584104 0.7866666666666666 0.4214417744916821 0.4266666666666667
0 0.5489833641404805 0.6816666666666666 0.25508317929759705 0.35
0 0.7532347504621072 0.5916666666666667 0.17190388170055454 0.27666666666666667
0 0.8983364140480592 0.5233333333333333 0.11829944547134935 0.23333333333333334
0 0.9787430683918669 0.485 0.04251386321626617 0.17666666666666667
0 0.9815157116451017 0.645 0.036968576709796676 0.15
0 0.9205175600739371 0.6833333333333333 0.10351201478743069 0.21333333333333335
0 0.8096118299445472 0.7566666666666667 0.1256931608133087 0.25333333333333335
0 0.6700554528650647 0.8416666666666667 0.15711645101663585 0.30333333333333334
0 0.4805914972273567 0.89 0.23290203327171904 0.22
0 0.2809611829944547 0.96 0.14048059149722736 0.08
0 0.66728280961183 0.945 0.15526802218114602 0.11
0 0.8207024029574861 0.895 0.14048059149722736 0.21
0 0.967652495378928 0.79 0.06469500924214418 0.18666666666666668
0 0.9759704251386322 0.9166666666666666 0.04805914972273567 0.16666666666666666
0 0.910351201478743 0.9366666666666666 0.08687615526802218 0.12666666666666668
