0 0.8342696629213483 0.6266666666666667 0.2640449438202247 0.36666666666666664
0 0.7752808988764045 0.3616666666666667 0.21722846441947566 0.16333333333333333
0 0.600187265917603 0.3566666666666667 0.19288389513108614 0.16
0 0.6207865168539326 0.6216666666666667 0.2303370786516854 0.36333333333333334
0 0.39232209737827717 0.6116666666666667 0.22284644194756553 0.37
0 0.40823970037453183 0.35333333333333333 0.18726591760299627 0.15333333333333332
0 0.17883895131086142 0.6083333333333333 0.2602996254681648 0.37
0 0.22846441947565543 0.3516666666666667 0.20973782771535582 0.15
0 0.7406367041198502 0.22666666666666666 0.17790262172284643 0.11333333333333333
0 0.5833333333333334 0.22 0.15917602996254682 0.10666666666666667
0 0.4250936329588015 0.21833333333333332 0.15730337078651685 0.11666666666666667
0 0.27340823970037453 0.215 0.1760299625468165 0.11
