0 0.161 0.20014992503748125 0.294 0.1724137931034483
0 0.577 0.2128935532233883 0.346 0.15292353823088456
0 0.359 0.24587706146926536 0.102 0.08395802098950525
0 0.193 0.3553223388305847 0.35 0.14992503748125938
0 0.492 0.36281859070464767 0.236 0.14392803598200898
0 0.74 0.37256371814092953 0.236 0.1424287856071964
0 0.15 0.5052473763118441 0.244 0.14992503748125938
0 0.407 0.5089955022488756 0.246 0.14842578710644677
0 0.707 0.5134932533733133 0.334 0.14842578710644677
0 0.194 0.6551724137931034 0.36 0.14992503748125938
0 0.517 0.658920539730135 0.246 0.15142428785607195
0 0.763 0.6619190404797601 0.234 0.14842578710644677
0 0.146 0.800599700149925 0.244 0.1409295352323838
0 0.397 0.800599700149925 0.242 0.14392803598200898
0 0.694 0.8013493253373314 0.336 0.136431784107946
0 0.924 0.452023988005997 0.1 0.05547226386806597
0 0.936 0.5082458770614693 0.12 0.06296851574212893
0 0.913 0.5757121439280359 0.082 0.06596701649175413
0 0.956 0.3988005997001499 0.088 0.050974512743628186
0 0.949 0.643928035982009 0.102 0.20539730134932535
