0 0.742914979757085 0.7941666666666667 0.3076923076923077 0.3016666666666667
0 0.7884615384615384 0.5191666666666667 0.2773279352226721 0.25166666666666665
0 0.757085020242915 0.2816666666666667 0.2591093117408907 0.21666666666666667
0 0.5313765182186235 0.49666666666666665 0.2773279352226721 0.26
0 0.45951417004048584 0.7816666666666666 0.3076923076923077 0.31
0 0.1548582995951417 0.7883333333333333 0.3097165991902834 0.33
0 0.24595141700404857 0.49 0.2975708502024291 0.27
0 0.5172064777327935 0.25833333333333336 0.24898785425101214 0.22666666666666666
0 0.2601214574898785 0.2425 0.2611336032388664 0.235
0 0.05465587044534413 0.48083333333333333 0.10931174089068826 0.275
0 0.06477732793522267 0.2225 0.12955465587044535 0.235
0 0.728744939271255 0.09166666666666666 0.23076923076923078 0.18333333333333332
0 0.5010121457489879 0.075 0.24493927125506074 0.15
0 0.25708502024291496 0.0625 0.2550607287449393 0.125
