0 0.07575757575757576 0.3613636363636364 0.15151515151515152 0.20454545454545456
0 0.19393939393939394 0.33636363636363636 0.09696969696969697 0.16363636363636364
0 0.11212121212121212 0.1590909090909091 0.22424242424242424 0.18181818181818182
0 0.3484848484848485 0.16363636363636364 0.2606060606060606 0.18181818181818182
0 0.19090909090909092 0.04090909090909091 0.22424242424242424 0.08181818181818182
0 0.4303030303030303 0.04090909090909091 0.23030303030303031 0.08181818181818182
0 0.6818181818181818 0.038636363636363635 0.24848484848484848 0.07727272727272727
0 0.9030303030303031 0.038636363636363635 0.19393939393939394 0.07727272727272727
0 0.6181818181818182 0.16818181818181818 0.2787878787878788 0.19090909090909092
0 0.8787878787878788 0.17954545454545454 0.24242424242424243 0.19545454545454546
0 0.8848484848484849 0.3659090909090909 0.23030303030303031 0.18636363636363637
0 0.6424242424242425 0.3522727272727273 0.2909090909090909 0.17727272727272728
0 0.36666666666666664 0.3409090909090909 0.24848484848484848 0.16363636363636364
0 0.12424242424242424 0.5318181818181819 0.24848484848484848 0.21818181818181817
0 0.3303030303030303 0.5386363636363637 0.34545454545454546 0.2318181818181818
0 0.6515151515151515 0.5613636363636364 0.34545454545454546 0.2590909090909091
0 0.896969696969697 0.5795454545454546 0.20606060606060606 0.2590909090909091
0 0.8878787878787879 0.7954545454545454 0.22424242424242424 0.19090909090909092
0 0.6272727272727273 0.7613636363636364 0.3212121212121212 0.18636363636363637
0 0.3181818181818182 0.7386363636363636 0.296969696969697 0.17727272727272728
0 0.08484848484848485 0.725 0.1696969696969697 0.1590909090909091
0 0.7424242424242424 0.9204545454545454 0.5151515151515151 0.15
0 0.2545454545454545 0.9568181818181818 0.43636363636363634 0.08636363636363636
0 0.2545454545454545 0.884090909090909 0.4484848484848485 0.16818181818181818
0 0.01818181818181818 0.9545454545454546 0.03636363636363636 0.08181818181818182
0 0.01818181818181818 0.8568181818181818 0.03636363636363636 0.10454545454545454
