0 0.14 0.11144219308700834 0.28 0.22288438617401668
0 0.507 0.09237187127532777 0.474 0.18474374255065554
0 0.801 0.13587604290822408 0.13 0.26460071513706795
0 0.906 0.22586412395709177 0.092 0.20381406436233612
0 0.056 0.3039332538736591 0.112 0.21454112038140644
0 0.219 0.2735399284862932 0.258 0.2562574493444577
0 0.115 0.5113230035756854 0.23 0.2526817640047676
0 0.106 0.7693682955899881 0.212 0.2729439809296782
0 0.088 0.9439809296781884 0.176 0.11203814064362336
0 0.567 0.25446960667461266 0.45 0.3230035756853397
0 0.488 0.4856972586412396 0.536 0.28486293206197855
0 0.476 0.7872467222884386 0.56 0.32777115613825986
0 0.467 0.9410011918951132 0.594 0.11799761620977355
0 0.974 0.29558998808104886 0.052 0.09535160905840286
0 0.848 0.3367103694874851 0.136 0.24433849821215733
0 0.815 0.5178784266984505 0.126 0.2205005959475566
0 0.918 0.5446960667461264 0.104 0.18831942789034564
0 0.833 0.7562574493444577 0.162 0.26102502979737785
0 0.937 0.7294398092967819 0.078 0.18593563766388557
0 0.842 0.9165673420738975 0.172 0.16686531585220502
0 0.955 0.899880810488677 0.09 0.19785458879618595
0 0.965 0.9815256257449344 0.07 0.03456495828367104
0 0.985 0.7175208581644815 0.03 0.17163289630512515
0 0.979 0.5578069129916567 0.042 0.1501787842669845
0 0.943 0.39213349225268174 0.09 0.1907032181168057
0 0.99 0.3837902264600715 0.02 0.07151370679380215
0 0.992 0.4499404052443385 0.012 0.060786650774731825
