0 0.42719836400818 0.20173962098705248 0.2809815950920246 0.1729196751317593
0 0.27709611451942745 0.22504085380622574 0.0323108384458078 0.11773254477055951
0 0.18834355828220858 0.3542707174020352 0.3038854805725971 0.15728332152941932
0 0.18139059304703478 0.5075683017387013 0.26952965235173826 0.1529909891679927
0 0.16441717791411045 0.6443097469670073 0.2813905930470348 0.15360417950533942
0 0.16912065439672802 0.7808978946109767 0.26952965235173826 0.13674144522830606
0 0.15071574642126792 0.8698104935262432 0.30143149284253584 0.1649482007462528
0 0.16543967280163602 0.9441199645575985 0.29488752556237224 0.10876157013517772
0 0.43471370143149285 0.9516315461900952 0.23057259713701428 0.09373840687018448
0 0.4386503067484663 0.8583131747009931 0.23599182004089989 0.13091613702351282
0 0.441717791411043 0.7382811661653836 0.24130879345603268 0.1336754935415728
0 0.4398773006134969 0.6052188629611575 0.24171779141104294 0.15084482298727941
0 0.4578732106339468 0.48641323510024137 0.22044989775051124 0.13030294668616613
0 0.46523517382413093 0.3542707174020352 0.2261758691206544 0.13888761140901942
0 0.6886363636363636 0.3424424151560584 0.256060606060606 0.14273166447079497
0 0.6844020797227035 0.47835700867070796 0.24020797227036395 0.13199639348436704
0 0.6762564991334489 0.6067157062716475 0.23223570190641238 0.12679968507947068
0 0.6708838821490467 0.726759670424753 0.22287694974003466 0.12212264751506399
0 0.662218370883882 0.8396581605211259 0.22079722703639515 0.1249808371377569
0 0.6554159445407278 0.9435689434312305 0.21083188908145575 0.10986361238791352
0 0.8571923743500866 0.9295612159258324 0.20935875216637773 0.11614643284943314
0 0.8720970537261699 0.8274458957696195 0.21143847487001732 0.11666610368992274
0 0.8821490467937608 0.719484278657898 0.22322357019064124 0.11796528079114683
0 0.8903344887348353 0.6041173520691994 0.2153310225303294 0.12212264751506391
0 0.8957071057192375 0.48147503371364575 0.20458578856152518 0.12939803928191887
0 0.9019064124783361 0.3483093808381771 0.19202772963604844 0.13641359562852884
