0 0.128 0.12593703148425786 0.248 0.24887556221889057
0 0.328 0.12968515742128936 0.252 0.2593703148425787
0 0.572 0.12293853073463268 0.208 0.24287856071964017
0 0.777 0.1176911544227886 0.198 0.2353823088455772
0 0.157 0.43553223388305845 0.314 0.39730134932533734
0 0.402 0.4272863568215892 0.304 0.36881559220389803
0 0.671 0.41304347826086957 0.29 0.3613193403298351
0 0.887 0.404047976011994 0.226 0.3553223388305847
0 0.923 0.19940029985007496 0.154 0.05997001499250375
0 0.222 0.739880059970015 0.292 0.2593703148425787
0 0.446 0.7241379310344828 0.248 0.24887556221889057
0 0.677 0.7113943028485757 0.242 0.2563718140929535
0 0.889 0.7031484257871065 0.222 0.2518740629685157
0 0.276 0.9280359820089955 0.236 0.14392803598200898
0 0.478 0.9167916041979011 0.216 0.1664167916041979
0 0.678 0.9182908545727136 0.208 0.1634182908545727
0 0.88 0.9115442278860569 0.224 0.17391304347826086
