0 0.5241935483870968 0.3386363636363636 0.3225806451612903 0.19545454545454546
0 0.18951612903225806 0.33636363636363636 0.3467741935483871 0.2
0 0.8467741935483871 0.3409090909090909 0.3064516129032258 0.19090909090909092
0 0.6693548387096774 0.5295454545454545 0.2903225806451613 0.18636363636363637
0 0.36693548387096775 0.5272727272727272 0.29838709677419356 0.18181818181818182
0 0.11290322580645161 0.5295454545454545 0.22580645161290322 0.18636363636363637
0 0.907258064516129 0.5295454545454545 0.18548387096774194 0.17727272727272728
0 0.8629032258064516 0.7022727272727273 0.27419354838709675 0.16818181818181818
0 0.5282258064516129 0.7090909090909091 0.29838709677419356 0.17272727272727273
0 0.1774193548387097 0.7136363636363636 0.3225806451612903 0.18181818181818182
