0 0.14128256513026052 0.16266666666666665 0.28256513026052105 0.30933333333333335
0 0.15030060120240482 0.46266666666666667 0.30060120240480964 0.2906666666666667
0 0.14829659318637275 0.7106666666666667 0.2965931863727455 0.31733333333333336
0 0.1533066132264529 0.884 0.3026052104208417 0.232
0 0.3777555110220441 0.196 0.21042084168336672 0.25333333333333335
0 0.3867735470941884 0.42 0.1963927855711423 0.232
0 0.38276553106212424 0.6346666666666667 0.18837675350701402 0.24
0 0.3847695390781563 0.8186666666666667 0.18036072144288579 0.24
0 0.3897795591182365 0.9266666666666666 0.1743486973947896 0.14666666666666667
0 0.5280561122244489 0.24 0.09018036072144289 0.19733333333333333
0 0.5420841683366734 0.4226666666666667 0.11823647294589178 0.17866666666666667
0 0.5350701402805611 0.592 0.11623246492985972 0.18133333333333335
0 0.533066132264529 0.748 0.12024048096192384 0.20533333333333334
0 0.5320641282565131 0.896 0.11823647294589178 0.20266666666666666
0 0.5320641282565131 0.9626666666666667 0.11022044088176353 0.07466666666666667
0 0.6222444889779559 0.476 0.05811623246492986 0.14133333333333334
0 0.6202404809619239 0.6066666666666667 0.05811623246492986 0.14666666666666667
0 0.6162324649298597 0.7306666666666667 0.050100200400801605 0.13866666666666666
0 0.6112224448897795 0.86 0.04809619238476954 0.14666666666666667
0 0.6082164328657315 0.9506666666666667 0.04609218436873747 0.09866666666666667
0 0.7865731462925851 0.196 0.42685370741482964 0.3333333333333333
0 0.8246492985971944 0.448 0.35070140280561124 0.208
0 0.7224448897795591 0.5933333333333334 0.15430861723446893 0.184
0 0.8967935871743486 0.6373333333333333 0.20641282565130262 0.23466666666666666
0 0.7154308617234469 0.744 0.1523046092184369 0.208
0 0.8907815631262525 0.816 0.218436873747495 0.2613333333333333
0 0.7064128256513026 0.888 0.15430861723446893 0.21866666666666668
0 0.8897795591182365 0.9266666666666666 0.22044088176352705 0.14133333333333334
0 0.6973947895791583 0.9533333333333334 0.13627254509018036 0.088
