0 0.10337552742616034 0.33203125 0.20675105485232068 0.2703125
0 0.08860759493670886 0.11015625 0.17721518987341772 0.2203125
0 0.3470464135021097 0.12578125 0.5295358649789029 0.2515625
0 0.689873417721519 0.0984375 0.2109704641350211 0.19375
0 0.8818565400843882 0.075 0.16877637130801687 0.15
0 0.979957805907173 0.05859375 0.04008438818565401 0.1171875
0 0.043248945147679324 0.49140625 0.08649789029535865 0.0703125
0 0.16139240506329114 0.4546875 0.23417721518987342 0.084375
0 0.16561181434599156 0.7328125 0.33122362869198313 0.453125
0 0.30168776371308015 0.65234375 0.43037974683544306 0.4046875
0 0.3407172995780591 0.8828125 0.43670886075949367 0.234375
0 0.23839662447257384 0.35234375 0.23628691983122363 0.2640625
0 0.5379746835443038 0.3484375 0.5358649789029536 0.390625
0 0.8987341772151899 0.26171875 0.20253164556962025 0.3046875
0 0.4831223628691983 0.59921875 0.4092827004219409 0.3046875
0 0.7373417721518988 0.5484375 0.16666666666666666 0.265625
0 0.9040084388185654 0.4828125 0.19198312236286919 0.253125
0 0.6677215189873418 0.7578125 0.310126582278481 0.271875
0 0.8881856540084389 0.65625 0.13924050632911392 0.209375
0 0.9736286919831224 0.609375 0.052742616033755275 0.171875
