0 0.221 0.2571428571428571 0.238 0.14857142857142858
0 0.453 0.27 0.222 0.12285714285714286
0 0.726 0.21571428571428572 0.344 0.22
0 0.729 0.42 0.33 0.2057142857142857
0 0.45 0.38285714285714284 0.22 0.11428571428571428
0 0.225 0.38142857142857145 0.226 0.12857142857142856
0 0.219 0.4942857142857143 0.222 0.13142857142857142
0 0.445 0.49857142857142855 0.222 0.11142857142857143
0 0.413 0.6671428571428571 0.306 0.2257142857142857
0 0.728 0.6214285714285714 0.328 0.20857142857142857
0 0.166 0.6 0.208 0.13714285714285715
0 0.168 0.7157142857142857 0.204 0.11714285714285715
0 0.177 0.8214285714285714 0.198 0.10571428571428572
0 0.422 0.8714285714285714 0.308 0.2
0 0.725 0.8328571428571429 0.31 0.22
0 0.192 0.9314285714285714 0.204 0.11428571428571428
