0 0.122 0.41216216216216217 0.22 0.22972972972972974
0 0.309 0.40405405405405403 0.186 0.21891891891891893
0 0.481 0.3918918918918919 0.178 0.2
0 0.638 0.40135135135135136 0.204 0.20270270270270271
0 0.782 0.40135135135135136 0.224 0.20270270270270271
0 0.793 0.5351351351351351 0.162 0.07567567567567568
0 0.781 0.6094594594594595 0.15 0.07837837837837838
0 0.766 0.6810810810810811 0.148 0.06486486486486487
0 0.751 0.7432432432432432 0.142 0.07567567567567568
0 0.643 0.5378378378378378 0.166 0.07567567567567568
0 0.635 0.6175675675675676 0.162 0.08378378378378379
0 0.626 0.6878378378378378 0.16 0.07837837837837838
0 0.616 0.75 0.156 0.07297297297297298
0 0.481 0.5378378378378378 0.166 0.0918918918918919
0 0.48 0.6202702702702703 0.156 0.08378378378378379
0 0.475 0.6932432432432433 0.15 0.07297297297297298
0 0.462 0.7567567567567568 0.14 0.08108108108108109
0 0.313 0.5445945945945946 0.178 0.08378378378378379
0 0.314 0.6310810810810811 0.164 0.0945945945945946
0 0.316 0.6959459459459459 0.16 0.0891891891891892
0 0.314 0.7648648648648648 0.152 0.08108108108108109
0 0.126 0.5648648648648649 0.2 0.08648648648648649
0 0.141 0.6486486486486487 0.19 0.08648648648648649
0 0.126 0.6972972972972973 0.184 0.13513513513513514
0 0.142 0.7891891891891892 0.176 0.11351351351351352
