0 0.17823901712583767 0.7575287498965831 0.22182923802432364 0.2326880119136262
0 0.28294862248696945 0.580168776371308 0.22803425167535366 0.21717547778605112
0 0.4186832961032514 0.3898816910730537 0.2342392653263837 0.19856043683296107
0 0.5559692231322909 0.19080416976917347 0.23734177215189878 0.21200463307685943
0 0.657964135021097 0.3945354513113263 0.23966865227103498 0.1975262678911227
0 0.7483246463142219 0.5812029453131463 0.23113675850086873 0.2089021262513445
0 0.8518708116157856 0.7585629188384214 0.2179511044924298 0.2306196740299496
0 0.5152488210474063 0.5910275502606105 0.2350148920327625 0.19752626789112276
0 0.4051098287416232 0.7813146355588648 0.23036113179449 0.18925291635641595
0 0.6319806403574086 0.7813146355588648 0.22648299826259619 0.19132125424009258
