0 0.843 0.4910044977511244 0.31 0.16941529235382308
0 0.524 0.48650674662668664 0.332 0.1664167916041979
0 0.197 0.48125937031484256 0.346 0.17691154422788605
0 0.151 0.30509745127436283 0.258 0.1904047976011994
0 0.405 0.3118440779610195 0.258 0.18290854572713644
0 0.15 0.6551724137931034 0.252 0.17391304347826086
0 0.39 0.6536731634182908 0.244 0.16491754122938532
0 0.633 0.6499250374812594 0.242 0.16041979010494753
0 0.87 0.6529235382308846 0.236 0.16041979010494753
0 0.82 0.8088455772113943 0.304 0.15742128935532235
0 0.51 0.8133433283358321 0.32 0.1664167916041979
0 0.188 0.8193403298350824 0.328 0.1724137931034483
0 0.666 0.31634182908545727 0.272 0.17991004497751126
0 0.895 0.32533733133433285 0.206 0.17691154422788605
0 0.856 0.1431784107946027 0.284 0.1934032983508246
0 0.548 0.12968515742128936 0.348 0.19940029985007496
0 0.187 0.11694152923538231 0.37 0.2128935532233883
