0 0.251 0.044412607449856735 0.15 0.08882521489971347
0 0.41 0.034383954154727794 0.176 0.06876790830945559
0 0.584 0.06876790830945559 0.176 0.13753581661891118
0 0.764 0.12893982808022922 0.176 0.19484240687679083
0 0.859 0.04727793696275072 0.07 0.09455587392550144
0 0.874 0.17335243553008595 0.064 0.1518624641833811
0 0.611 0.2851002865329513 0.222 0.34097421203438394
0 0.786 0.32951289398280803 0.172 0.22349570200573066
0 0.885 0.32664756446991405 0.066 0.17765042979942694
0 0.773 0.5587392550143266 0.19 0.2349570200573066
0 0.897 0.502865329512894 0.066 0.18624641833810887
0 0.904 0.6848137535816619 0.076 0.1833810888252149
0 0.791 0.7951289398280802 0.198 0.2492836676217765
0 0.918 0.8782234957020058 0.064 0.2034383954154728
0 0.797 0.9570200573065902 0.214 0.08595988538681948
0 0.926 0.9871060171919771 0.048 0.025787965616045846
0 0.598 0.9498567335243553 0.192 0.10028653295128939
0 0.591 0.5286532951289399 0.182 0.17478510028653296
0 0.599 0.7363896848137536 0.19 0.24068767908309455
0 0.39 0.9212034383954155 0.228 0.15759312320916904
0 0.159 0.9269340974212035 0.238 0.14613180515759314
0 0.159 0.7134670487106017 0.23 0.2693409742120344
0 0.167 0.4498567335243553 0.222 0.2521489971346705
0 0.202 0.2020057306590258 0.26 0.24355300859598855
0 0.394 0.18624641833810887 0.22 0.2521489971346705
0 0.39 0.6962750716332379 0.228 0.2922636103151863
0 0.384 0.4326647564469914 0.236 0.25787965616045844
