0 0.883 0.1066066066066066 0.234 0.2132132132132132
0 0.683 0.14114114114114115 0.166 0.25825825825825827
0 0.534 0.1921921921921922 0.132 0.21621621621621623
0 0.852 0.36936936936936937 0.292 0.36036036036036034
0 0.617 0.3918918918918919 0.174 0.2732732732732733
0 0.85 0.7252252252252253 0.296 0.36936936936936937
0 0.85 0.9159159159159159 0.3 0.16816816816816818
0 0.61 0.6696696696696697 0.18 0.2822822822822823
0 0.608 0.8813813813813813 0.18 0.23123123123123124
0 0.436 0.2072072072072072 0.136 0.18618618618618618
0 0.34 0.21771771771771772 0.112 0.17117117117117117
0 0.46 0.4114114114114114 0.144 0.22822822822822822
0 0.457 0.6456456456456456 0.122 0.23423423423423423
0 0.455 0.8588588588588588 0.122 0.26426426426426425
0 0.351 0.4024024024024024 0.082 0.1981981981981982
0 0.346 0.6066066066066066 0.092 0.2042042042042042
0 0.343 0.8003003003003003 0.09 0.23723723723723725
0 0.28 0.1981981981981982 0.112 0.16816816816816818
0 0.28 0.3978978978978979 0.112 0.1831831831831832
0 0.224 0.36786786786786785 0.112 0.17717717717717718
0 0.262 0.581081081081081 0.08 0.1831831831831832
0 0.192 0.5465465465465466 0.06 0.17417417417417416
0 0.193 0.7177177177177178 0.054 0.18018018018018017
0 0.257 0.7522522522522522 0.074 0.19519519519519518
0 0.137 0.6921921921921922 0.054 0.17117117117117117
0 0.135 0.5375375375375375 0.058 0.15615615615615616
0 0.157 0.3813813813813814 0.022 0.13813813813813813
0 0.126 0.2747747747747748 0.044 0.12912912912912913
0 0.111 0.3993993993993994 0.066 0.11411411411411411
0 0.091 0.6741741741741741 0.034 0.14714714714714713
0 0.091 0.5420420420420421 0.034 0.12312312312312312
0 0.057 0.6561561561561562 0.034 0.12912912912912913
0 0.031 0.6366366366366366 0.03 0.12612612612612611
0 0.035 0.5225225225225225 0.026 0.12612612612612611
0 0.064 0.5375375375375375 0.028 0.11411411411411411
0 0.064 0.4219219219219219 0.028 0.11711711711711711
0 0.049 0.4009009009009009 0.054 0.11711711711711711
0 0.083 0.2822822822822823 0.05 0.12612612612612611
