0 0.2265581395348837 0.2118863049095607 0.4531162790697674 0.4237726098191214
0 0.1376124031007752 0.6511627906976744 0.27286821705426356 0.4568475452196382
0 0.23993798449612405 0.8568062015503876 0.4790697674418605 0.2810542635658915
0 0.3504031007751938 0.6124031007751938 0.23798449612403108 0.3834625322997416
0 0.550015503875969 0.49612403100775193 0.3224806201550387 0.3617571059431525
0 0.45195348837209304 0.1829457364341085 0.28914728682170543 0.3617571059431524
0 0.6531162790697674 0.19534883720930232 0.11782945736434113 0.2997416020671835
0 0.7771472868217054 0.3245478036175711 0.15968992248062022 0.1529715762273902
0 0.7546666666666666 0.4780361757105943 0.1162790697674418 0.1870801033591732
0 0.5442015503875969 0.7627906976744185 0.15736434108527134 0.30801033591731264
0 0.6631937984496123 0.702325581395349 0.0945736434108527 0.2780361757105943
0 0.8345116279069767 0.44082687338501286 0.11007751937984495 0.14573643410852713
0 0.9306356589147285 0.0987080103359173 0.1255813953488372 0.19534883720930232
0 0.8050542635658915 0.5560723514211886 0.14263565891472876 0.16537467700258396
0 0.8357131782945737 0.09560723514211886 0.0845736434108527 0.19121447028423771
0 0.8515658914728681 0.2811369509043927 0.24961240310077518 0.1984496124031008
0 0.9348604651162791 0.4518863049095608 0.1262790697674419 0.21043927648578808
0 0.7054418604651163 0.016537467700258397 0.08604651162790697 0.03307493540051679
0 0.7275348837209301 0.10180878552971577 0.1364341085271318 0.16227390180878554
0 0.979046511627907 0.26806201550387593 0.03790697674418607 0.18945736434108523
