0 0.921 0.7050938337801609 0.158 0.5898123324396782
0 0.923 0.20509383378016086 0.154 0.4101876675603217
0 0.736 0.7024128686327078 0.228 0.5951742627345844
0 0.74 0.20509383378016086 0.232 0.4101876675603217
0 0.508 0.7010723860589813 0.224 0.5978552278820375
0 0.514 0.20107238605898123 0.232 0.40214477211796246
0 0.283 0.19839142091152814 0.234 0.3967828418230563
0 0.083 0.19571045576407506 0.166 0.3914209115281501
0 0.277 0.6983914209115282 0.234 0.6032171581769437
0 0.079 0.6943699731903485 0.158 0.6112600536193029
