0 0.140481057570218 0.03377417519908987 0.28006159554062693 0.06754835039817975
0 0.38992498671733583 0.04550625711035267 0.22062730195322697 0.08959044368600683
0 0.5738561149783425 0.06008248009101251 0.14813547416859527 0.12016496018202502
0 0.7054089709762533 0.07270833333333335 0.11635883905013183 0.14375
0 0.8108179419525064 0.07229166666666667 0.0944591029023747 0.14458333333333334
0 0.8948548812664907 0.06479166666666666 0.07255936675461741 0.10041666666666667
0 0.9617414248021108 0.07 0.060158311345646316 0.06666666666666667
0 0.8850923482849604 0.19208333333333333 0.22453825857519794 0.1925
0 0.704089709762533 0.22291666666666668 0.11899736147757246 0.1875
0 0.5721635883905013 0.20958333333333332 0.14960422163588388 0.21833333333333332
0 0.3951187335092348 0.2 0.2118733509234829 0.275
0 0.14459102902374668 0.19104166666666667 0.28918205804749336 0.3279166666666667
0 0.14775725593667546 0.5135416666666667 0.2949868073878628 0.34124999999999994
0 0.39419525065963057 0.4627083333333334 0.20738786279683377 0.26875000000000004
0 0.5618733509234828 0.42916666666666664 0.16754617414248021 0.22750000000000004
0 0.8277044854881266 0.4185416666666667 0.33931398416886543 0.2579166666666667
0 0.145778364116095 0.7964583333333334 0.29102902374670186 0.3779166666666666
0 0.39327176781002643 0.7014583333333333 0.20817941952506597 0.31124999999999997
0 0.5725593667546174 0.6325000000000001 0.1514511873350923 0.25666666666666665
0 0.8265171503957783 0.636875 0.341688654353562 0.29375
0 0.8259894459102902 0.8385416666666666 0.3427440633245383 0.3145833333333333
0 0.7717678100263852 0.9310416666666667 0.24010554089709762 0.1295833333333333
0 0.567018469656992 0.8225 0.154089709762533 0.275
0 0.39063324538258576 0.8810416666666666 0.20079155672823218 0.2295833333333333
0 0.5675461741424802 0.9314583333333334 0.15356200527704483 0.12875000000000003
0 0.14591029023746702 0.9283333333333333 0.29182058047493403 0.13500000000000004
