0 0.898 0.2358695652173913 0.204 0.23695652173913043
0 0.867 0.4543478260869565 0.266 0.20434782608695654
0 0.856 0.6489130434782608 0.288 0.1934782608695652
0 0.575 0.45 0.318 0.2
0 0.674 0.23478260869565218 0.264 0.23043478260869565
0 0.85 0.059782608695652176 0.3 0.11956521739130435
0 0.39 0.23478260869565218 0.256 0.23043478260869565
0 0.203 0.6282608695652174 0.314 0.1782608695652174
0 0.192 0.44021739130434784 0.344 0.20217391304347826
0 0.136 0.23369565217391305 0.272 0.2326086956521739
0 0.564 0.6402173913043478 0.304 0.1891304347826087
0 0.875 0.8195652173913044 0.242 0.16956521739130434
0 0.647 0.8108695652173913 0.222 0.1608695652173913
0 0.817 0.9467391304347826 0.226 0.10652173913043478
0 0.604 0.9347826086956522 0.212 0.13043478260869565
0 0.415 0.7869565217391304 0.218 0.18695652173913044
0 0.396 0.9358695652173913 0.204 0.1282608695652174
0 0.196 0.7945652173913044 0.22 0.16304347826086957
0 0.189 0.9206521739130434 0.21 0.15869565217391304
0 0.527 0.059782608695652176 0.35 0.11956521739130435
0 0.174 0.057608695652173914 0.348 0.11521739130434783
