0 0.307 0.07995495495495496 0.61 0.15990990990990991
0 0.038 0.09740990990990991 0.076 0.125
0 0.781 0.054617117117117114 0.31 0.10247747747747747
0 0.77 0.14020270270270271 0.24 0.0686936936936937
0 0.244 0.2376126126126126 0.488 0.12162162162162163
0 0.294 0.1677927927927928 0.588 0.02252252252252252
0 0.743 0.23141891891891891 0.514 0.11599099099099099
0 0.247 0.36430180180180183 0.494 0.14076576576576577
0 0.746 0.3581081081081081 0.508 0.15315315315315314
0 0.751 0.5523648648648649 0.498 0.2511261261261261
0 0.246 0.5489864864864865 0.492 0.23310810810810811
0 0.252 0.6869369369369369 0.504 0.21396396396396397
