0 0.14733542319749215 0.18159203980099503 0.16927899686520376 0.16417910447761194
0 0.27899686520376177 0.04228855721393035 0.13166144200626959 0.0845771144278607
0 0.28683385579937304 0.1791044776119403 0.12852664576802508 0.19900497512437812
0 0.05799373040752351 0.43532338308457713 0.11598746081504702 0.263681592039801
0 0.17398119122257052 0.34328358208955223 0.16614420062695925 0.1890547263681592
0 0.3056426332288401 0.3681592039800995 0.11598746081504702 0.1890547263681592
0 0.1865203761755486 0.5174129353233831 0.15987460815047022 0.1691542288557214
0 0.31191222570532917 0.5373134328358209 0.11598746081504702 0.1691542288557214
0 0.06739811912225706 0.6318407960199005 0.13479623824451412 0.15920398009950248
0 0.1974921630094044 0.6417910447761194 0.15047021943573669 0.13930348258706468
0 0.3181818181818182 0.6666666666666666 0.10344827586206896 0.12935323383084577
0 0.0987460815047022 0.8308457711442786 0.1974921630094044 0.3383084577114428
0 0.22727272727272727 0.8482587064676617 0.30407523510971785 0.3034825870646766
0 0.4952978056426332 0.09701492537313433 0.30094043887147337 0.19402985074626866
0 0.4702194357366771 0.2860696517412935 0.2445141065830721 0.2736318407960199
0 0.7210031347962382 0.27611940298507465 0.26332288401253917 0.35323383084577115
0 0.8808777429467085 0.12935323383084577 0.21316614420062696 0.22885572139303484
0 0.9090909090909091 0.3383084577114428 0.15047021943573669 0.208955223880597
0 0.8934169278996865 0.5323383084577115 0.14420062695924765 0.1890547263681592
0 0.8840125391849529 0.7064676616915423 0.14420062695924765 0.1791044776119403
0 0.8667711598746082 0.8308457711442786 0.13479623824451412 0.10945273631840796
0 0.9764890282131662 0.5223880597014925 0.047021943573667714 0.30845771144278605
0 0.9639498432601881 0.7487562189054726 0.07210031347962383 0.17412935323383086
0 0.9608150470219435 0.8731343283582089 0.07836990595611286 0.0845771144278607
0 0.8918495297805643 0.9303482587064676 0.1974921630094044 0.13930348258706468
0 0.47648902821316613 0.5124378109452736 0.23197492163009403 0.24875621890547264
0 0.7084639498432602 0.5497512437810945 0.2445141065830721 0.263681592039801
0 0.47648902821316613 0.7114427860696517 0.219435736677116 0.23880597014925373
0 0.6974921630094044 0.7587064676616916 0.2413793103448276 0.24378109452736318
0 0.47962382445141066 0.8880597014925373 0.20689655172413793 0.22388059701492538
0 0.6896551724137931 0.917910447761194 0.22570532915360503 0.16417910447761194
0 0.46238244514106586 0.9776119402985075 0.14733542319749215 0.04477611940298507
