0 0.08 0.09852216748768473 0.16 0.12807881773399016
0 0.248 0.09729064039408868 0.184 0.13054187192118227
0 0.443 0.09359605911330049 0.246 0.14285714285714285
0 0.578 0.1022167487684729 0.02 0.1206896551724138
0 0.688 0.10098522167487685 0.204 0.12807881773399016
0 0.852 0.229064039408867 0.24 0.15270935960591134
0 0.972 0.23275862068965517 0.02 0.12561576354679804
0 0.827 0.4002463054187192 0.278 0.2044334975369458
0 0.816 0.5751231527093597 0.272 0.18472906403940886
0 0.799 0.7302955665024631 0.262 0.1896551724137931
0 0.791 0.8731527093596059 0.258 0.18472906403940886
0 0.783 0.9593596059113301 0.25 0.07635467980295567
0 0.654 0.22413793103448276 0.156 0.12315270935960591
0 0.449 0.2315270935960591 0.234 0.1330049261083744
0 0.573 0.22167487684729065 0.014 0.11822660098522167
0 0.621 0.3583743842364532 0.214 0.15517241379310345
0 0.419 0.3608374384236453 0.186 0.13054187192118227
0 0.242 0.3485221674876847 0.176 0.13054187192118227
0 0.246 0.2229064039408867 0.176 0.12561576354679804
0 0.085 0.2229064039408867 0.166 0.1206896551724138
0 0.083 0.3399014778325123 0.154 0.11330049261083744
0 0.088 0.4544334975369458 0.148 0.1206896551724138
0 0.241 0.46921182266009853 0.162 0.12561576354679804
0 0.414 0.48645320197044334 0.188 0.14039408866995073
0 0.598 0.4963054187192118 0.18 0.14039408866995073
0 0.599 0.6231527093596059 0.174 0.13793103448275862
0 0.418 0.604679802955665 0.184 0.13054187192118227
0 0.596 0.7401477832512315 0.156 0.13054187192118227
0 0.428 0.7192118226600985 0.18 0.1330049261083744
0 0.589 0.8522167487684729 0.15 0.13793103448275862
0 0.429 0.8263546798029556 0.174 0.1354679802955665
0 0.248 0.5812807881773399 0.164 0.12807881773399016
0 0.259 0.6933497536945813 0.166 0.12561576354679804
0 0.262 0.7967980295566502 0.164 0.12561576354679804
0 0.111 0.7684729064039408 0.138 0.12315270935960591
0 0.108 0.6674876847290641 0.148 0.12807881773399016
0 0.099 0.5603448275862069 0.15 0.1206896551724138
