0 0.8775933609958506 0.4446308724832215 0.24066390041493776 0.30201342281879195
0 0.5860995850622407 0.4429530201342282 0.35892116182572614 0.3087248322147651
0 0.23236514522821577 0.436241610738255 0.3775933609958506 0.3053691275167785
0 0.22821576763485477 0.27348993288590606 0.3236514522821577 0.026845637583892617
0 0.5684647302904564 0.26677852348993286 0.38589211618257263 0.06040268456375839
0 0.26556016597510373 0.24916107382550334 0.27385892116182575 0.031879194630872486
0 0.27282157676348545 0.22231543624161074 0.24273858921161826 0.04194630872483222
0 0.6804979253112033 0.15016778523489932 0.17842323651452283 0.2802013422818792
0 0.5487551867219918 0.1401006711409396 0.1016597510373444 0.2533557046979866
0 0.47199170124481327 0.1401006711409396 0.05186721991701245 0.22651006711409397
0 0.4190871369294606 0.12332214765100671 0.058091286307053944 0.16946308724832215
0 0.3475103734439834 0.12416107382550336 0.1016597510373444 0.16778523489932887
0 0.274896265560166 0.11912751677852348 0.043568464730290454 0.09731543624161074
0 0.16493775933609958 0.7172818791946308 0.23858921161825727 0.26677852348993286
0 0.8029045643153527 0.7256711409395973 0.22821576763485477 0.2634228187919463
0 0.9491701244813278 0.7248322147651006 0.1016597510373444 0.2550335570469799
0 0.5923236514522822 0.7189597315436241 0.2095435684647303 0.2600671140939597
0 0.3796680497925311 0.7156040268456376 0.22406639004149378 0.26677852348993286
0 0.5726141078838174 0.9236577181208053 0.3360995850622407 0.1493288590604027
0 0.8672199170124482 0.924496644295302 0.26556016597510373 0.15100671140939598
0 0.23236514522821577 0.924496644295302 0.34439834024896265 0.15100671140939598
0 0.8756946175388179 0.1571133825029051 0.24559036992507666 0.2999976284772452
