0 0.3037542662116041 0.16590909090909092 0.20477815699658702 0.15
0 0.5085324232081911 0.14772727272727273 0.22525597269624573 0.1590909090909091
0 0.07337883959044368 0.3386363636363636 0.14675767918088736 0.1409090909090909
0 0.24232081911262798 0.325 0.21843003412969283 0.16818181818181818
0 0.4726962457337884 0.3159090909090909 0.25597269624573377 0.18636363636363637
0 0.7252559726962458 0.31136363636363634 0.2832764505119454 0.19545454545454546
0 0.08191126279863481 0.4727272727272727 0.16382252559726962 0.12727272727272726
0 0.25597269624573377 0.47954545454545455 0.21160409556313994 0.1409090909090909
0 0.4709897610921502 0.48409090909090907 0.22525597269624573 0.15
0 0.7150170648464164 0.4909090909090909 0.2764505119453925 0.16363636363636364
0 0.08532423208191127 0.5954545454545455 0.17064846416382254 0.13636363636363635
0 0.2645051194539249 0.6090909090909091 0.20819112627986347 0.13636363636363635
0 0.4726962457337884 0.6227272727272727 0.22184300341296928 0.14545454545454545
0 0.7081911262798635 0.6431818181818182 0.25597269624573377 0.1590909090909091
0 0.09897610921501707 0.7113636363636363 0.17064846416382254 0.1318181818181818
0 0.2764505119453925 0.7340909090909091 0.19795221843003413 0.12272727272727273
0 0.4726962457337884 0.7522727272727273 0.20819112627986347 0.1318181818181818
0 0.6962457337883959 0.7772727272727272 0.23890784982935154 0.15454545454545454
0 0.11945392491467577 0.8068181818181818 0.17064846416382254 0.1318181818181818
0 0.2883959044368601 0.8454545454545455 0.18088737201365188 0.11818181818181818
0 0.47952218430034127 0.8727272727272727 0.20136518771331058 0.14545454545454545
0 0.6945392491467577 0.9068181818181819 0.22866894197952217 0.1590909090909091
0 0.13310580204778158 0.9136363636363637 0.16382252559726962 0.11818181818181818
0 0.295221843003413 0.9386363636363636 0.17406143344709898 0.12272727272727273
0 0.4812286689419795 0.9522727272727273 0.19795221843003413 0.09545454545454546
0 0.6928327645051194 0.9772727272727273 0.22525597269624573 0.045454545454545456
