0 0.7532258064516129 0.7129032258064516 0.4935483870967742 0.47096774193548385
0 0.24838709677419354 0.717741935483871 0.4967741935483871 0.5064516129032258
0 0.6483870967741936 0.29193548387096774 0.2967741935483871 0.3709677419354839
0 0.8596774193548387 0.2967741935483871 0.2806451612903226 0.3741935483870968
0 0.7370967741935484 0.05806451612903226 0.3774193548387097 0.1032258064516129
0 0.2532258064516129 0.3725806451612903 0.5064516129032258 0.25483870967741934
0 0.29193548387096774 0.18064516129032257 0.45483870967741935 0.16774193548387098
0 0.33548387096774196 0.0532258064516129 0.3741935483870968 0.1064516129032258
0 0.035483870967741936 0.2870967741935484 0.07096774193548387 0.1032258064516129
0 0.1 0.12096774193548387 0.2 0.24193548387096775
0 0.5161290322580645 0.9129032258064517 0.6645161290322581 0.17419354838709677
0 0.09193548387096774 0.9612903225806452 0.18387096774193548 0.07741935483870968
