0 0.824 0.2782608695652174 0.188 0.10434782608695652
0 0.656 0.2743961352657005 0.176 0.10628019323671498
0 0.483 0.26908212560386474 0.17 0.1072463768115942
0 0.31 0.26618357487922706 0.184 0.1072463768115942
0 0.848 0.38454106280193234 0.2 0.11207729468599034
0 0.67 0.37874396135265703 0.18 0.11014492753623188
0 0.489 0.3739130434782609 0.182 0.10821256038647344
0 0.303 0.3690821256038647 0.194 0.11207729468599034
0 0.116 0.3652173913043478 0.212 0.11014492753623188
0 0.871 0.5028985507246376 0.214 0.13623188405797101
0 0.678 0.4956521739130435 0.2 0.13333333333333333
0 0.478 0.49178743961352656 0.2 0.1294685990338164
0 0.279 0.48792270531400966 0.218 0.13333333333333333
0 0.098 0.4855072463768116 0.196 0.13429951690821257
0 0.919 0.6507246376811594 0.162 0.1671497584541063
0 0.744 0.642512077294686 0.24 0.17198067632850242
0 0.509 0.6381642512077295 0.238 0.1671497584541063
0 0.273 0.6400966183574879 0.258 0.17101449275362318
0 0.089 0.6386473429951691 0.178 0.17004830917874397
0 0.134 0.24734299516908212 0.192 0.13719806763285025
