0 0.6564516129032258 0.7725321888412017 0.4806451612903226 0.34334763948497854
0 0.7064516129032258 0.48497854077253216 0.47096774193548385 0.38626609442060084
0 0.21935483870967742 0.8283261802575107 0.3935483870967742 0.34334763948497854
0 0.25806451612903225 0.5085836909871244 0.3935483870967742 0.37339055793991416
0 0.6758064516129032 0.1888412017167382 0.4612903225806452 0.3776824034334764
0 0.267741935483871 0.17167381974248927 0.36774193548387096 0.34334763948497854
0 0.05806451612903226 0.2446351931330472 0.11612903225806452 0.33476394849785407
0 0.03387096774193549 0.5944206008583691 0.06774193548387097 0.3562231759656652
0 0.012903225806451613 0.8841201716738197 0.025806451612903226 0.2317596566523605
0 0.6306451612903226 0.9592274678111588 0.5193548387096775 0.0815450643776824
