0 0.18187311178247734 0.16253776435045317 0.19456193353474316 0.2163141993957704
0 0.17854984894259818 0.3691842900302114 0.1969788519637462 0.20261832829808657
0 0.16586102719033233 0.6634441087613293 0.20362537764350452 0.21752265861027187
0 0.1495468277945619 0.8608257804632428 0.23564954682779454 0.21188318227593164
0 0.36827794561933536 0.8527693856998992 0.19395770392749245 0.22638469284994972
0 0.36873111782477336 0.6279959718026182 0.19788519637462235 0.21752265861027195
0 0.377643504531722 0.3691842900302115 0.1957703927492447 0.20181268882175227
0 0.3787009063444109 0.16213494461228597 0.1966767371601208 0.21067472306143
0 0.5812688821752265 0.15709969788519637 0.20966767371601203 0.23121852970795567
0 0.7830815709969788 0.15468277945619335 0.19637462235649547 0.21832829808660623
0 0.5827794561933535 0.3677744209466264 0.20966767371601208 0.19979859013091644
0 0.7856495468277945 0.36596173212487415 0.20090634441087604 0.20503524672708962
0 0.7717522658610271 0.6169184290030211 0.19305135951661634 0.2114803625377643
0 0.5708459214501511 0.637865055387714 0.20392749244712996 0.2300100704934542
0 0.5663141993957704 0.8555891238670695 0.2045317220543807 0.21591137965760315
0 0.7667673716012084 0.8414904330312185 0.19335347432024172 0.23444108761329305
0 0.9597068607068606 0.6100900900900901 0.0765862785862787 0.2068468468468468
0 0.9582120582120581 0.8271656271656271 0.07941787941787937 0.2306306306306307
0 0.9569646569646568 0.3581427581427581 0.08191268191268193 0.17740817740817738
0 0.9557567567567566 0.16654469854469853 0.08448648648648657 0.2055772695772696
