0 0.884 0.588 0.224 0.6693333333333333
0 0.685 0.4693333333333333 0.19 0.16533333333333333
0 0.693 0.7546666666666667 0.222 0.48533333333333334
0 0.5 0.7093333333333334 0.164 0.544
0 0.504 0.4613333333333333 0.172 0.096
0 0.716 0.2786666666666667 0.152 0.30133333333333334
0 0.545 0.308 0.226 0.22133333333333333
0 0.332 0.3973333333333333 0.168 0.058666666666666666
0 0.346 0.296 0.168 0.224
0 0.115 0.684 0.23 0.552
0 0.202 0.2773333333333333 0.22 0.25066666666666665
0 0.298 0.7 0.26 0.5626666666666666
