0 0.507516339869281 0.09358066065006712 0.21895424836601302 0.1832417124770948
0 0.40261437908496733 0.2790271530901216 0.21699346405228756 0.18667137019725433
0 0.6199346405228757 0.276332422024282 0.2176470588235294 0.18618141909437438
0 0.33660130718954245 0.4705980343161752 0.22222222222222224 0.19843019666637268
0 0.5584967320261437 0.46937315655897544 0.22549019607843132 0.19990004997501246
0 0.7823529411764706 0.46741335214745566 0.23660130718954248 0.19892014776925263
0 0.19683544303797468 0.741559599946862 0.3367088607594937 0.3131345719545291
0 0.4981012658227848 0.7320706735239975 0.2924050632911393 0.2941567191088
0 0.5060126582278481 0.9376387755489343 0.27531645569620244 0.12172394815250602
0 0.2253037974683544 0.9407226766363654 0.27339240506329116 0.11555614597764405
0 0.7886075949367088 0.9350293207826466 0.28354430379746837 0.12694285768508157
0 0.7825949367088607 0.7292239955971381 0.31835443037974687 0.29225893382422724
0 0.9349750889679714 0.7288277569400353 0.1260498220640569 0.2934689239010388
0 0.06586832740213523 0.7351422153691838 0.13173665480427046 0.3018295122901183
0 0.045 0.9415559124352415 0.09 0.11388967437989189
0 0.963401294498382 0.9364104355589196 0.0691974110032362 0.12418062813253562
0 0.10359477124183006 0.5661384993777621 0.20718954248366012 0.05438457241967248
0 0.5066738351254481 0.57539927766105 0.21863799283154117 0.021733458241010868
0 0.7560493827160494 0.5643474559016788 0.23209876543209884 0.044792418605511995
0 0.26469135802469135 0.5860032946489718 0.24790123456790125 0.08736372554463508
0 0.1417283950617284 0.5212208710459585 0.17481481481481484 0.045902974438706626
0 0.9295404814004375 0.5395004904549914 0.136542669584245 0.08496845669069186
