0 0.1896039603960396 0.12793690083294043 0.19834983498349834 0.25587380166588086
0 0.3866336633663366 0.12499017758918748 0.20297029702970298 0.24998035517837497
0 0.3059405940594059 0.4790880873801665 0.20264026402640262 0.4591977054848342
0 0.31208580858085805 0.8526098145528839 0.19182838283828385 0.28882798994185144
0 0.12236633663366336 0.854328736445073 0.19126732673267327 0.28539014615747293
0 0.11584158415841585 0.4859637749489234 0.19603960396039602 0.45035753575357534
0 0.04801980198019802 0.1316203048876316 0.09603960396039604 0.2632406097752632
0 0.5054455445544555 0.852094137985227 0.19240924092409234 0.2897611189690398
0 0.5026402640264026 0.47835140656922837 0.19537953795379537 0.4587065849442087
0 0.5877887788778878 0.1240079365079365 0.19537953795379542 0.24703363193462197
0 0.699009900990099 0.4751591230551626 0.19405940594059404 0.4552687411598303
0 0.7905940594059405 0.1240079365079365 0.20297029702970293 0.24703363193462197
0 0.9456996699669967 0.11885117083136884 0.10460066006600664 0.23770234166273768
0 0.8963597359735973 0.47093548640578337 0.2032805280528054 0.4656804966210907
0 0.7 0.8503997721200691 0.19735973597359738 0.2932480748074808
0 0.896019801980198 0.8491719707685054 0.200039603960396 0.2957036775106082
0 0.012305555555555557 0.4893146494708995 0.023611111111111114 0.4495287698412699
0 0.018 0.8550347222222223 0.032 0.2839781746031746
