0 0.3248081841432225 0.16590909090909092 0.22506393861892582 0.17727272727272728
0 0.2391304347826087 0.4159090909090909 0.3554987212276215 0.33181818181818185
0 0.42710997442455245 0.3431818181818182 0.24040920716112532 0.2409090909090909
0 0.5460358056265985 0.18863636363636363 0.22250639386189258 0.20454545454545456
0 0.4833759590792839 0.5568181818181818 0.1432225063938619 0.2681818181818182
0 0.2672634271099744 0.7 0.3350383631713555 0.39090909090909093
0 0.08567774936061381 0.8318181818181818 0.08439897698209718 0.2727272727272727
0 0.27877237851662406 0.8681818181818182 0.32225063938618925 0.2636363636363636
0 0.4948849104859335 0.7704545454545455 0.12531969309462915 0.30454545454545456
0 0.49744245524296676 0.9090909090909091 0.11508951406649616 0.18181818181818182
0 0.5946291560102301 0.375 0.09974424552429667 0.19545454545454546
0 0.5959079283887468 0.5590909090909091 0.08695652173913043 0.20909090909090908
0 0.5959079283887468 0.7272727272727273 0.08184143222506395 0.22727272727272727
0 0.659846547314578 0.3704545454545455 0.04092071611253197 0.16818181818181818
0 0.6572890025575447 0.5227272727272727 0.04092071611253197 0.18181818181818182
0 0.6611253196930946 0.6659090909090909 0.05370843989769821 0.20454545454545456
0 0.5933503836317136 0.8863636363636364 0.07672634271099744 0.22727272727272727
0 0.6649616368286445 0.8090909090909091 0.06649616368286446 0.2818181818181818
0 0.6687979539641944 0.19772727272727272 0.03324808184143223 0.16818181818181818
0 0.7442455242966752 0.125 0.13810741687979539 0.11363636363636363
0 0.7033248081841432 0.2 0.04092071611253197 0.14545454545454545
0 0.6956521739130435 0.3477272727272727 0.04092071611253197 0.1409090909090909
0 0.6930946291560103 0.48409090909090907 0.03580562659846547 0.15
0 0.7212276214833759 0.47045454545454546 0.030690537084398978 0.15
0 0.7097186700767263 0.7386363636363636 0.03324808184143223 0.22272727272727272
0 0.7097186700767263 0.9045454545454545 0.03324808184143223 0.19090909090909092
0 0.8248081841432225 0.43636363636363634 0.14066496163682865 0.15454545454545454
0 0.8235294117647058 0.5590909090909091 0.1432225063938619 0.15454545454545454
0 0.8069053708439897 0.6681818181818182 0.13554987212276215 0.14545454545454545
0 0.809462915601023 0.7909090909090909 0.14066496163682865 0.16363636363636364
0 0.8017902813299232 0.8954545454545455 0.13554987212276215 0.17272727272727273
0 0.7289002557544757 0.34545454545454546 0.02557544757033248 0.12727272727272726
0 0.7365728900255755 0.20681818181818182 0.030690537084398978 0.1318181818181818
0 0.7634271099744245 0.225 0.028132992327365727 0.12272727272727273
0 0.7544757033248082 0.33636363636363636 0.04092071611253197 0.11818181818181818
0 0.7033248081841432 0.6090909090909091 0.04603580562659847 0.15454545454545454
0 0.782608695652174 0.22954545454545455 0.015345268542199489 0.09545454545454546
