0 0.14 0.2815 0.2 0.111
0 0.11 0.4085 0.22 0.147
0 0.12 0.491 0.196 0.018
0 0.134 0.5075 0.192 0.019
0 0.296 0.409 0.208 0.144
0 0.306 0.489 0.2 0.024
0 0.314 0.5075 0.188 0.019
0 0.315 0.2815 0.186 0.113
0 0.496 0.2805 0.188 0.115
0 0.493 0.4045 0.194 0.147
0 0.488 0.487 0.188 0.02
0 0.489 0.506 0.174 0.02
0 0.678 0.2765 0.18 0.111
0 0.688 0.4025 0.196 0.151
0 0.68 0.486 0.2 0.018
0 0.679 0.5035 0.186 0.017
0 0.854 0.274 0.208 0.108
0 0.882 0.4025 0.232 0.155
0 0.872 0.487 0.2 0.016
0 0.862 0.503 0.196 0.02
0 0.103 0.579 0.206 0.114
0 0.292 0.575 0.216 0.12
0 0.491 0.5755 0.206 0.113
0 0.698 0.5705 0.22 0.121
0 0.899 0.5725 0.202 0.117
