0 0.127 0.12593703148425786 0.254 0.18290854572713644
0 0.161 0.2826086956521739 0.222 0.15142428785607195
0 0.038 0.28335832083958024 0.076 0.13493253373313344
0 0.18 0.4122938530734633 0.208 0.12293853073463268
0 0.048 0.4025487256371814 0.096 0.10644677661169415
0 0.153 0.5284857571214393 0.298 0.16041979010494753
0 0.168 0.6529235382308846 0.284 0.16941529235382308
0 0.125 0.7391304347826086 0.162 0.1409295352323838
0 0.257 0.7698650674662668 0.13 0.12143928035982009
0 0.27 0.876311844077961 0.128 0.15142428785607195
0 0.679 0.09070464767616192 0.374 0.18140929535232383
0 0.366 0.10044977511244378 0.26 0.20089955022488756
0 0.914 0.2571214392803598 0.06 0.14842578710644677
0 0.85 0.2638680659670165 0.076 0.17091454272863568
0 0.619 0.26761619190404795 0.414 0.20539730134932535
0 0.339 0.27436281859070466 0.162 0.17091454272863568
0 0.355 0.43478260869565216 0.166 0.15892053973013492
0 0.618 0.444527736131934 0.388 0.1904047976011994
0 0.409 0.5779610194902549 0.242 0.17541229385307347
0 0.415 0.7091454272863568 0.23 0.17391304347826086
0 0.419 0.828335832083958 0.226 0.18140929535232383
0 0.429 0.9152923538230885 0.214 0.16941529235382308
0 0.148 0.8373313343328336 0.112 0.12743628185907047
0 0.846 0.4107946026986507 0.076 0.17391304347826086
0 0.908 0.39280359820089955 0.06 0.15292353823088456
0 0.682 0.5974512743628186 0.32 0.21739130434782608
0 0.682 0.868815592203898 0.296 0.23238380809595202
0 0.915 0.9265367316341829 0.166 0.14392803598200898
0 0.917 0.8170914542728636 0.166 0.15292353823088456
0 0.918 0.6956521739130435 0.164 0.15892053973013492
0 0.685 0.7443778110944528 0.314 0.21139430284857572
0 0.921 0.54047976011994 0.158 0.1934032983508246
0 0.908 0.0967016491754123 0.1 0.18440779610194902
