0 0.12844611528822056 0.22309417040358745 0.2568922305764411 0.4192825112107623
0 0.03634085213032581 0.460762331838565 0.07268170426065163 0.06053811659192825
0 0.03696741854636591 0.5829596412556054 0.07393483709273183 0.18385650224215247
0 0.03195488721804511 0.6860986547085202 0.06140350877192982 0.03587443946188341
0 0.03007518796992481 0.7914798206278026 0.06015037593984962 0.18834080717488788
0 0.03195488721804511 0.9327354260089686 0.06390977443609022 0.13004484304932734
0 0.14285714285714285 0.8239910313901345 0.16290726817042606 0.3475336322869955
0 0.16478696741854637 0.5639013452914798 0.16416040100250626 0.2757847533632287
0 0.07894736842105263 0.5403587443946188 0.012531328320802004 0.21524663677130046
0 0.37030075187969924 0.2769058295964126 0.23934837092731828 0.35201793721973096
0 0.34899749373433586 0.6210762331838565 0.24436090225563908 0.34977578475336324
0 0.35526315789473684 0.8665919282511211 0.2593984962406015 0.26681614349775784
0 0.16040100250626566 0.9820627802690582 0.12030075187969924 0.03587443946188341
0 0.4974937343358396 0.05829596412556054 0.12531328320802004 0.11659192825112108
0 0.6109022556390977 0.053811659192825115 0.10401002506265664 0.10762331838565023
0 0.7161654135338346 0.05941704035874439 0.09899749373433583 0.11883408071748879
0 0.8114035087719298 0.061659192825112105 0.08897243107769423 0.12331838565022421
0 0.8984962406015038 0.06502242152466367 0.08270676691729323 0.13004484304932734
0 0.9711779448621554 0.06614349775784753 0.05764411027568922 0.13228699551569506
0 0.9342105263157895 0.2589686098654709 0.12907268170426064 0.2623318385650224
0 0.781328320802005 0.2600896860986547 0.17919799498746866 0.28699551569506726
0 0.5808270676691729 0.26681614349775784 0.22180451127819548 0.31390134529147984
0 0.5839598997493735 0.5739910313901345 0.21804511278195488 0.32286995515695066
0 0.7788220551378446 0.5459641255605381 0.17919799498746866 0.2937219730941704
0 0.9348370927318296 0.5224215246636771 0.12781954887218044 0.2645739910313901
0 0.9323308270676691 0.765695067264574 0.13533834586466165 0.2713004484304933
0 0.7788220551378446 0.8161434977578476 0.16917293233082706 0.31390134529147984
0 0.5921052631578947 0.8452914798206278 0.20927318295739347 0.3094170403587444
0 0.6516290726817042 0.9887892376681614 0.07268170426065163 0.02242152466367713
0 0.775062656641604 0.9540358744394619 0.17167919799498746 0.08744394618834081
0 0.931077694235589 0.9271300448430493 0.13533834586466165 0.1412556053811659
