0 0.19 0.09698275862068965 0.38 0.1939655172413793
0 0.193 0.3125 0.386 0.25
0 0.188 0.5420258620689655 0.376 0.25646551724137934
0 0.19 0.740301724137931 0.38 0.2650862068965517
0 0.192 0.896551724137931 0.384 0.2025862068965517
0 0.531 0.834051724137931 0.298 0.21551724137931033
0 0.529 0.6767241379310345 0.302 0.21120689655172414
0 0.52 0.5032327586206896 0.316 0.20043103448275862
0 0.541 0.30926724137931033 0.322 0.20905172413793102
0 0.544 0.10991379310344827 0.332 0.21982758620689655
0 0.841 0.12284482758620689 0.27 0.1939655172413793
0 0.823 0.3081896551724138 0.258 0.1810344827586207
0 0.802 0.4730603448275862 0.252 0.1788793103448276
0 0.803 0.6282327586206896 0.258 0.1961206896551724
0 0.798 0.7726293103448276 0.244 0.19181034482758622
0 0.929 0.7338362068965517 0.034 0.14870689655172414
0 0.938 0.6023706896551724 0.036 0.14870689655172414
0 0.946 0.4504310344827586 0.052 0.16379310344827586
0 0.965 0.28771551724137934 0.042 0.17025862068965517
0 0.959 0.11530172413793104 0.078 0.19181034482758622
0 0.986 0.2952586206896552 0.028 0.1724137931034483
0 0.979 0.4644396551724138 0.042 0.17456896551724138
0 0.968 0.7693965517241379 0.064 0.1853448275862069
0 0.972 0.6217672413793104 0.056 0.17456896551724138
