0 0.048 0.23340832395950506 0.096 0.1203599550056243
0 0.216 0.23228346456692914 0.244 0.12710911136107986
0 0.412 0.23115860517435322 0.16 0.12935883014623173
0 0.582 0.20416197975253092 0.184 0.14285714285714285
0 0.767 0.17097862767154107 0.194 0.1529808773903262
0 0.048 0.33689538807649044 0.096 0.11361079865016872
0 0.209 0.3346456692913386 0.254 0.11811023622047244
0 0.411 0.3217097862767154 0.154 0.09448818897637795
0 0.579 0.30877390326209225 0.182 0.1203599550056243
0 0.728 0.30033745781777277 0.128 0.1372328458942632
0 0.825 0.2390326209223847 0.082 0.16310461192350956
0 0.829 0.3880764904386952 0.074 0.15073115860517436
0 0.733 0.4156355455568054 0.134 0.10911136107986502
0 0.042 0.4392575928008999 0.084 0.11136107986501688
0 0.153 0.4392575928008999 0.138 0.11136107986501688
0 0.035 0.5494938132733408 0.07 0.11136107986501688
0 0.132 0.547806524184477 0.148 0.11023622047244094
0 0.296 0.4280089988751406 0.156 0.12260967379077616
0 0.52 0.4150731158605174 0.304 0.14173228346456693
0 0.283 0.5466816647919011 0.17 0.12373453318335208
0 0.455 0.5449943757030371 0.194 0.13835770528683913
0 0.671 0.5444319460067492 0.25 0.15523059617547807
0 0.827 0.5438695163104612 0.066 0.16310461192350956
0 0.028 0.6569178852643419 0.056 0.10798650168728909
0 0.117 0.6608548931383577 0.138 0.11586051743532058
0 0.259 0.6704161979752531 0.178 0.12823397075365578
0 0.435 0.6827896512935883 0.202 0.1439820022497188
0 0.659 0.6951631046119235 0.27 0.16422947131608548
0 0.827 0.7064116985376828 0.074 0.16647919010123735
0 0.258 0.9471316085489314 0.516 0.10573678290213723
0 0.681 0.889763779527559 0.366 0.2204724409448819
0 0.494 0.8661417322834646 0.532 0.2204724409448819
0 0.269 0.8233970753655793 0.518 0.17547806524184478
0 0.194 0.7373453318335208 0.28 0.03712035995500562
0 0.086 0.7829021372328459 0.172 0.15523059617547807
