0 0.6341463414634146 0.42045454545454547 0.2804878048780488 0.1409090909090909
0 0.36890243902439024 0.41818181818181815 0.27439024390243905 0.12727272727272726
0 0.13719512195121952 0.39545454545454545 0.23780487804878048 0.16363636363636364
0 0.8780487804878049 0.41818181818181815 0.23170731707317074 0.13636363636363635
0 0.9817073170731707 0.5431818181818182 0.024390243902439025 0.11363636363636363
0 0.8414634146341463 0.5431818181818182 0.2926829268292683 0.11363636363636363
0 0.5335365853658537 0.5363636363636364 0.2621951219512195 0.10909090909090909
0 0.899390243902439 0.6522727272727272 0.20121951219512196 0.11363636363636363
0 0.6829268292682927 0.6181818181818182 0.24390243902439024 0.13636363636363635
0 0.4268292682926829 0.634090909090909 0.2682926829268293 0.09545454545454546
0 0.18292682926829268 0.6318181818181818 0.2682926829268293 0.09090909090909091
0 0.2865853658536585 0.5272727272727272 0.2682926829268293 0.11818181818181818
0 0.09146341463414634 0.5136363636363637 0.18292682926829268 0.13636363636363635
0 0.28353658536585363 0.26136363636363635 0.3719512195121951 0.17727272727272728
0 0.5091463414634146 0.26136363636363635 0.29878048780487804 0.18636363636363637
0 0.8201219512195121 0.2159090909090909 0.3231707317073171 0.2681818181818182
0 0.5579268292682927 0.7227272727272728 0.23780487804878048 0.1
0 0.7865853658536586 0.7340909090909091 0.25609756097560976 0.11363636363636363
0 0.9512195121951219 0.7522727272727273 0.0975609756097561 0.10454545454545454
0 0.3323170731707317 0.7272727272727273 0.23780487804878048 0.10909090909090909
0 0.20426829268292682 0.12727272727272726 0.39634146341463417 0.18181818181818182
0 0.125 0.7159090909090909 0.21341463414634146 0.09545454545454546
0 0.039634146341463415 0.625 0.07926829268292683 0.08636363636363636
