0 0.548 0.10133333333333333 0.248 0.20266666666666666
0 0.291 0.07866666666666666 0.274 0.15733333333333333
0 0.731 0.2866666666666667 0.19 0.264
0 0.517 0.2986666666666667 0.206 0.26666666666666666
0 0.516 0.5093333333333333 0.196 0.272
0 0.516 0.6933333333333334 0.2 0.2613333333333333
0 0.516 0.864 0.172 0.24533333333333332
0 0.71 0.492 0.176 0.23733333333333334
0 0.685 0.6746666666666666 0.15 0.208
0 0.652 0.824 0.112 0.176
0 0.345 0.2733333333333333 0.154 0.25866666666666666
0 0.352 0.4826666666666667 0.148 0.22933333333333333
0 0.357 0.664 0.134 0.208
0 0.368 0.8306666666666667 0.14 0.20533333333333334
0 0.371 0.9453333333333334 0.122 0.10933333333333334
0 0.138 0.2786666666666667 0.272 0.28
0 0.155 0.508 0.258 0.27466666666666667
0 0.174 0.6946666666666667 0.232 0.2693333333333333
0 0.195 0.8613333333333333 0.222 0.2613333333333333
