0 0.006 0.048 0.012 0.096
0 0.207 0.06266666666666666 0.39 0.12533333333333332
0 0.58 0.08933333333333333 0.368 0.17333333333333334
0 0.823 0.016 0.066 0.02666666666666667
0 0.926 0.021333333333333333 0.148 0.042666666666666665
0 0.958 0.11333333333333333 0.084 0.14133333333333334
0 0.841 0.10533333333333333 0.174 0.16266666666666665
0 0.815 0.22266666666666668 0.134 0.09866666666666667
0 0.939 0.23066666666666666 0.122 0.09866666666666667
0 0.988 0.33466666666666667 0.024 0.09866666666666667
0 0.771 0.32133333333333336 0.07 0.09333333333333334
0 0.89 0.33066666666666666 0.184 0.11733333333333333
0 0.936 0.436 0.128 0.104
0 0.915 0.54 0.058 0.11466666666666667
0 0.967 0.5293333333333333 0.066 0.104
0 0.94 0.6213333333333333 0.12 0.09066666666666667
0 0.933 0.7106666666666667 0.134 0.12
0 0.905 0.7946666666666666 0.082 0.10133333333333333
0 0.894 0.8693333333333333 0.088 0.096
0 0.972 0.7573333333333333 0.056 0.12266666666666666
0 0.964 0.8706666666666667 0.072 0.20533333333333334
0 0.667 0.9066666666666666 0.382 0.18666666666666668
0 0.233 0.276 0.466 0.3546666666666667
0 0.612 0.2613333333333333 0.292 0.208
0 0.687 0.5226666666666666 0.442 0.3253333333333333
0 0.236 0.592 0.472 0.336
0 0.239 0.8346666666666667 0.478 0.33066666666666666
0 0.68 0.7613333333333333 0.408 0.28
0 0.308 0.9506666666666667 0.34 0.09866666666666667
