0 0.19222462203023757 0.20096463022508038 0.38444924406047515 0.2090032154340836
0 0.19438444924406048 0.38263665594855306 0.38876889848812096 0.2604501607717042
0 0.21490280777537796 0.6334405144694534 0.4298056155507559 0.24437299035369775
0 0.22894168466522677 0.8987138263665595 0.45788336933045354 0.20257234726688103
0 0.5658747300215983 0.01607717041800643 0.4146868250539957 0.03215434083601286
0 0.5680345572354212 0.04823151125401929 0.4103671706263499 0.07717041800643087
0 0.550755939524838 0.10369774919614148 0.38444924406047515 0.09163987138263666
0 0.5485961123110151 0.1639871382636656 0.34989200863930886 0.05466237942122187
0 0.5064794816414687 0.21141479099678456 0.2526997840172786 0.04983922829581994
0 0.8671706263498921 0.07556270096463022 0.265658747300216 0.15112540192926044
0 0.8531317494600432 0.20016077170418006 0.2937365010799136 0.13665594855305466
0 0.8671706263498921 0.30064308681672025 0.2224622030237581 0.08681672025723473
0 0.5777537796976242 0.2427652733118971 0.36069114470842334 0.14469453376205788
0 0.6069114470842333 0.40353697749196143 0.4190064794816415 0.19292604501607716
0 0.7192224622030238 0.5538585209003215 0.5485961123110151 0.25884244372990356
0 0.7267818574514039 0.8360128617363344 0.5464362850971922 0.3279742765273312
