0 0.282 0.13193403298350825 0.176 0.22788605697151423
0 0.527 0.068215892053973 0.318 0.12743628185907047
0 0.546 0.17091454272863568 0.32 0.13193403298350825
0 0.291 0.29910044977511246 0.31 0.1184407796101949
0 0.607 0.2848575712143928 0.318 0.11694152923538231
0 0.294 0.4085457271364318 0.324 0.12443778110944528
0 0.615 0.39430284857571213 0.326 0.12593703148425786
0 0.302 0.5194902548725637 0.324 0.12743628185907047
0 0.63 0.5082458770614693 0.336 0.12293853073463268
0 0.301 0.636431784107946 0.33 0.12743628185907047
0 0.64 0.623688155922039 0.344 0.13193403298350825
0 0.304 0.7571214392803598 0.336 0.13493253373313344
0 0.303 0.8853073463268366 0.346 0.136431784107946
0 0.649 0.7473763118440779 0.346 0.13343328335832083
0 0.654 0.8793103448275862 0.356 0.13943028485757122
