0 0.292 0.31733333333333336 0.452 0.21866666666666668
0 0.214 0.13466666666666666 0.332 0.216
0 0.54 0.176 0.332 0.21866666666666668
0 0.842 0.21733333333333332 0.312 0.216
0 0.757 0.38133333333333336 0.478 0.22933333333333333
0 0.514 0.508 0.304 0.18933333333333333
0 0.814 0.5493333333333333 0.332 0.19733333333333333
0 0.744 0.6826666666666666 0.444 0.19733333333333333
0 0.3 0.6173333333333333 0.44 0.2
0 0.223 0.4653333333333333 0.298 0.18933333333333333
0 0.495 0.7533333333333333 0.282 0.22666666666666666
0 0.77 0.8266666666666667 0.3 0.17066666666666666
0 0.22 0.756 0.28 0.168
0 0.285 0.8813333333333333 0.39 0.17866666666666667
0 0.687 0.9226666666666666 0.418 0.15466666666666667
0 0.509 0.9786666666666667 0.302 0.042666666666666665
0 0.229 0.964 0.262 0.072
0 0.965 0.7493333333333333 0.07 0.3253333333333333
0 0.95 0.8933333333333333 0.1 0.208
