0 0.125 0.21866666666666668 0.25 0.37866666666666665
0 0.324 0.24266666666666667 0.236 0.368
0 0.546 0.22533333333333333 0.216 0.36
0 0.704 0.276 0.14 0.152
0 0.161 0.5106666666666667 0.222 0.216
0 0.336 0.5293333333333333 0.188 0.20533333333333334
0 0.516 0.5 0.18 0.27466666666666667
0 0.696 0.5013333333333333 0.212 0.304
0 0.214 0.68 0.184 0.128
0 0.364 0.6813333333333333 0.156 0.10933333333333334
0 0.515 0.6773333333333333 0.15 0.10666666666666667
0 0.657 0.6933333333333334 0.17 0.09066666666666667
