0 0.902 0.23766447368421054 0.196 0.2878289473684211
0 0.722 0.22861842105263158 0.22 0.2598684210526316
0 0.504 0.22779605263157895 0.228 0.2746710526315789
0 0.303 0.22450657894736842 0.182 0.22532894736842105
0 0.123 0.16611842105263158 0.21 0.24671052631578946
0 0.702 0.4588815789473684 0.196 0.2138157894736842
0 0.887 0.48273026315789475 0.226 0.2713815789473684
0 0.119 0.38898026315789475 0.186 0.20888157894736842
0 0.3 0.4613486842105263 0.2 0.25164473684210525
0 0.487 0.4588815789473684 0.21 0.25
0 0.875 0.6981907894736842 0.25 0.26480263157894735
0 0.685 0.7039473684210527 0.234 0.27631578947368424
0 0.484 0.665296052631579 0.168 0.18914473684210525
0 0.111 0.6620065789473685 0.222 0.2582236842105263
0 0.148 0.865953947368421 0.212 0.17927631578947367
0 0.319 0.8511513157894737 0.182 0.17269736842105263
0 0.295 0.6792763157894737 0.19 0.19407894736842105
0 0.509 0.8774671052631579 0.194 0.2450657894736842
0 0.695 0.9136513157894737 0.182 0.17269736842105263
0 0.127 0.5189144736842105 0.158 0.054276315789473686
