0 0.323 0.7853333333333333 0.342 0.424
0 0.632 0.788 0.328 0.4186666666666667
0 0.887 0.7693333333333333 0.226 0.38666666666666666
0 0.126 0.7693333333333333 0.252 0.42933333333333334
0 0.363 0.43333333333333335 0.282 0.2853333333333333
0 0.635 0.44266666666666665 0.282 0.2986666666666667
0 0.874 0.43866666666666665 0.252 0.30666666666666664
0 0.864 0.176 0.264 0.224
0 0.626 0.18266666666666667 0.248 0.232
0 0.388 0.184 0.252 0.22933333333333333
0 0.126 0.4613333333333333 0.252 0.23466666666666666
0 0.142 0.2733333333333333 0.264 0.20533333333333334
0 0.178 0.12 0.24 0.176
