0 0.13508409153570447 0.2203848218340972 0.27016818307140894 0.4407696436681944
0 0.1392059553349876 0.6719930632974112 0.275709953129308 0.48102729262149563
0 0.36907912875654814 0.22812667740203976 0.19506479183898542 0.45212436516784343
0 0.3718362282878412 0.6812832899789422 0.20333609043286463 0.4707048185309055
0 0.5317480011028399 0.26322308931004584 0.15370829886958923 0.5264461786200917
0 0.5386407499310726 0.7210248152277139 0.14957264957264965 0.38296378876089027
0 0.7161290322580646 0.25393286262851483 0.24400330851943752 0.5037367356207936
0 0.7564516129032258 0.6962508774102978 0.28329197684036395 0.4283826747594864
0 0.8584642955610698 0.2719971922870474 0.0627240143369176 0.43457615921384035
0 0.910159911772815 0.29677113010446343 0.05169561621174532 0.3932862628514802
0 0.9532395919492695 0.317932201990173 0.05376344086021512 0.3571576035344151
0 0.9211883098979874 0.6936702588876502 0.04893851668045221 0.40876997398736536
0 0.9663358147229116 0.6838639085015897 0.04135649296939618 0.37264131467030015
