0 0.098 0.19715142428785606 0.196 0.13043478260869565
0 0.291 0.19940029985007496 0.214 0.13793103448275862
0 0.501 0.1956521739130435 0.218 0.12143928035982009
0 0.717 0.20914542728635682 0.23 0.1424287856071964
0 0.915 0.20164917541229385 0.17 0.11244377811094453
0 0.089 0.30434782608695654 0.178 0.11694152923538231
0 0.273 0.3193403298350825 0.222 0.11694152923538231
0 0.488 0.31259370314842577 0.216 0.12143928035982009
0 0.721 0.31784107946026985 0.23 0.1199400299850075
0 0.916 0.31709145427286356 0.168 0.12143928035982009
0 0.083 0.4197901049475262 0.166 0.1199400299850075
0 0.268 0.43553223388305845 0.224 0.12443778110944528
0 0.492 0.43103448275862066 0.228 0.12443778110944528
0 0.718 0.4325337331334333 0.232 0.13043478260869565
0 0.913 0.4370314842578711 0.174 0.12443778110944528
0 0.082 0.5359820089955023 0.164 0.12443778110944528
0 0.264 0.5539730134932533 0.232 0.12743628185907047
0 0.492 0.547976011994003 0.236 0.12443778110944528
0 0.716 0.5524737631184408 0.228 0.12743628185907047
0 0.915 0.5614692653673163 0.17 0.13043478260869565
0 0.075 0.6529235382308846 0.146 0.13043478260869565
0 0.253 0.671664167916042 0.23 0.12893553223388307
0 0.481 0.6701649175412294 0.222 0.12593703148425786
0 0.704 0.6731634182908546 0.232 0.13193403298350825
0 0.907 0.6836581709145427 0.186 0.12293853073463268
0 0.071 0.7766116941529235 0.142 0.12593703148425786
0 0.249 0.7901049475262368 0.234 0.14392803598200898
0 0.478 0.7923538230884558 0.228 0.136431784107946
0 0.709 0.800599700149925 0.234 0.13793103448275862
0 0.906 0.8110944527736131 0.188 0.13493253373313344
0 0.064 0.9025487256371814 0.128 0.12893553223388307
0 0.238 0.9197901049475262 0.236 0.12743628185907047
0 0.469 0.9227886056971514 0.226 0.13043478260869565
0 0.697 0.9280359820089955 0.23 0.13493253373313344
0 0.906 0.9235382308845578 0.188 0.14992503748125938
