0 0.905 0.2882882882882883 0.19 0.38738738738738737
0 0.678 0.27815315315315314 0.336 0.38963963963963966
0 0.36 0.2697072072072072 0.296 0.37274774774774777
0 0.117 0.2668918918918919 0.234 0.35135135135135137
0 0.883 0.6306306306306306 0.234 0.31756756756756754
0 0.636 0.6126126126126126 0.296 0.29954954954954954
0 0.355 0.5923423423423423 0.282 0.29504504504504503
0 0.114 0.5720720720720721 0.228 0.2747747747747748
0 0.89 0.8845720720720721 0.22 0.22635135135135134
0 0.664 0.8704954954954955 0.276 0.25675675675675674
0 0.12 0.7393018018018018 0.22 0.10022522522522523
0 0.179 0.8631756756756757 0.358 0.20833333333333334
0 0.367 0.8361486486486487 0.27 0.2286036036036036
