0 0.178 0.0967016491754123 0.356 0.15142428785607195
0 0.617 0.07421289355322339 0.538 0.14842578710644677
0 0.089 0.22938530734632684 0.178 0.1409295352323838
0 0.373 0.21964017991004497 0.422 0.15742128935532235
0 0.792 0.20014992503748125 0.416 0.1634182908545727
0 0.103 0.3568215892053973 0.206 0.13793103448275862
0 0.384 0.3523238380809595 0.396 0.13493253373313344
0 0.791 0.34257871064467765 0.418 0.14842578710644677
0 0.033 0.4782608695652174 0.066 0.11394302848575712
0 0.236 0.4767616191904048 0.372 0.12293853073463268
0 0.616 0.4715142428785607 0.396 0.12743628185907047
0 0.904 0.4752623688155922 0.192 0.12593703148425786
0 0.052 0.5877061469265368 0.104 0.11394302848575712
0 0.271 0.5892053973013494 0.358 0.11094452773613193
0 0.639 0.5922038980509745 0.386 0.11694152923538231
0 0.915 0.595952023988006 0.17 0.1184407796101949
0 0.155 0.6889055472263869 0.31 0.10044977511244378
0 0.484 0.6934032983508246 0.356 0.10344827586206896
0 0.83 0.7083958020989505 0.34 0.1184407796101949
0 0.17 0.7833583208395802 0.328 0.09745127436281859
0 0.499 0.7946026986506747 0.354 0.09895052473763119
0 0.838 0.8088455772113943 0.324 0.11244377811094453
0 0.19 0.8680659670164917 0.324 0.10494752623688156
0 0.519 0.8883058470764618 0.346 0.10044977511244378
0 0.845 0.9025487256371814 0.31 0.10194902548725637
0 0.165 0.9362818590704648 0.314 0.11544227886056972
0 0.476 0.95952023988006 0.32 0.08095952023988005
0 0.853 0.9700149925037481 0.294 0.05997001499250375
0 0.019 0.8215892053973014 0.038 0.17691154422788605
0 0.016 0.9475262368815592 0.032 0.07496251874062969
