0 0.07374961168064616 0.05607901479461112 0.14749922336129231 0.10802545664930986
0 0.0838148493320907 0.1942309281758823 0.16620068344206276 0.2045623605256633
0 0.03608263435849642 0.38277956855938505 0.07216526871699284 0.17046863377138607
0 0.11449207828518171 0.3776138523844946 0.13280521901211556 0.18286635259112322
0 0.09549549549549548 0.5466774113563104 0.19099099099099096 0.16352591123233332
0 0.053137620378999675 0.7061534011075296 0.1048462255358807 0.15393834201173637
0 0.14749922336129231 0.6953053971402595 0.11960236098167129 0.18389949582610132
0 0.11293880086983533 0.8631911728242002 0.2042559801180491 0.1539383420117365
0 0.07985399192295743 0.9621043061410034 0.10236098167132651 0.06661707579138777
0 0.17550481515998756 0.9559054467311348 0.10416278347312834 0.07901479461112497
0 0.2775862068965517 0.15393834201173648 0.25551413482447966 0.21489379287544422
0 0.20730040385212797 0.02996115381436482 0.12426219322771047 0.057856021158773446
0 0.32923268095681885 0.025312009256963384 0.11960236098167128 0.048557732043970576
0 0.22632805219012114 0.3559178444499545 0.12659210935073006 0.1849326390610794
0 0.3420472196334265 0.35178527151004213 0.12503883193538368 0.1869989255310356
0 0.2942839391115253 0.5331019092486982 0.22833178005591798 0.17150177700636413
0 0.35796831314072686 0.6999545416976609 0.12115563839701769 0.16633606083147356
0 0.25156881018949984 0.6989213984626828 0.11028269648959302 0.16013720142160512
0 0.3117583100341721 0.8549260269443755 0.21823547685616645 0.1684023473014298
0 0.27098477788132963 0.9615877345235143 0.09940975458216839 0.06765021902636584
0 0.3741379310344828 0.9564220183486238 0.10689655172413794 0.07798165137614692
0 0.5233923578751164 0.023245722787007185 0.26405716060888473 0.04029258616414579
0 0.4674743709226467 0.14980576907182408 0.13668841255048156 0.21902636581535662
0 0.6006679092885988 0.14618976774940076 0.1343584964274619 0.22419208199024715
0 0.5198974836905871 0.34765269857012976 0.2477477477477477 0.20146293082072894
0 0.46592109350730043 0.5351681957186544 0.11960236098167137 0.17356806347632028
0 0.5847468157812984 0.5356847673361435 0.12115563839701769 0.17460120671129847
0 0.5268872320596458 0.7108025456649308 0.22289530910220562 0.17976692288618895
0 0.47562907735321525 0.8647408876766673 0.11261261261261254 0.16117034465658317
0 0.5890183286735009 0.8724894619390031 0.11416589002795896 0.16220348789156122
0 0.5331003417210313 0.9641705926109595 0.212022367194781 0.06248450285147542
0 0.7210469089779433 0.15497148524671459 0.1079527803665734 0.19423092817588228
0 0.7125038831935383 0.3554012728324654 0.1421248835041939 0.21489379287544425
0 0.7785181733457596 0.5537647739482602 0.26172724448586515 0.18596578229605748
0 0.7078440509474991 0.7293991238945366 0.12348555452003726 0.169435490536408
0 0.8367660764212488 0.7366311265393835 0.13746505125815472 0.17976692288618895
0 0.774246660453557 0.9003843292834118 0.2438645542093818 0.18699892553103561
0 0.7 0.9786345979006529 0.1103448275862069 0.03355649227208868
0 0.851910531220876 0.34093726754277215 0.16154085119602365 0.23762294404496237
0 0.9257844050947499 0.3383544094553269 0.14153463808636232 0.2407223737498967
0 0.9483069276172724 0.5534961567071659 0.0964895930413173 0.19575998016364995
0 0.9483069276172724 0.7461980328952806 0.0964895930413173 0.18650301677824618
0 0.9440354147250699 0.9109637160095876 0.10503261882572235 0.1688982560542194
