0 0.6370437956204379 0.3248175182481752 0.16167883211678827 0.24671532846715327
0 0.6186131386861313 0.1851581508515815 0.08905109489051097 0.04233576642335767
0 0.6153284671532846 0.5562043795620437 0.14744525547445256 0.22384428223844277
0 0.6078467153284671 0.7347931873479319 0.15437956204379566 0.17810218978102185
0 0.45565693430656934 0.7479318734793187 0.15656934306569348 0.16739659367396598
0 0.4633211678832116 0.5586374695863746 0.14343065693430657 0.21703163017031632
0 0.47992700729927 0.3316301703163017 0.14744525547445256 0.24963503649635038
0 0.7855839416058393 0.2854014598540146 0.1791970802919708 0.2545012165450122
0 0.7622262773722628 0.5192214111922141 0.1704379562043795 0.22384428223844277
0 0.7479927007299271 0.7192214111922142 0.14708029197080294 0.19756690997566914
0 0.3023722627737226 0.7311435523114354 0.14562043795620438 0.21751824817518248
0 0.3098540145985401 0.47007299270072994 0.15912408759124086 0.1070559610705596
0 0.3145985401459854 0.581265206812652 0.15255474452554746 0.12019464720194643
0 0.3056569343065693 0.3576642335766423 0.16313868613138685 0.11873479318734792
0 0.3290145985401459 0.2389294403892944 0.1543795620437956 0.1265206812652068
0 0.17737226277372262 0.23649635036496347 0.16204379562043794 0.20145985401459857
0 0.16770072992700727 0.3581508515815085 0.11642335766423358 0.04379562043795617
0 0.1503649635036496 0.5004866180048662 0.1854014598540146 0.24671532846715324
0 0.13923357664233574 0.7715328467153284 0.20182481751824816 0.2690997566909976
