0 0.5122887864823349 0.6149425287356322 0.1858678955453149 0.3425287356321839
0 0.5084485407066052 0.828735632183908 0.1781874039938556 0.09885057471264368
0 0.3271889400921659 0.8781609195402299 0.18125960061443933 0.24367816091954023
0 0.3325652841781874 0.5770114942528736 0.17972350230414746 0.3724137931034483
0 0.3509984639016897 0.32873563218390806 0.15514592933947774 0.21149425287356322
0 0.5030721966205837 0.3816091954022989 0.14285714285714285 0.24367816091954023
0 0.620583717357911 0.23218390804597702 0.16282642089093702 0.17011494252873563
0 0.6290322580645161 0.4011494252873563 0.12135176651305683 0.1724137931034483
0 0.6443932411674347 0.5747126436781609 0.10599078341013825 0.17471264367816092
0 0.6367127496159755 0.7413793103448276 0.08448540706605223 0.1632183908045977
0 0.7158218125960062 0.26436781609195403 0.05222734254992319 0.17011494252873563
0 0.7073732718894009 0.4540229885057471 0.041474654377880185 0.2045977011494253
0 0.6981566820276498 0.6528735632183909 0.0445468509984639 0.19310344827586207
0 0.510752688172043 0.9241379310344827 0.17357910906298002 0.09655172413793103
0 0.5184331797235023 0.9862068965517241 0.16129032258064516 0.027586206896551724
0 0.21505376344086022 0.28160919540229884 0.12903225806451613 0.2597701149425287
