0 0.15187713310580206 0.6659090909090909 0.18088737201365188 0.36818181818181817
0 0.3310580204778157 0.6659090909090909 0.18430034129692832 0.37727272727272726
0 0.5136518771331058 0.6818181818181818 0.18088737201365188 0.37272727272727274
0 0.6911262798634812 0.6886363636363636 0.18771331058020477 0.38636363636363635
0 0.8668941979522184 0.6909090909090909 0.18430034129692832 0.37272727272727274
0 0.8515358361774744 0.32272727272727275 0.18088737201365188 0.35454545454545455
0 0.6843003412969283 0.325 0.18088737201365188 0.35909090909090907
0 0.5085324232081911 0.3159090909090909 0.18430034129692832 0.35909090909090907
0 0.3378839590443686 0.3068181818181818 0.17064846416382254 0.3409090909090909
0 0.17064846416382254 0.31136363636363634 0.19112627986348124 0.35
