0 0.801 0.5524737631184408 0.266 0.2563718140929535
0 0.56 0.5472263868065967 0.232 0.25487256371814093
0 0.812 0.823088455772114 0.288 0.2908545727136432
0 0.531 0.8178410794602698 0.242 0.2893553223388306
0 0.244 0.5089955022488756 0.348 0.17541229385307347
0 0.586 0.33883058470764615 0.332 0.17391304347826086
0 0.595 0.17316341829085458 0.334 0.16941529235382308
0 0.266 0.17316341829085458 0.328 0.1664167916041979
0 0.255 0.3373313343328336 0.35 0.17391304347826086
0 0.232 0.6866566716641679 0.36 0.18290854572713644
0 0.224 0.8703148425787106 0.368 0.1904047976011994
