0 0.753 0.1467065868263473 0.194 0.2934131736526946
0 0.74 0.4595808383233533 0.18 0.3562874251497006
0 0.738 0.7844311377245509 0.176 0.3413173652694611
0 0.735 0.9595808383233533 0.17 0.08083832335329341
0 0.56 0.9760479041916168 0.184 0.04790419161676647
0 0.554 0.8173652694610778 0.196 0.3532934131736527
0 0.551 0.4820359281437126 0.202 0.3712574850299401
0 0.53 0.15119760479041916 0.252 0.3023952095808383
0 0.294 0.1407185628742515 0.212 0.281437125748503
0 0.337 0.4940119760479042 0.238 0.41317365269461076
0 0.354 0.8308383233532934 0.22 0.3323353293413174
0 0.026 0.1092814371257485 0.052 0.218562874251497
0 0.035 0.36227544910179643 0.07 0.2934131736526946
0 0.035 0.6511976047904192 0.07 0.2844311377245509
0 0.047 0.8802395209580839 0.094 0.2275449101796407
