0 0.15699658703071673 0.5 0.13651877133105803 0.2727272727272727
0 0.2883959044368601 0.5022727272727273 0.13993174061433447 0.2681818181818182
0 0.4180887372013652 0.5045454545454545 0.13993174061433447 0.2727272727272727
0 0.5580204778156996 0.5022727272727273 0.13993174061433447 0.2772727272727273
0 0.6860068259385665 0.48863636363636365 0.13651877133105803 0.2681818181818182
0 0.8174061433447098 0.4909090909090909 0.13993174061433447 0.2727272727272727
0 0.4709897610921502 0.8318181818181818 0.18430034129692832 0.2909090909090909
0 0.7918088737201365 0.2340909090909091 0.13651877133105803 0.2409090909090909
0 0.6672354948805461 0.2318181818181818 0.13993174061433447 0.24545454545454545
0 0.5460750853242321 0.23636363636363636 0.13651877133105803 0.2545454545454545
0 0.4180887372013652 0.2409090909090909 0.13310580204778158 0.24545454545454545
0 0.2883959044368601 0.2409090909090909 0.13310580204778158 0.2545454545454545
0 0.1621160409556314 0.24545454545454545 0.13310580204778158 0.2545454545454545
0 0.7713310580204779 0.05909090909090909 0.11604095563139932 0.11818181818181818
0 0.6535836177474402 0.05454545454545454 0.12627986348122866 0.10909090909090909
0 0.5341296928327645 0.05909090909090909 0.12627986348122866 0.11818181818181818
0 0.4129692832764505 0.05909090909090909 0.1296928327645051 0.11818181818181818
0 0.2901023890784983 0.05909090909090909 0.12286689419795221 0.11818181818181818
0 0.16723549488054607 0.06136363636363636 0.12286689419795221 0.12272727272727273
