0 0.89 0.8346666666666667 0.22 0.29333333333333333
0 0.896 0.576 0.208 0.2826666666666667
0 0.669 0.7946666666666666 0.182 0.26666666666666666
0 0.691 0.5666666666666667 0.202 0.25333333333333335
0 0.83 0.3333333333333333 0.044 0.20266666666666666
0 0.694 0.31733333333333336 0.24 0.256
0 0.836 0.13733333333333334 0.044 0.23733333333333334
0 0.693 0.112 0.246 0.224
0 0.504 0.116 0.14 0.232
0 0.502 0.33066666666666666 0.152 0.22933333333333333
0 0.513 0.5533333333333333 0.15 0.22133333333333333
0 0.375 0.5386666666666666 0.126 0.20266666666666666
0 0.262 0.528 0.1 0.18133333333333335
0 0.503 0.7586666666666667 0.154 0.23733333333333334
0 0.365 0.7306666666666667 0.126 0.208
0 0.368 0.3373333333333333 0.12 0.20533333333333334
0 0.371 0.132 0.126 0.22666666666666666
0 0.346 0.04533333333333334 0.272 0.09066666666666667
0 0.258 0.168 0.1 0.20266666666666666
0 0.258 0.348 0.104 0.17866666666666667
0 0.257 0.6933333333333334 0.106 0.192
0 0.158 0.6706666666666666 0.096 0.17866666666666667
0 0.086 0.6466666666666666 0.084 0.15733333333333333
0 0.023 0.632 0.046 0.15466666666666667
0 0.164 0.5146666666666667 0.096 0.16533333333333333
0 0.081 0.504 0.074 0.144
0 0.022 0.496 0.044 0.13333333333333333
0 0.161 0.35333333333333333 0.09 0.168
0 0.077 0.356 0.078 0.152
0 0.022 0.3586666666666667 0.044 0.136
0 0.161 0.19066666666666668 0.098 0.17866666666666667
0 0.077 0.208 0.078 0.16533333333333333
0 0.02 0.22266666666666668 0.04 0.14666666666666667
