0 0.706 0.49066666666666664 0.148 0.3893333333333333
0 0.46 0.18533333333333332 0.292 0.30666666666666664
0 0.606 0.4786666666666667 0.144 0.37066666666666664
0 0.5 0.484 0.14 0.31733333333333336
0 0.407 0.4613333333333333 0.134 0.2986666666666667
0 0.314 0.44133333333333336 0.14 0.30133333333333334
0 0.242 0.4146666666666667 0.164 0.32266666666666666
0 0.183 0.4026666666666667 0.218 0.32
0 0.683 0.7666666666666667 0.13 0.328
0 0.576 0.7693333333333333 0.096 0.248
0 0.481 0.7466666666666667 0.094 0.25066666666666665
0 0.389 0.712 0.086 0.24
0 0.31 0.6906666666666667 0.088 0.224
0 0.232 0.6706666666666666 0.088 0.21066666666666667
0 0.707 0.8653333333333333 0.134 0.2693333333333333
0 0.595 0.9386666666666666 0.098 0.12266666666666666
0 0.491 0.9226666666666666 0.11 0.15466666666666667
0 0.399 0.904 0.074 0.192
0 0.327 0.8853333333333333 0.082 0.208
0 0.248 0.8586666666666667 0.092 0.20266666666666666
0 0.157 0.6546666666666666 0.09 0.2
0 0.175 0.8346666666666667 0.086 0.20266666666666666
