0 0.33583489681050654 0.18833333333333332 0.24765478424015008 0.37666666666666665
0 0.5787992495309568 0.185 0.24577861163227016 0.37
0 0.8142589118198874 0.175 0.225140712945591 0.35
0 0.11632270168855535 0.4216666666666667 0.2326454033771107 0.63
0 0.34803001876172607 0.6016666666666667 0.23076923076923078 0.4033333333333333
0 0.5787992495309568 0.5766666666666667 0.23827392120075047 0.4066666666666667
0 0.8076923076923077 0.545 0.21951219512195122 0.39
0 0.34803001876172607 0.9016666666666666 0.23452157598499063 0.19666666666666666
0 0.5816135084427767 0.8883333333333333 0.2326454033771107 0.22333333333333333
0 0.800187617260788 0.8666666666666667 0.22326454033771106 0.26666666666666666
