0 0.59375 0.64 0.3125 0.13333333333333333
0 0.8705357142857143 0.6566666666666666 0.25892857142857145 0.15333333333333332
0 0.2767857142857143 0.6166666666666667 0.35714285714285715 0.14
0 0.05803571428571429 0.6066666666666667 0.11607142857142858 0.14666666666666667
0 0.10267857142857142 0.73 0.20535714285714285 0.12666666666666668
0 0.49107142857142855 0.7533333333333333 0.6071428571428571 0.14666666666666667
0 0.30357142857142855 0.8566666666666667 0.32142857142857145 0.14
0 0.6071428571428571 0.8833333333333333 0.2857142857142857 0.14
0 0.8883928571428571 0.7933333333333333 0.22321428571428573 0.13333333333333333
0 0.8616071428571429 0.9 0.25892857142857145 0.13333333333333333
0 0.6071428571428571 0.97 0.30357142857142855 0.04666666666666667
0 0.8839285714285714 0.98 0.23214285714285715 0.04
0 0.08482142857142858 0.8333333333333334 0.16964285714285715 0.09333333333333334
0 0.07142857142857142 0.92 0.14285714285714285 0.09333333333333334
0 0.30357142857142855 0.96 0.32142857142857145 0.08
0 0.23214285714285715 0.49333333333333335 0.32142857142857145 0.16
0 0.049107142857142856 0.4766666666666667 0.09821428571428571 0.14
0 0.5892857142857143 0.49666666666666665 0.4107142857142857 0.16666666666666666
0 0.8883928571428571 0.5166666666666667 0.22321428571428573 0.18
0 0.8928571428571429 0.33666666666666667 0.21428571428571427 0.18
0 0.6205357142857143 0.33666666666666667 0.36607142857142855 0.18
0 0.23660714285714285 0.33 0.41964285714285715 0.19333333333333333
0 0.03571428571428571 0.32666666666666666 0.07142857142857142 0.17333333333333334
0 0.05803571428571429 0.13666666666666666 0.11607142857142858 0.19333333333333333
0 0.26785714285714285 0.14 0.375 0.21333333333333335
0 0.6696428571428571 0.14333333333333334 0.44642857142857145 0.22
0 0.9330357142857143 0.14 0.13392857142857142 0.21333333333333335
