0 0.707 0.2623688155922039 0.262 0.1469265367316342
0 0.686 0.4512743628185907 0.18 0.21889055472263869
0 0.832 0.4512743628185907 0.236 0.2158920539730135
0 0.45 0.2908545727136432 0.084 0.017991004497751123
0 0.53 0.2901049475262369 0.084 0.022488755622188907
0 0.526 0.3095952023988006 0.1 0.019490254872563718
0 0.428 0.30884557721139433 0.112 0.020989505247376312
0 0.331 0.3065967016491754 0.118 0.022488755622188907
0 0.321 0.28785607196401797 0.178 0.020989505247376312
0 0.294 0.32908545727136435 0.156 0.031484257871064465
0 0.179 0.3275862068965517 0.182 0.034482758620689655
0 0.41 0.3328335832083958 0.136 0.03298350824587706
0 0.529 0.3343328335832084 0.126 0.029985007496251874
0 0.899 0.27061469265367316 0.162 0.15142428785607195
0 0.957 0.2818590704647676 0.086 0.17391304347826086
0 0.95 0.4407796101949025 0.096 0.191904047976012
0 0.768 0.3373313343328336 0.14 0.017991004497751123
0 0.11 0.4490254872563718 0.22 0.21139430284857572
0 0.232 0.4497751124437781 0.224 0.2098950524737631
0 0.374 0.4512743628185907 0.184 0.2098950524737631
0 0.531 0.452023988005997 0.17 0.20839580209895053
0 0.947 0.5847076461769115 0.102 0.17391304347826086
0 0.74 0.6289355322338831 0.312 0.14842578710644677
0 0.444 0.6266866566716641 0.304 0.14392803598200898
0 0.151 0.6251874062968515 0.302 0.1409295352323838
0 0.107 0.7533733133433284 0.162 0.1184407796101949
0 0.241 0.7541229385307346 0.15 0.12293853073463268
0 0.374 0.7548725637181409 0.144 0.12143928035982009
0 0.507 0.7571214392803598 0.138 0.12293853073463268
0 0.648 0.760119940029985 0.14 0.12593703148425786
0 0.789 0.7638680659670165 0.162 0.12143928035982009
0 0.709 0.8733133433283359 0.266 0.10644677661169415
0 0.451 0.8673163418290855 0.258 0.10644677661169415
0 0.197 0.8628185907046477 0.274 0.10044977511244378
0 0.921 0.7533733133433284 0.158 0.25337331334332835
0 0.861 0.3448275862068966 0.094 0.06296851574212893
