0 0.11875 0.10333333333333333 0.2375 0.2
0 0.26666666666666666 0.085 0.25 0.17
0 0.3875 0.07666666666666666 0.17916666666666667 0.15
0 0.103125 0.2825 0.20625 0.195
0 0.2520833333333333 0.2475 0.13333333333333333 0.15833333333333333
0 0.38645833333333335 0.22 0.14375 0.15
0 0.13541666666666666 0.41333333333333333 0.2708333333333333 0.19666666666666666
0 0.30833333333333335 0.35833333333333334 0.09166666666666666 0.13
0 0.38958333333333334 0.3275 0.075 0.10833333333333334
0 0.12395833333333334 0.5425 0.24791666666666667 0.18166666666666667
0 0.29583333333333334 0.4791666666666667 0.10833333333333334 0.15833333333333333
0 0.14166666666666666 0.655 0.2833333333333333 0.18333333333333332
0 0.06666666666666667 0.8641666666666666 0.13333333333333333 0.2683333333333333
0 0.34479166666666666 0.7816666666666666 0.3229166666666667 0.29333333333333333
0 0.5729166666666666 0.815 0.30833333333333335 0.30333333333333334
0 0.471875 0.6225 0.30625 0.085
0 0.4947916666666667 0.5 0.23958333333333334 0.2
0 0.609375 0.6391666666666667 0.03125 0.065
0 0.7302083333333333 0.6325 0.20208333333333334 0.11166666666666666
0 0.6833333333333333 0.5158333333333334 0.23333333333333334 0.19833333333333333
0 0.546875 0.3325 0.17291666666666666 0.135
0 0.6041666666666666 0.2175 0.24583333333333332 0.135
0 0.5895833333333333 0.0875 0.19166666666666668 0.14166666666666666
0 0.7895833333333333 0.08583333333333333 0.20833333333333334 0.145
0 0.946875 0.0875 0.10625 0.14833333333333334
0 0.8333333333333334 0.22916666666666666 0.2 0.12833333333333333
0 0.9635416666666666 0.235 0.06875 0.13333333333333333
0 0.7385416666666667 0.3516666666666667 0.18958333333333333 0.12333333333333334
0 0.921875 0.35583333333333333 0.15625 0.125
0 0.8104166666666667 0.43666666666666665 0.17916666666666667 0.07333333333333333
0 0.9510416666666667 0.43166666666666664 0.09375 0.03
0 0.8947916666666667 0.5283333333333333 0.21041666666666667 0.19333333333333333
0 0.915625 0.63 0.16458333333333333 0.04666666666666667
0 0.8614583333333333 0.6941666666666667 0.27291666666666664 0.125
0 0.8375 0.8616666666666667 0.32083333333333336 0.2733333333333333
0 0.390625 0.4241666666666667 0.07708333333333334 0.145
