0 0.585 0.0944527736131934 0.486 0.1889055472263868
0 0.588 0.26686656671664166 0.408 0.17391304347826086
0 0.624 0.41679160419790107 0.324 0.15592203898050974
0 0.61 0.547976011994003 0.312 0.1454272863568216
0 0.599 0.6634182908545727 0.282 0.13043478260869565
0 0.597 0.760119940029985 0.27 0.13493253373313344
0 0.598 0.8530734632683659 0.252 0.11394302848575712
0 0.587 0.9302848575712144 0.234 0.11244377811094453
0 0.254 0.28785607196401797 0.352 0.13793103448275862
0 0.27 0.4332833583208396 0.384 0.1889055472263868
0 0.287 0.5757121439280359 0.342 0.15592203898050974
0 0.294 0.6911544227886057 0.332 0.15892053973013492
0 0.319 0.7968515742128935 0.306 0.136431784107946
0 0.311 0.889055472263868 0.29 0.13493253373313344
0 0.332 0.9587706146926537 0.268 0.08245877061469266
