0 0.02459016393442623 0.25 0.04918032786885246 0.07538461538461538
0 0.045081967213114756 0.3523076923076923 0.09016393442622951 0.13230769230769232
0 0.0942622950819672 0.34307692307692306 0.0942622950819672 0.12615384615384614
0 0.19672131147540983 0.2592307692307692 0.1762295081967213 0.06307692307692307
0 0.29918032786885246 0.2623076923076923 0.03278688524590164 0.02923076923076923
0 0.3237704918032787 0.26461538461538464 0.020491803278688523 0.027692307692307693
0 0.24795081967213115 0.34384615384615386 0.22540983606557377 0.1523076923076923
0 0.430327868852459 0.26461538461538464 0.1598360655737705 0.04
0 0.5174180327868853 0.2692307692307692 0.014344262295081968 0.03076923076923077
0 0.4661885245901639 0.3507692307692308 0.2151639344262295 0.14153846153846153
0 0.5409836065573771 0.25076923076923074 0.01639344262295082 0.07384615384615385
0 0.5594262295081968 0.24461538461538462 0.02459016393442623 0.08923076923076922
0 0.7438524590163934 0.22692307692307692 0.35655737704918034 0.14615384615384616
0 0.7387295081967213 0.36538461538461536 0.35450819672131145 0.1523076923076923
0 0.951844262295082 0.2469230769230769 0.09631147540983606 0.1123076923076923
0 0.06659836065573771 0.47615384615384615 0.13319672131147542 0.15538461538461537
0 0.06557377049180328 0.5946153846153847 0.13114754098360656 0.18307692307692308
0 0.0706967213114754 0.7107692307692308 0.1413934426229508 0.19692307692307692
0 0.0430327868852459 0.8307692307692308 0.0860655737704918 0.15384615384615385
0 0.11065573770491803 0.7684615384615384 0.06147540983606557 0.11538461538461539
0 0.050204918032786885 0.9123076923076923 0.10040983606557377 0.1753846153846154
0 0.11475409836065574 0.8392307692307692 0.05737704918032787 0.13692307692307693
0 0.29508196721311475 0.4746153846153846 0.32786885245901637 0.14307692307692307
0 0.5655737704918032 0.48923076923076925 0.22131147540983606 0.14153846153846153
0 0.7694672131147541 0.4976923076923077 0.22336065573770492 0.13076923076923078
0 0.24077868852459017 0.6007692307692307 0.22336065573770492 0.13384615384615384
0 0.44979508196721313 0.6069230769230769 0.21106557377049182 0.13076923076923078
0 0.7038934426229508 0.6169230769230769 0.3176229508196721 0.12307692307692308
0 0.29713114754098363 0.7192307692307692 0.3114754098360656 0.11538461538461539
0 0.576844262295082 0.7284615384615385 0.2028688524590164 0.1123076923076923
0 0.7663934426229508 0.7238461538461538 0.20901639344262296 0.13076923076923078
0 0.24180327868852458 0.8253846153846154 0.20081967213114754 0.10923076923076923
0 0.4456967213114754 0.8261538461538461 0.19057377049180327 0.10153846153846154
0 0.6875 0.8323076923076923 0.2930327868852459 0.09846153846153846
0 0.29815573770491804 0.9246153846153846 0.29713114754098363 0.10461538461538461
0 0.5348360655737705 0.9246153846153846 0.1885245901639344 0.09846153846153846
0 0.7141393442622951 0.926923076923077 0.19057377049180327 0.09384615384615384
0 0.9456967213114754 0.38076923076923075 0.10860655737704918 0.1123076923076923
0 0.9334016393442623 0.5015384615384615 0.13319672131147542 0.13846153846153847
0 0.9252049180327869 0.6123076923076923 0.14959016393442623 0.16307692307692306
0 0.9272540983606558 0.7407692307692307 0.14549180327868852 0.12153846153846154
0 0.9139344262295082 0.8376923076923077 0.1721311475409836 0.14
0 0.9077868852459017 0.9084615384615384 0.18442622950819673 0.14615384615384616
0 0.9221311475409836 0.9907692307692307 0.15163934426229508 0.018461538461538463
0 0.6721311475409836 0.09076923076923077 0.06147540983606557 0.04
0 0.673155737704918 0.12384615384615384 0.05122950819672131 0.03538461538461538
0 0.6854508196721312 0.15 0.07172131147540983 0.016923076923076923
0 0.7366803278688525 0.0876923076923077 0.05942622950819672 0.036923076923076927
0 0.7418032786885246 0.12384615384615384 0.045081967213114756 0.03538461538461538
0 0.7745901639344263 0.1523076923076923 0.0778688524590164 0.021538461538461538
0 0.7909836065573771 0.09 0.04918032786885246 0.03538461538461538
0 0.7899590163934426 0.12538461538461537 0.055327868852459015 0.03538461538461538
0 0.8422131147540983 0.1423076923076923 0.040983606557377046 0.047692307692307694
0 0.8862704918032787 0.1423076923076923 0.0471311475409836 0.05076923076923077
0 0.9272540983606558 0.1423076923076923 0.0471311475409836 0.05076923076923077
0 0.9692622950819673 0.17076923076923076 0.05737704918032787 0.043076923076923075
0 0.9754098360655737 0.14 0.04918032786885246 0.036923076923076927
