0 0.388412017167382 0.0935483870967742 0.23605150214592274 0.1870967741935484
0 0.7532188841201717 0.08387096774193549 0.49356223175965663 0.16774193548387098
0 0.7253218884120172 0.2564516129032258 0.5493562231759657 0.22903225806451613
0 0.22746781115879827 0.27419354838709675 0.45493562231759654 0.1870967741935484
0 0.5622317596566524 0.46774193548387094 0.2575107296137339 0.2
0 0.8433476394849786 0.4806451612903226 0.30472103004291845 0.21935483870967742
0 0.6952789699570815 0.6741935483870968 0.5665236051502146 0.25161290322580643
0 0.20600858369098712 0.632258064516129 0.41201716738197425 0.2
0 0.10085836909871244 0.45483870967741935 0.2017167381974249 0.17419354838709677
0 0.3218884120171674 0.4629032258064516 0.24034334763948498 0.18387096774193548
0 0.8025751072961373 0.8790322580645161 0.2918454935622318 0.22903225806451613
0 0.5257510729613734 0.8403225806451613 0.2532188841201717 0.20967741935483872
0 0.2875536480686695 0.8048387096774193 0.24892703862660945 0.19032258064516128
0 0.07939914163090128 0.7838709677419354 0.15879828326180256 0.18064516129032257
0 0.5944206008583691 0.9370967741935484 0.5107296137339056 0.12580645161290321
0 0.17167381974248927 0.9225806451612903 0.34334763948497854 0.15483870967741936
