0 0.167 0.07733333333333334 0.11 0.15466666666666667
0 0.282 0.08 0.112 0.15466666666666667
0 0.395 0.076 0.114 0.152
0 0.505 0.076 0.11 0.152
0 0.625 0.07466666666666667 0.114 0.14933333333333335
0 0.736 0.07466666666666667 0.108 0.144
0 0.851 0.07466666666666667 0.106 0.14933333333333335
0 0.957 0.07333333333333333 0.086 0.14666666666666667
0 0.055 0.312 0.11 0.26666666666666666
0 0.284 0.2946666666666667 0.34 0.2853333333333333
0 0.624 0.2826666666666667 0.344 0.256
0 0.899 0.2773333333333333 0.202 0.256
0 0.053 0.58 0.106 0.25866666666666666
0 0.161 0.5653333333333334 0.106 0.25066666666666665
0 0.27 0.564 0.112 0.25866666666666666
0 0.379 0.5613333333333334 0.114 0.25866666666666666
0 0.64 0.5573333333333333 0.376 0.2986666666666667
0 0.87 0.544 0.1 0.2773333333333333
0 0.959 0.5413333333333333 0.082 0.272
0 0.221 0.8693333333333333 0.442 0.2613333333333333
0 0.519 0.8506666666666667 0.15 0.29333333333333333
0 0.664 0.848 0.168 0.2986666666666667
0 0.801 0.8493333333333334 0.19 0.30133333333333334
0 0.914 0.8026666666666666 0.172 0.256
0 0.962 0.9653333333333334 0.076 0.064
0 0.913 0.964 0.034 0.072
0 0.242 0.7106666666666667 0.432 0.088
