0 0.365 0.09336332958380203 0.49 0.13948256467941508
0 0.796 0.12485939257592801 0.38 0.07424071991001124
0 0.353 0.23003374578177727 0.706 0.140607424071991
0 0.85 0.22890888638920134 0.3 0.14285714285714285
0 0.207 0.3644544431946007 0.414 0.1327334083239595
0 0.706 0.36389201349831274 0.588 0.13160854893138357
0 0.344 0.49100112485939257 0.688 0.12260967379077616
0 0.841 0.49100112485939257 0.318 0.12710911136107986
0 0.202 0.608548931383577 0.404 0.12148481439820022
0 0.705 0.6119235095613048 0.59 0.11698537682789652
0 0.334 0.7255343082114736 0.668 0.11473565804274466
0 0.836 0.7266591676040495 0.328 0.1124859392575928
0 0.198 0.8318335208098988 0.396 0.1046119235095613
0 0.696 0.8363329583802025 0.608 0.10911136107986502
0 0.327 0.9381327334083239 0.654 0.11023622047244094
0 0.832 0.9398200224971879 0.336 0.10011248593925759
