0 0.479 0.8350824587706147 0.786 0.2908545727136432
0 0.753 0.5982008995502249 0.494 0.18590704647676162
0 0.351 0.5929535232383808 0.306 0.1934032983508246
0 0.104 0.5982008995502249 0.208 0.20089955022488756
0 0.081 0.7916041979010495 0.162 0.1889055472263868
0 0.904 0.8463268365817092 0.192 0.3073463268365817
0 0.84 0.4662668665667166 0.32 0.08995502248875563
0 0.576 0.4715142428785607 0.208 0.0944527736131934
0 0.269 0.4580209895052474 0.41 0.07946026986506746
0 0.943 0.3650674662668666 0.114 0.10644677661169415
0 0.684 0.36356821589205396 0.412 0.12143928035982009
0 0.377 0.3568215892053973 0.206 0.12293853073463268
0 0.138 0.3568215892053973 0.276 0.12293853073463268
0 0.839 0.24287856071964017 0.322 0.1199400299850075
0 0.576 0.2413793103448276 0.2 0.1199400299850075
0 0.283 0.23463268365817092 0.398 0.12143928035982009
0 0.044 0.2331334332833583 0.088 0.12443778110944528
0 0.035 0.45652173913043476 0.07 0.08545727136431784
0 0.92 0.12293853073463268 0.16 0.1199400299850075
0 0.653 0.12293853073463268 0.39 0.11694152923538231
0 0.363 0.11469265367316342 0.194 0.11544227886056972
0 0.132 0.11469265367316342 0.264 0.11544227886056972
0 0.845 0.031484257871064465 0.31 0.06296851574212893
0 0.588 0.03073463268365817 0.2 0.06146926536731634
0 0.294 0.027736131934032984 0.38 0.05547226386806597
