0 0.036585365853658534 0.11666666666666667 0.07317073170731707 0.23333333333333334
0 0.1200750469043152 0.13333333333333333 0.10881801125703565 0.22
0 0.19418386491557224 0.13833333333333334 0.06566604127579738 0.19666666666666666
0 0.06848030018761726 0.3516666666666667 0.13696060037523453 0.23666666666666666
0 0.17073170731707318 0.3383333333333333 0.075046904315197 0.19
0 0.040337711069418386 0.48333333333333334 0.07692307692307693 0.04666666666666667
0 0.10975609756097561 0.47333333333333333 0.054409005628517824 0.05333333333333334
0 0.1575984990619137 0.45666666666666667 0.0375234521575985 0.04666666666666667
0 0.2129455909943715 0.3616666666666667 0.043151969981238276 0.18333333333333332
0 0.11538461538461539 0.6583333333333333 0.23076923076923078 0.39
0 0.17354596622889307 0.6833333333333333 0.15947467166979362 0.41333333333333333
0 0.02626641651031895 0.9066666666666666 0.0525328330206379 0.18
0 0.14071294559099437 0.9183333333333333 0.19136960600375236 0.16333333333333333
0 0.29174484052532834 0.07666666666666666 0.1669793621013133 0.15333333333333332
0 0.48874296435272047 0.075 0.21951219512195122 0.15
0 0.800187617260788 0.05333333333333334 0.399624765478424 0.10666666666666667
0 0.3151969981238274 0.2866666666666667 0.18386491557223264 0.2733333333333333
0 0.5093808630393997 0.26666666666666666 0.21951219512195122 0.30666666666666664
0 0.39305816135084426 0.56 0.3133208255159475 0.28
0 0.4024390243902439 0.81 0.3058161350844278 0.29333333333333333
0 0.3236397748592871 0.9366666666666666 0.17448405253283303 0.12666666666666668
0 0.5075046904315197 0.9666666666666667 0.1894934333958724 0.06
0 0.8095684803001876 0.25833333333333336 0.3771106941838649 0.37666666666666665
0 0.6707317073170732 0.5916666666666667 0.24202626641651032 0.31666666666666665
0 0.6744840525328331 0.8516666666666667 0.23452157598499063 0.2966666666666667
0 0.8939962476547842 0.62 0.21200750469043153 0.36
0 0.8939962476547842 0.8816666666666667 0.21200750469043153 0.23
