0 0.12235649546827794 0.2840909090909091 0.18429003021148035 0.42272727272727273
0 0.30966767371601206 0.2818181818181818 0.1903323262839879 0.42727272727272725
0 0.4984894259818731 0.27954545454545454 0.18126888217522658 0.42272727272727273
0 0.6827794561933535 0.2840909090909091 0.18731117824773413 0.42272727272727273
0 0.8761329305135952 0.2818181818181818 0.19939577039274925 0.42727272727272725
0 0.8761329305135952 0.7181818181818181 0.19939577039274925 0.44545454545454544
0 0.6858006042296072 0.7136363636363636 0.18731117824773413 0.43636363636363634
0 0.5 0.7045454545454546 0.18429003021148035 0.42727272727272725
0 0.31268882175226587 0.7113636363636363 0.18429003021148035 0.4318181818181818
0 0.12537764350453173 0.7136363636363636 0.1903323262839879 0.43636363636363634
