0 0.778 0.7301349325337332 0.436 0.3328335832083958
0 0.595 0.40929535232383807 0.282 0.29985007496251875
0 0.825 0.5007496251874063 0.35 0.3568215892053973
0 0.519 0.6214392803598201 0.254 0.28335832083958024
0 0.468 0.7991004497751124 0.2 0.25487256371814093
0 0.704 0.8898050974512743 0.416 0.22038980509745126
0 0.36 0.532983508245877 0.176 0.23238380809595202
0 0.316 0.691904047976012 0.16 0.23238380809595202
0 0.205 0.6101949025487257 0.13 0.20089955022488756
0 0.232 0.46476761619190404 0.144 0.2128935532233883
0 0.4 0.3448275862068966 0.212 0.2638680659670165
0 0.302 0.2863568215892054 0.252 0.239880059970015
0 0.18 0.24812593703148425 0.188 0.20239880059970014
0 0.122 0.4070464767616192 0.1 0.20239880059970014
0 0.105 0.5434782608695652 0.118 0.1874062968515742
0 0.815 0.17766116941529236 0.37 0.3523238380809595
0 0.568 0.14167916041979012 0.292 0.28335832083958024
