0 0.16375 0.24666666666666667 0.2775 0.25333333333333335
0 0.4225 0.235 0.24 0.25
0 0.67 0.23166666666666666 0.245 0.24333333333333335
0 0.14625 0.4766666666666667 0.2325 0.23333333333333334
0 0.37 0.47333333333333333 0.235 0.23333333333333334
0 0.6025 0.4716666666666667 0.235 0.23
0 0.8325 0.445 0.25 0.27666666666666667
0 0.15875 0.685 0.2225 0.20333333333333334
0 0.37 0.6866666666666666 0.225 0.20666666666666667
0 0.62 0.6866666666666666 0.22 0.21333333333333335
0 0.83875 0.685 0.2325 0.21666666666666667
0 0.18625 0.88 0.2125 0.19333333333333333
0 0.38875 0.885 0.2125 0.18333333333333332
0 0.63125 0.8866666666666667 0.2125 0.18666666666666668
0 0.84625 0.885 0.2225 0.19666666666666666
0 0.02625 0.5816666666666667 0.0525 0.18333333333333332
0 0.0375 0.7483333333333333 0.075 0.16333333333333333
0 0.04625 0.9 0.0925 0.16666666666666666
