0 0.344 0.861319340329835 0.284 0.10344827586206896
0 0.314 0.7623688155922039 0.328 0.13343328335832083
0 0.291 0.595952023988006 0.382 0.2593703148425787
0 0.676 0.603448275862069 0.392 0.2593703148425787
0 0.647 0.767616191904048 0.33 0.1469265367316342
0 0.621 0.8575712143928036 0.286 0.13193403298350825
0 0.544 0.4340329835082459 0.456 0.30434782608695654
0 0.268 0.45652173913043476 0.128 0.022488755622188907
0 0.236 0.19640179910044978 0.064 0.06296851574212893
0 0.33 0.3305847076461769 0.368 0.23238380809595202
0 0.696 0.3350824587706147 0.376 0.2413793103448276
0 0.792 0.46326836581709147 0.08 0.020989505247376312
0 0.773 0.191904047976012 0.094 0.044977511244377814
0 0.629 0.1199400299850075 0.266 0.239880059970015
0 0.368 0.1191904047976012 0.268 0.2383808095952024
