0 0.16 0.2839335180055402 0.32 0.3407202216066482
0 0.372 0.29916897506925205 0.264 0.3268698060941828
0 0.615 0.3047091412742382 0.25 0.34349030470914127
0 0.844 0.3185595567867036 0.308 0.3379501385041551
0 0.17 0.5498614958448753 0.244 0.2188365650969529
0 0.382 0.5623268698060941 0.224 0.20498614958448755
0 0.606 0.5734072022160664 0.228 0.21052631578947367
0 0.823 0.5817174515235457 0.25 0.21606648199445982
0 0.196 0.7437673130193906 0.22 0.1745152354570637
0 0.39 0.7506925207756233 0.2 0.17174515235457063
0 0.597 0.7590027700831025 0.202 0.17174515235457063
0 0.792 0.7686980609418282 0.224 0.1745152354570637
