0 0.808 0.472 0.108 0.11733333333333333
0 0.81 0.5853333333333334 0.104 0.12
0 0.813 0.7133333333333334 0.114 0.14133333333333334
0 0.701 0.7186666666666667 0.106 0.13066666666666665
0 0.699 0.592 0.118 0.12266666666666666
0 0.708 0.36 0.108 0.12266666666666666
0 0.7 0.472 0.112 0.12266666666666666
0 0.604 0.36533333333333334 0.104 0.112
0 0.591 0.48 0.114 0.11733333333333333
0 0.589 0.596 0.102 0.11466666666666667
0 0.589 0.7173333333333334 0.106 0.13333333333333333
0 0.482 0.7213333333333334 0.104 0.12533333333333332
0 0.482 0.6 0.108 0.12266666666666666
0 0.482 0.48533333333333334 0.104 0.112
0 0.493 0.364 0.114 0.11466666666666667
0 0.374 0.38 0.108 0.11466666666666667
0 0.372 0.492 0.112 0.12
0 0.371 0.6053333333333333 0.11 0.128
0 0.376 0.7293333333333333 0.096 0.10933333333333334
0 0.257 0.49066666666666664 0.118 0.11733333333333333
0 0.26 0.6106666666666667 0.116 0.11733333333333333
0 0.268 0.732 0.112 0.12533333333333332
