0 0.8633333333333333 0.39 0.2733333333333333 0.16666666666666666
0 0.8666666666666667 0.55 0.26666666666666666 0.14
0 0.8566666666666667 0.68 0.2866666666666667 0.13333333333333333
0 0.8466666666666667 0.8066666666666666 0.29333333333333333 0.12
0 0.8266666666666667 0.93 0.28 0.11333333333333333
0 0.8233333333333334 0.24333333333333335 0.2733333333333333 0.14
0 0.5533333333333333 0.23 0.26666666666666666 0.14
0 0.37666666666666665 0.23333333333333334 0.08666666666666667 0.08
0 0.14 0.21666666666666667 0.18666666666666668 0.1
0 0.5766666666666667 0.38333333333333336 0.31333333333333335 0.18
0 0.5833333333333334 0.54 0.3 0.14666666666666667
0 0.57 0.68 0.3 0.13333333333333333
0 0.5533333333333333 0.8133333333333334 0.29333333333333333 0.12
0 0.5533333333333333 0.9366666666666666 0.28 0.12666666666666668
0 0.25 0.36666666666666664 0.34 0.18666666666666668
0 0.25333333333333335 0.54 0.32 0.16
0 0.26 0.6833333333333333 0.30666666666666664 0.14
0 0.2633333333333333 0.8166666666666667 0.3 0.12666666666666668
0 0.2633333333333333 0.9366666666666666 0.2866666666666667 0.12666666666666668
0 0.056666666666666664 0.9433333333333334 0.11333333333333333 0.11333333333333333
0 0.056666666666666664 0.82 0.11333333333333333 0.12
0 0.05 0.69 0.1 0.12666666666666668
0 0.043333333333333335 0.5466666666666666 0.08666666666666667 0.14666666666666667
0 0.06 0.37 0.12 0.19333333333333333
