0 0.921 0.674924924924925 0.158 0.13063063063063063
0 0.914 0.5472972972972973 0.172 0.12162162162162163
0 0.906 0.42792792792792794 0.188 0.11411411411411411
0 0.898 0.31756756756756754 0.204 0.1066066066066066
0 0.73 0.6854354354354354 0.26 0.13363363363363365
0 0.716 0.5585585585585585 0.244 0.12612612612612611
0 0.797 0.4361861861861862 0.046 0.11261261261261261
0 0.784 0.3228228228228228 0.036 0.10510510510510511
0 0.777 0.23948948948948948 0.03 0.06156156156156156
0 0.594 0.23648648648648649 0.348 0.2747747747747748
0 0.599 0.42567567567567566 0.366 0.25375375375375375
0 0.528 0.6644144144144144 0.168 0.22372372372372373
0 0.317 0.8093093093093093 0.246 0.13513513513513514
0 0.325 0.6764264264264265 0.242 0.13063063063063063
0 0.326 0.5503003003003003 0.232 0.11861861861861862
0 0.322 0.4346846846846847 0.192 0.10960960960960961
0 0.102 0.8078078078078078 0.204 0.13513513513513514
0 0.105 0.6756756756756757 0.21 0.12612612612612611
0 0.111 0.5533033033033034 0.222 0.11861861861861862
0 0.117 0.4369369369369369 0.23 0.1111111111111111
0 0.342 0.3213213213213213 0.152 0.10510510510510511
0 0.347 0.22972972972972974 0.138 0.08108108108108109
0 0.139 0.23273273273273273 0.278 0.26426426426426425
