0 0.333 0.04 0.282 0.08
0 0.589 0.058666666666666666 0.226 0.11733333333333333
0 0.807 0.09866666666666667 0.226 0.15466666666666667
0 0.101 0.13333333333333333 0.202 0.20266666666666666
0 0.343 0.148 0.282 0.18933333333333333
0 0.595 0.17733333333333334 0.226 0.16266666666666665
0 0.814 0.22 0.212 0.14133333333333334
0 0.1 0.31466666666666665 0.2 0.19733333333333333
0 0.102 0.4826666666666667 0.204 0.176
0 0.096 0.6466666666666666 0.192 0.16266666666666665
0 0.1 0.804 0.2 0.17866666666666667
0 0.1 0.936 0.2 0.128
0 0.356 0.9106666666666666 0.268 0.17866666666666667
0 0.351 0.772 0.262 0.168
0 0.369 0.6186666666666667 0.266 0.16533333333333333
0 0.357 0.476 0.266 0.16266666666666665
0 0.357 0.31466666666666665 0.278 0.17066666666666666
0 0.611 0.3293333333333333 0.234 0.14666666666666667
0 0.621 0.4706666666666667 0.238 0.14666666666666667
0 0.62 0.612 0.24 0.15733333333333333
0 0.612 0.7573333333333333 0.264 0.17066666666666666
0 0.613 0.8893333333333333 0.262 0.22133333333333333
0 0.631 0.9786666666666667 0.202 0.042666666666666665
0 0.835 0.3453333333333333 0.214 0.15733333333333333
0 0.841 0.47333333333333333 0.206 0.15733333333333333
0 0.838 0.6013333333333334 0.2 0.14133333333333334
0 0.84 0.74 0.196 0.14666666666666667
0 0.838 0.8693333333333333 0.196 0.144
0 0.823 0.9546666666666667 0.182 0.09066666666666667
0 0.972 0.5106666666666667 0.056 0.088
0 0.971 0.5973333333333334 0.058 0.096
0 0.964 0.72 0.052 0.16
