0 0.089 0.066 0.178 0.132
0 0.179 0.224 0.354 0.184
0 0.293 0.066 0.238 0.132
0 0.536 0.064 0.248 0.128
0 0.553 0.226 0.394 0.196
0 0.813 0.064 0.27 0.128
0 0.967 0.064 0.066 0.128
0 0.873 0.226 0.254 0.2
0 0.101 0.4 0.202 0.172
0 0.302 0.406 0.232 0.18
0 0.534 0.407 0.236 0.174
0 0.767 0.41 0.246 0.176
0 0.934 0.41 0.128 0.18
0 0.206 0.565 0.348 0.17
0 0.133 0.707 0.214 0.174
0 0.335 0.725 0.222 0.162
0 0.191 0.859 0.334 0.178
0 0.02 0.88 0.04 0.24
0 0.534 0.885 0.352 0.166
0 0.547 0.732 0.218 0.168
0 0.561 0.576 0.362 0.168
0 0.867 0.577 0.262 0.162
0 0.771 0.74 0.238 0.172
0 0.937 0.74 0.126 0.172
0 0.855 0.9 0.29 0.16
0 0.13 0.963 0.188 0.074
0 0.32 0.968 0.2 0.06
0 0.524 0.975 0.208 0.05
0 0.729 0.976 0.214 0.044
0 0.917 0.983 0.162 0.034
