0 0.5535553555355536 0.4178989327504179 0.3176031888903176 0.3394625176803395
0 0.4834769191204834 0.12440529767262441 0.36775106082036774 0.24881059534524883
0 0.20155586987270155 0.12408383695512408 0.2500964382152501 0.2455959881702456
0 0.2835283528352835 0.3989327504178989 0.24945351678024943 0.30667352449530666
0 0.2590973383052591 0.6888903176031889 0.2545968882602546 0.31567442458531564
0 0.5201234409155201 0.7432171788607432 0.29574386010029574 0.35489263212035493
0 0.4903304616175903 0.9233412626976982 0.2897518323260897 0.14422656551369423
0 0.22952295229522948 0.8984827054133985 0.24302430243024298 0.19351935193519357
0 0.8381541725601133 0.42123569499807123 0.3146007457888646 0.37571042818567574
0 0.8843384338433843 0.12987012987012989 0.2205220522052205 0.23145171660023145
0 0.7065706570657065 0.15365822296515363 0.1388710299601389 0.23402340234023403
0 0.8301176546226051 0.776970554198277 0.33067378166388073 0.4005400540054005
0 0.8113636363636364 0.9509868844027259 0.33181818181818185 0.08893532210363898
0 0.08448895737031331 0.3854648176682075 0.16897791474062662 0.2768361581920904
0 0.06933744221879815 0.6607601438109912 0.1386748844375963 0.28916281458654336
0 0.07166257166257166 0.9203901953901953 0.14332514332514332 0.1501287001287002
0 0.05323505323505323 0.8301158301158301 0.10530010530010529 0.08424008424008426
