0 0.15 0.15 0.3 0.24444444444444444
0 0.16111111111111112 0.35555555555555557 0.32222222222222224 0.2222222222222222
0 0.1638888888888889 0.55 0.3277777777777778 0.2111111111111111
0 0.16666666666666666 0.7277777777777777 0.3333333333333333 0.16666666666666666
0 0.16111111111111112 0.8722222222222222 0.32222222222222224 0.16666666666666666
0 0.1638888888888889 0.9583333333333334 0.3277777777777778 0.08333333333333333
0 0.6416666666666667 0.12222222222222222 0.7166666666666667 0.24444444444444444
0 0.6555555555555556 0.3416666666666667 0.6888888888888889 0.21666666666666667
0 0.6611111111111111 0.5555555555555556 0.6777777777777778 0.24444444444444444
0 0.6527777777777778 0.7527777777777778 0.65 0.21666666666666667
0 0.6277777777777778 0.8916666666666667 0.6333333333333333 0.21666666666666667
0 0.9694444444444444 0.9361111111111111 0.06111111111111111 0.12777777777777777
0 0.9777777777777777 0.7833333333333333 0.044444444444444446 0.17777777777777778
