0 0.5755555555555556 0.4225 0.4666666666666667 0.2875
0 0.89 0.42125 0.22 0.29
0 0.9011111111111111 0.1375 0.19777777777777777 0.275
0 0.6011111111111112 0.1425 0.4688888888888889 0.285
0 0.20777777777777778 0.138125 0.41555555555555557 0.27625
0 0.19444444444444445 0.410625 0.3888888888888889 0.28625
0 0.19444444444444445 0.605625 0.3888888888888889 0.13125
0 0.5622222222222222 0.620625 0.38666666666666666 0.12875
0 0.8688888888888889 0.62875 0.26222222222222225 0.13
0 0.8544444444444445 0.735 0.2911111111111111 0.1075
0 0.5577777777777778 0.7225 0.3288888888888889 0.1025
0 0.22777777777777777 0.71625 0.3488888888888889 0.115
