0 0.701 0.13466666666666666 0.294 0.248
0 0.403 0.14133333333333334 0.294 0.2773333333333333
0 0.163 0.184 0.23 0.20266666666666666
0 0.098 0.37066666666666664 0.196 0.192
0 0.306 0.37866666666666665 0.236 0.192
0 0.55 0.36533333333333334 0.236 0.208
0 0.797 0.36 0.262 0.208
0 0.793 0.5626666666666666 0.254 0.208
0 0.778 0.7546666666666667 0.244 0.208
0 0.543 0.5586666666666666 0.23 0.2
0 0.545 0.7386666666666667 0.23 0.18133333333333335
0 0.758 0.916 0.22 0.168
0 0.542 0.9026666666666666 0.22 0.17866666666666667
0 0.311 0.56 0.226 0.176
0 0.102 0.5506666666666666 0.204 0.17333333333333334
0 0.109 0.716 0.218 0.17866666666666667
0 0.121 0.864 0.214 0.15466666666666667
0 0.326 0.8826666666666667 0.204 0.16533333333333333
0 0.319 0.7266666666666667 0.218 0.17333333333333334
0 0.547 0.744 0.234 0.18133333333333335
