0 0.131 0.060719640179910044 0.262 0.12143928035982009
0 0.139 0.22788605697151423 0.278 0.22188905547226387
0 0.15 0.43928035982008995 0.3 0.20689655172413793
0 0.153 0.6101949025487257 0.306 0.16491754122938532
0 0.162 0.7023988005997002 0.324 0.23238380809595202
0 0.165 0.8275862068965517 0.33 0.22788605697151423
0 0.185 0.8853073463268366 0.35 0.22638680659670166
0 0.53 0.06596701649175413 0.556 0.13193403298350825
0 0.532 0.2376311844077961 0.54 0.21739130434782608
0 0.556 0.4452773613193403 0.5 0.22488755622188905
0 0.571 0.6544227886056971 0.482 0.21739130434782608
0 0.595 0.8650674662668666 0.462 0.26686656671664166
0 0.91 0.8710644677661169 0.18 0.25487256371814093
0 0.898 0.30059970014992504 0.204 0.21139430284857572
0 0.902 0.5007496251874063 0.196 0.19790104947526238
0 0.905 0.6709145427286357 0.19 0.19640179910044978
