0 0.36140522875816994 0.14870015972405953 0.3761437908496731 0.29740031944811907
0 0.7656666666666667 0.16935976456216337 0.4646666666666666 0.2950376663520092
0 0.7419753086419753 0.41645843744794275 0.45185185185185184 0.237658948303626
0 0.3395061728395062 0.4134969552260907 0.38469135802469134 0.2672737705221463
0 0.43925925925925924 0.6361633997815908 0.5120987654320989 0.2824513669091381
0 0.4338271604938272 0.8412460436448442 0.4775308641975308 0.25061543302422856
0 0.7932166301969364 0.6095420561054266 0.23851203501094084 0.18305945495523568
0 0.7656455142231947 0.7755422070146545 0.21575492341356675 0.18305945495523576
0 0.6483501094091902 0.9191717051758584 0.3847002188183807 0.15865808889865796
0 0.3343544857768052 0.9545008677280615 0.25645514223194743 0.08759296500546218
0 0.9373983739837398 0.7861922697187991 0.1208672086720867 0.22346550302084736
0 0.909 0.9083953957980359 0.178 0.18021070765430294
0 0.5634146341463414 0.026409559447918316 0.4764227642276423 0.05281911889583663
