0 0.252 0.18215892053973012 0.324 0.15742128935532235
0 0.591 0.17616191904047976 0.27 0.15742128935532235
0 0.637 0.3238380809595202 0.282 0.15592203898050974
0 0.437 0.24437781109445278 0.042 0.017991004497751123
0 0.295 0.3410794602698651 0.338 0.18140929535232383
0 0.302 0.5104947526236882 0.324 0.17541229385307347
0 0.242 0.5944527736131934 0.24 0.046476761619190406
0 0.228 0.6446776611694153 0.264 0.09295352323838081
0 0.177 0.8163418290854573 0.342 0.27136431784107945
0 0.482 0.7346326836581709 0.24 0.2098950524737631
0 0.488 0.5877061469265368 0.252 0.16491754122938532
0 0.472 0.44752623688155924 0.016 0.12743628185907047
0 0.53 0.46101949025487254 0.08 0.12443778110944528
0 0.71 0.48050974512743627 0.316 0.1664167916041979
0 0.753 0.5772113943028486 0.234 0.1469265367316342
0 0.916 0.6476761619190404 0.136 0.22488755622188905
0 0.741 0.7376311844077961 0.286 0.22188905547226387
