0 0.8120063191153238 0.17 0.18325434439178515 0.20666666666666667
0 0.7037914691943128 0.37333333333333335 0.15639810426540285 0.2
0 0.882306477093207 0.38666666666666666 0.1911532385466035 0.23333333333333334
0 0.669826224328594 0.5733333333333334 0.10110584518167456 0.2
0 0.7859399684044234 0.5866666666666667 0.12164296998420221 0.22666666666666666
0 0.9218009478672986 0.5983333333333334 0.14375987361769352 0.25666666666666665
0 0.6903633491311216 0.7666666666666667 0.1484992101105845 0.22666666666666666
0 0.8759873617693523 0.82 0.18799368088467613 0.25333333333333335
0 0.6563981042654028 0.91 0.09636650868878358 0.18
0 0.768562401263823 0.93 0.11216429699842022 0.14
0 0.8981042654028436 0.9533333333333334 0.13112164296998421 0.09333333333333334
0 0.48973143759873616 0.20166666666666666 0.1484992101105845 0.17666666666666667
0 0.5853080568720379 0.21666666666666667 0.04265402843601896 0.14666666666666667
0 0.6327014218009479 0.24 0.052132701421800945 0.1
0 0.6761453396524486 0.23666666666666666 0.037914691943127965 0.08666666666666667
0 0.518957345971564 0.375 0.15323854660347552 0.18333333333333332
0 0.5450236966824644 0.5466666666666666 0.12954186413902052 0.18666666666666668
0 0.38941548183254343 0.36666666666666664 0.10900473933649289 0.16
0 0.3688783570300158 0.525 0.061611374407582936 0.15666666666666668
0 0.4368088467614534 0.535 0.07424960505529225 0.17666666666666667
0 0.3941548183254344 0.6833333333333333 0.10268562401263823 0.18
0 0.518957345971564 0.72 0.15323854660347552 0.2
0 0.37282780410742494 0.8216666666666667 0.0631911532385466 0.17
0 0.44075829383886256 0.8533333333333334 0.07266982622432859 0.18
0 0.5442338072669827 0.8766666666666667 0.13744075829383887 0.22
0 0.6097946287519748 0.36833333333333335 0.0315955766192733 0.17
0 0.6192733017377567 0.5216666666666666 0.018957345971563982 0.15
0 0.30252764612954186 0.7783333333333333 0.08372827804107424 0.17
0 0.23380726698262244 0.7616666666666667 0.053712480252764615 0.14333333333333334
0 0.18404423380726698 0.74 0.04897314375987362 0.14
0 0.19510268562401265 0.625 0.07424960505529225 0.13666666666666666
0 0.28751974723538704 0.6433333333333333 0.11374407582938388 0.15333333333333332
0 0.2930489731437599 0.51 0.08372827804107424 0.15333333333333332
0 0.22432859399684044 0.49833333333333335 0.053712480252764615 0.13666666666666666
0 0.27883096366508686 0.36333333333333334 0.11532385466034756 0.14666666666666667
0 0.18562401263823064 0.36 0.07424960505529225 0.13333333333333333
0 0.27014218009478674 0.21833333333333332 0.12954186413902052 0.14333333333333334
0 0.3570300157977883 0.225 0.044233807266982623 0.12333333333333334
0 0.3933649289099526 0.25333333333333335 0.03475513428120063 0.06
0 0.1484992101105845 0.23333333333333334 0.12006319115323855 0.12
0 0.11769352290679305 0.35333333333333333 0.061611374407582936 0.12666666666666668
0 0.07345971563981042 0.24666666666666667 0.03317535545023697 0.1
0 0.02843601895734597 0.24333333333333335 0.05687203791469194 0.10666666666666667
0 0.013428120063191154 0.3466666666666667 0.026856240126382307 0.10666666666666667
0 0.017377567140600316 0.455 0.03475513428120063 0.11
0 0.03949447077409163 0.35333333333333333 0.0315955766192733 0.11333333333333333
0 0.05529225908372828 0.4666666666666667 0.04739336492890995 0.11333333333333333
0 0.11611374407582939 0.4766666666666667 0.07424960505529225 0.12666666666666668
0 0.11137440758293839 0.5916666666666667 0.09636650868878358 0.14333333333333334
0 0.04897314375987362 0.5733333333333334 0.0315955766192733 0.11333333333333333
0 0.12717219589257503 0.7116666666666667 0.07109004739336493 0.13666666666666666
0 0.06714060031595577 0.6833333333333333 0.04897314375987362 0.11333333333333333
0 0.018167456556082148 0.56 0.036334913112164295 0.10666666666666667
0 0.022116903633491312 0.6633333333333333 0.04107424960505529 0.1
0 0.6074249605055292 0.6833333333333333 0.026856240126382307 0.18
0 0.07236848112940489 0.35549132947976875 0.03515692774109891 0.11946050096339117
0 0.17356780577035003 0.4907894736842105 0.04531470857237882 0.13070175438596493
