0 0.502 0.185 0.16 0.174
0 0.418 0.355 0.168 0.17
0 0.583 0.354 0.166 0.168
0 0.338 0.512 0.168 0.184
0 0.503 0.522 0.166 0.168
0 0.668 0.515 0.168 0.182
0 0.261 0.667 0.166 0.194
0 0.426 0.683 0.164 0.17
0 0.59 0.683 0.168 0.17
0 0.755 0.671 0.166 0.194
0 0.184 0.806 0.168 0.172
0 0.348 0.825 0.164 0.13
0 0.513 0.824 0.166 0.132
0 0.675 0.823 0.166 0.134
0 0.836 0.805 0.164 0.166
0 0.858 0.19 0.088 0.08
0 0.855 0.269 0.098 0.086
0 0.855 0.329 0.098 0.062
0 0.761 0.447 0.018 0.054
0 0.785 0.449 0.03 0.082
0 0.859 0.4 0.078 0.1
0 0.86 0.487 0.076 0.074
0 0.961 0.162 0.074 0.104
0 0.958 0.247 0.08 0.078
0 0.955 0.333 0.086 0.098
0 0.955 0.421 0.086 0.102
0 0.947 0.527 0.078 0.138
0 0.991 0.535 0.018 0.19
