0 0.8809523809523809 0.9295454545454546 0.23809523809523808 0.1409090909090909
0 0.4801587301587302 0.9318181818181818 0.5952380952380952 0.13636363636363635
0 0.0992063492063492 0.9318181818181818 0.1984126984126984 0.13636363636363635
0 0.8333333333333334 0.7113636363636363 0.3333333333333333 0.29545454545454547
0 0.43253968253968256 0.7136363636363636 0.5476190476190477 0.3
0 0.0873015873015873 0.7159090909090909 0.1746031746031746 0.29545454545454547
0 0.8571428571428571 0.45227272727272727 0.2857142857142857 0.22272727272727272
0 0.5079365079365079 0.44772727272727275 0.47619047619047616 0.22272727272727272
0 0.14285714285714285 0.45 0.2857142857142857 0.22727272727272727
0 0.8134920634920635 0.25 0.373015873015873 0.18181818181818182
0 0.43253968253968256 0.24545454545454545 0.42063492063492064 0.18181818181818182
0 0.12301587301587301 0.24772727272727274 0.24603174603174602 0.17727272727272728
0 0.7936507936507936 0.07954545454545454 0.4126984126984127 0.1590909090909091
0 0.40476190476190477 0.07954545454545454 0.38095238095238093 0.1590909090909091
0 0.11507936507936507 0.07954545454545454 0.23015873015873015 0.1590909090909091
