0 0.58 0.17365269461077845 0.268 0.21157684630738524
0 0.288 0.16467065868263472 0.264 0.2055888223552894
0 0.227 0.36227544910179643 0.214 0.20159680638722555
0 0.441 0.3712574850299401 0.214 0.20758483033932135
0 0.685 0.38223552894211577 0.29 0.21357285429141717
0 0.669 0.5768463073852296 0.274 0.1996007984031936
0 0.433 0.5588822355289421 0.21 0.19161676646706588
0 0.229 0.5518962075848304 0.206 0.18962075848303392
0 0.649 0.7534930139720559 0.266 0.18163672654690619
0 0.221 0.7275449101796407 0.198 0.16966067864271456
0 0.428 0.7345309381237525 0.2 0.17564870259481039
0 0.643 0.9151696606786427 0.254 0.16966067864271456
0 0.426 0.8972055888223552 0.184 0.16167664670658682
0 0.234 0.8852295409181636 0.188 0.1536926147704591
0 0.228 0.9780439121756487 0.164 0.043912175648702596
0 0.8087150259067357 0.6711964671692884 0.09743005181347143 0.6536150496933595
