0 0.531 0.6261261261261262 0.298 0.47147147147147145
0 0.776 0.3588588588588589 0.212 0.2132132132132132
0 0.781 0.2222222222222222 0.202 0.10810810810810811
0 0.782 0.4984984984984985 0.2 0.17417417417417416
0 0.834 0.14864864864864866 0.332 0.2972972972972973
0 0.938 0.3048048048048048 0.124 0.0990990990990991
0 0.936 0.38738738738738737 0.128 0.09009009009009009
0 0.475 0.06156156156156156 0.282 0.12312312312312312
0 0.581 0.13663663663663664 0.202 0.2732732732732733
0 0.574 0.32882882882882886 0.188 0.12312312312312312
0 0.349 0.45645645645645644 0.09 0.12012012012012012
0 0.386 0.3333333333333333 0.188 0.13213213213213212
0 0.392 0.13513513513513514 0.172 0.2702702702702703
0 0.268 0.9099099099099099 0.096 0.11411411411411411
0 0.202 0.8723723723723724 0.084 0.11711711711711711
0 0.284 0.8348348348348348 0.08 0.12012012012012012
0 0.343 0.8393393393393394 0.054 0.13513513513513514
0 0.197 0.93993993993994 0.046 0.06606606606606606
0 0.155 0.14714714714714713 0.31 0.29429429429429427
0 0.125 0.3483483483483483 0.25 0.14414414414414414
0 0.133 0.3918918918918919 0.266 0.23123123123123124
0 0.157 0.539039039039039 0.314 0.5255255255255256
0 0.831 0.7072072072072072 0.338 0.35135135135135137
