0 0.086 0.0993485342019544 0.168 0.1986970684039088
0 0.252 0.11563517915309446 0.16 0.2247557003257329
0 0.396 0.1270358306188925 0.124 0.247557003257329
0 0.404 0.017915309446254073 0.12 0.035830618892508145
0 0.13 0.32084690553745926 0.256 0.30944625407166126
0 0.36 0.3485342019543974 0.2 0.247557003257329
0 0.535 0.36807817589576547 0.154 0.20846905537459284
0 0.089 0.6286644951140065 0.178 0.30618892508143325
0 0.252 0.6091205211726385 0.156 0.2671009771986971
0 0.398 0.5863192182410424 0.128 0.23452768729641693
0 0.513 0.5749185667752443 0.098 0.21172638436482086
0 0.606 0.5667752442996743 0.088 0.18892508143322476
0 0.684 0.5570032573289903 0.068 0.16938110749185667
0 0.13 0.8648208469055375 0.26 0.2703583061889251
0 0.362 0.8355048859934854 0.2 0.2964169381107492
0 0.533 0.7768729641693811 0.142 0.23127035830618892
0 0.661 0.7345276872964169 0.11 0.1986970684039088
0 0.288 0.9788273615635179 0.108 0.04234527687296417
0 0.405 0.9478827361563518 0.126 0.09771986970684039
0 0.518 0.9283387622149837 0.1 0.13680781758957655
0 0.607 0.9120521172638436 0.082 0.1758957654723127
0 0.684 0.8908794788273615 0.068 0.1986970684039088
0 0.482 0.11726384364820847 0.044 0.1498371335504886
0 0.552 0.09609120521172639 0.096 0.15960912052117263
0 0.699 0.09120521172638436 0.198 0.1758957654723127
0 0.833 0.12214983713355049 0.07 0.16612377850162866
0 0.48 0.2280130293159609 0.044 0.0781758957654723
0 0.553 0.2280130293159609 0.094 0.11726384364820847
0 0.697 0.24104234527687296 0.194 0.1758957654723127
0 0.83 0.25895765472312704 0.072 0.15309446254071662
0 0.705 0.3957654723127036 0.182 0.15309446254071662
0 0.828 0.3973941368078176 0.068 0.14332247557003258
0 0.891 0.15960912052117263 0.05 0.14332247557003258
0 0.94 0.18566775244299674 0.044 0.13029315960912052
0 0.891 0.28338762214983715 0.054 0.13680781758957655
0 0.942 0.2996742671009772 0.044 0.11726384364820847
0 0.891 0.40716612377850164 0.054 0.1237785016286645
0 0.943 0.41368078175895767 0.046 0.11726384364820847
0 0.756 0.5553745928338762 0.076 0.15960912052117263
0 0.829 0.5439739413680782 0.066 0.1498371335504886
0 0.881 0.5358306188925082 0.042 0.1270358306188925
0 0.918 0.5293159609120521 0.032 0.11400651465798045
0 0.95 0.5276872964169381 0.032 0.10423452768729642
0 0.756 0.7068403908794788 0.08 0.16286644951140064
0 0.83 0.6791530944625407 0.068 0.15960912052117263
0 0.891 0.6547231270358306 0.054 0.13680781758957655
0 0.941 0.6368078175895765 0.046 0.12052117263843648
0 0.745 0.8534201954397395 0.058 0.16938110749185667
0 0.798 0.8289902280130294 0.052 0.16612377850162866
0 0.842 0.8013029315960912 0.04 0.14332247557003258
0 0.882 0.7801302931596091 0.04 0.14006514657980457
0 0.919 0.760586319218241 0.034 0.14006514657980457
0 0.95 0.741042345276873 0.032 0.11400651465798045
0 0.685 0.9771986970684039 0.066 0.04560260586319218
0 0.758 0.9495114006514658 0.08 0.10097719869706841
0 0.833 0.9267100977198697 0.066 0.1465798045602606
0 0.892 0.8973941368078175 0.052 0.15309446254071662
0 0.941 0.8599348534201955 0.042 0.13680781758957655
0 0.875 0.9739413680781759 0.05 0.04560260586319218
0 0.917 0.9625407166123778 0.03 0.0749185667752443
0 0.948 0.9511400651465798 0.032 0.09771986970684039
0 0.981 0.252442996742671 0.034 0.08794788273615635
0 0.983 0.34527687296416937 0.034 0.08469055374592833
0 0.983 0.43322475570032576 0.034 0.08469055374592833
0 0.983 0.5162866449511401 0.03 0.08143322475570032
0 0.982 0.6058631921824105 0.032 0.08469055374592833
0 0.983 0.6921824104234527 0.034 0.08794788273615635
0 0.982 0.7785016286644951 0.036 0.0781758957654723
0 0.982 0.8713355048859935 0.036 0.10749185667752444
0 0.975 0.9560260586319218 0.018 0.08143322475570032
0 0.992 0.9495114006514658 0.016 0.09446254071661238
