0 0.756 0.6880222841225627 0.188 0.22841225626740946
0 0.907 0.6977715877437326 0.134 0.23676880222841226
0 0.595 0.6796657381615598 0.138 0.22841225626740946
0 0.437 0.6782729805013927 0.186 0.23676880222841226
0 0.28 0.6671309192200557 0.144 0.22562674094707522
0 0.12 0.6643454038997214 0.188 0.23119777158774374
0 0.04 0.7910863509749304 0.08 0.2618384401114206
0 0.129 0.8885793871866295 0.146 0.22284122562674094
0 0.033 0.9498607242339833 0.066 0.10027855153203342
0 0.267 0.8899721448467967 0.15 0.2200557103064067
0 0.436 0.8927576601671309 0.192 0.20334261838440112
0 0.599 0.8941504178272981 0.138 0.20055710306406685
0 0.761 0.8955431754874652 0.19 0.20334261838440112
0 0.914 0.903899721448468 0.132 0.19220055710306408
0 0.903 0.47493036211699163 0.138 0.22562674094707522
0 0.751 0.4623955431754875 0.182 0.22284122562674094
0 0.596 0.4623955431754875 0.132 0.22841225626740946
0 0.444 0.45264623955431754 0.184 0.2200557103064067
0 0.289 0.45125348189415043 0.142 0.22284122562674094
0 0.133 0.4387186629526462 0.194 0.22562674094707522
0 0.027 0.4331476323119777 0.05 0.23676880222841226
0 0.018 0.6044568245125348 0.036 0.12813370473537605
0 0.278 0.233983286908078 0.18 0.2116991643454039
0 0.124 0.22701949860724233 0.144 0.21448467966573817
0 0.034 0.2200557103064067 0.068 0.22841225626740946
0 0.425 0.2395543175487465 0.134 0.2116991643454039
0 0.576 0.25069637883008355 0.172 0.21727019498607242
0 0.727 0.25487465181058494 0.13 0.20891364902506965
0 0.878 0.26323119777158777 0.176 0.21448467966573817
0 0.872 0.07938718662952646 0.168 0.15877437325905291
0 0.725 0.07799442896935933 0.126 0.15598885793871867
0 0.581 0.07381615598885793 0.17 0.14206128133704735
0 0.434 0.07242339832869081 0.132 0.1392757660167131
0 0.286 0.06824512534818941 0.184 0.1309192200557103
0 0.133 0.06545961002785515 0.134 0.1309192200557103
0 0.038 0.057103064066852366 0.076 0.11420612813370473
0 0.985 0.6044568245125348 0.03 0.1392757660167131
0 0.987 0.7367688022284122 0.026 0.12534818941504178
0 0.987 0.8649025069637883 0.026 0.13649025069637882
0 0.983 0.4832869080779944 0.034 0.10306406685236769
0 0.982 0.37047353760445684 0.036 0.12813370473537605
