0 0.646 0.4026946107784431 0.072 0.11077844311377245
0 0.719 0.39820359281437123 0.074 0.10179640718562874
0 0.801 0.3967065868263473 0.09 0.09880239520958084
0 0.883 0.39820359281437123 0.074 0.10179640718562874
0 0.953 0.33682634730538924 0.066 0.0748502994011976
0 0.932 0.26047904191616766 0.016 0.07784431137724551
0 0.971 0.26047904191616766 0.054 0.07784431137724551
0 0.956 0.17964071856287425 0.064 0.08383233532934131
0 0.869 0.0718562874251497 0.11 0.11377245508982035
0 0.89 0.18263473053892215 0.072 0.10179640718562874
0 0.805 0.18413173652694612 0.098 0.11077844311377245
0 0.874 0.29191616766467066 0.112 0.11077844311377245
0 0.767 0.2964071856287425 0.106 0.10778443113772455
0 0.659 0.2949101796407186 0.102 0.11077844311377245
0 0.555 0.3023952095808383 0.114 0.10179640718562874
0 0.572 0.4041916167664671 0.08 0.10179640718562874
0 0.497 0.40718562874251496 0.074 0.10179640718562874
0 0.552 0.5089820359281437 0.1 0.11377245508982035
0 0.664 0.5029940119760479 0.104 0.10778443113772455
0 0.414 0.4086826347305389 0.092 0.09880239520958084
0 0.336 0.40718562874251496 0.072 0.10179640718562874
0 0.447 0.30389221556886226 0.102 0.11077844311377245
0 0.718 0.18712574850299402 0.076 0.11077844311377245
0 0.645 0.19760479041916168 0.082 0.11377245508982035
0 0.765 0.07784431137724551 0.106 0.11377245508982035
0 0.655 0.08532934131736528 0.11 0.11077844311377245
0 0.931 0.4176646706586826 0.03 0.08682634730538923
0 0.973 0.4161676646706587 0.05 0.08383233532934131
0 0.951 0.5 0.07 0.08383233532934131
0 0.949 0.6152694610778443 0.102 0.15269461077844312
0 0.874 0.6362275449101796 0.108 0.11077844311377245
0 0.768 0.6362275449101796 0.108 0.10479041916167664
0 0.72 0.7410179640718563 0.072 0.10479041916167664
0 0.802 0.7425149700598802 0.096 0.10778443113772455
0 0.889 0.7410179640718563 0.074 0.09880239520958084
0 0.962 0.7440119760479041 0.068 0.09880239520958084
0 0.873 0.842814371257485 0.106 0.10479041916167664
0 0.963 0.842814371257485 0.074 0.11077844311377245
0 0.767 0.842814371257485 0.102 0.11077844311377245
0 0.667 0.842814371257485 0.102 0.10479041916167664
0 0.652 0.9401197604790419 0.076 0.09580838323353294
0 0.723 0.9416167664670658 0.07 0.09281437125748503
0 0.804 0.9401197604790419 0.096 0.09580838323353294
0 0.889 0.9446107784431138 0.074 0.10479041916167664
0 0.961 0.9476047904191617 0.078 0.10479041916167664
0 0.651 0.7395209580838323 0.074 0.09580838323353294
0 0.664 0.6377245508982036 0.104 0.10778443113772455
0 0.561 0.6392215568862275 0.102 0.10479041916167664
0 0.578 0.7395209580838323 0.068 0.10179640718562874
0 0.508 0.7380239520958084 0.068 0.09880239520958084
0 0.421 0.7365269461077845 0.094 0.09580838323353294
0 0.461 0.6377245508982036 0.102 0.10778443113772455
0 0.344 0.7380239520958084 0.072 0.09880239520958084
0 0.359 0.6407185628742516 0.102 0.10778443113772455
0 0.254 0.6392215568862275 0.104 0.10479041916167664
0 0.153 0.6377245508982036 0.098 0.10179640718562874
0 0.766 0.5 0.104 0.10179640718562874
0 0.867 0.5 0.102 0.10778443113772455
0 0.943 0.07934131736526946 0.042 0.08083832335329341
0 0.564 0.20209580838323354 0.076 0.10479041916167664
0 0.485 0.20059880239520958 0.074 0.10179640718562874
0 0.408 0.20059880239520958 0.08 0.09580838323353294
0 0.549 0.09281437125748503 0.102 0.11377245508982035
0 0.445 0.09580838323353294 0.102 0.10778443113772455
0 0.559 0.8383233532934131 0.102 0.10179640718562874
0 0.459 0.8338323353293413 0.098 0.09880239520958084
0 0.505 0.9311377245508982 0.07 0.10179640718562874
0 0.577 0.938622754491018 0.074 0.09880239520958084
0 0.426 0.9356287425149701 0.092 0.09880239520958084
0 0.348 0.9326347305389222 0.072 0.09281437125748503
0 0.362 0.8368263473053892 0.104 0.11077844311377245
0 0.275 0.9356287425149701 0.074 0.09281437125748503
0 0.451 0.5104790419161677 0.098 0.10479041916167664
0 0.347 0.30389221556886226 0.102 0.11077844311377245
0 0.266 0.4101796407185629 0.072 0.09580838323353294
0 0.195 0.4086826347305389 0.07 0.09880239520958084
0 0.121 0.4101796407185629 0.086 0.10179640718562874
0 0.154 0.5134730538922155 0.096 0.11077844311377245
0 0.251 0.5119760479041916 0.102 0.10179640718562874
0 0.355 0.5089820359281437 0.098 0.10778443113772455
0 0.449 0.5104790419161677 0.102 0.10479041916167664
0 0.552 0.5119760479041916 0.1 0.10778443113772455
0 0.205 0.9341317365269461 0.07 0.09580838323353294
0 0.127 0.9281437125748503 0.086 0.09580838323353294
0 0.049 0.9311377245508982 0.074 0.09580838323353294
0 0.064 0.8323353293413174 0.096 0.10179640718562874
0 0.161 0.8368263473053892 0.102 0.10479041916167664
0 0.258 0.8413173652694611 0.104 0.10778443113772455
0 0.27 0.7395209580838323 0.076 0.09580838323353294
0 0.198 0.7365269461077845 0.068 0.09580838323353294
0 0.123 0.7350299401197605 0.086 0.09880239520958084
0 0.047 0.7335329341317365 0.07 0.09580838323353294
0 0.061 0.5149700598802395 0.098 0.10778443113772455
0 0.058 0.6377245508982036 0.096 0.10179640718562874
0 0.044 0.4101796407185629 0.068 0.10778443113772455
0 0.057 0.312874251497006 0.098 0.10479041916167664
0 0.152 0.3068862275449102 0.104 0.10479041916167664
0 0.248 0.30988023952095806 0.104 0.10479041916167664
0 0.193 0.20658682634730538 0.07 0.10179640718562874
0 0.264 0.20359281437125748 0.072 0.10778443113772455
0 0.332 0.20059880239520958 0.072 0.10179640718562874
0 0.346 0.10179640718562874 0.1 0.10778443113772455
0 0.245 0.10179640718562874 0.102 0.10179640718562874
0 0.115 0.20658682634730538 0.082 0.10179640718562874
0 0.15 0.10329341317365269 0.1 0.10479041916167664
0 0.041 0.20808383233532934 0.066 0.10479041916167664
0 0.054 0.10778443113772455 0.096 0.10179640718562874
