0 0.06588235294117648 0.24363636363636362 0.13176470588235295 0.17454545454545456
0 0.23294117647058823 0.26 0.23058823529411765 0.13818181818181818
0 0.2164705882352941 0.14636363636363636 0.2211764705882353 0.09272727272727273
0 0.052941176470588235 0.09272727272727273 0.10588235294117647 0.13090909090909092
0 0.3270588235294118 0.3809090909090909 0.2164705882352941 0.1290909090909091
0 0.1423529411764706 0.38545454545454544 0.18588235294117647 0.11636363636363636
0 0.024705882352941175 0.3836363636363636 0.04941176470588235 0.12
0 0.44588235294117645 0.24272727272727274 0.2376470588235294 0.1509090909090909
0 0.5105882352941177 0.37545454545454543 0.19294117647058823 0.13272727272727272
0 0.36941176470588233 0.16 0.11764705882352941 0.08363636363636363
0 0.49529411764705883 0.18 0.12470588235294118 0.04
0 0.6270588235294118 0.24727272727272728 0.14352941176470588 0.09454545454545454
0 0.6670588235294118 0.29818181818181816 0.058823529411764705 0.007272727272727273
0 0.6047058823529412 0.30727272727272725 0.07058823529411765 0.025454545454545455
0 0.7058823529411765 0.33181818181818185 0.21176470588235294 0.08545454545454545
0 0.711764705882353 0.41818181818181815 0.21411764705882352 0.11636363636363636
0 0.03058823529411765 0.5036363636363637 0.0611764705882353 0.11272727272727273
0 0.03411764705882353 0.6272727272727273 0.06823529411764706 0.13090909090909092
0 0.1388235294117647 0.5036363636363637 0.16941176470588235 0.12363636363636364
0 0.15176470588235294 0.6245454545454545 0.17647058823529413 0.13272727272727272
0 0.29411764705882354 0.49818181818181817 0.15058823529411763 0.10909090909090909
0 0.3070588235294118 0.6090909090909091 0.14823529411764705 0.12
0 0.3035294117647059 0.7209090909090909 0.15058823529411763 0.12545454545454546
0 0.15176470588235294 0.7445454545454545 0.1623529411764706 0.13636363636363635
0 0.036470588235294116 0.7572727272727273 0.07294117647058823 0.14
0 0.04588235294117647 0.8845454545454545 0.09176470588235294 0.1509090909090909
0 0.17529411764705882 0.860909090909091 0.17647058823529413 0.15454545454545454
0 0.33294117647058824 0.8309090909090909 0.14823529411764705 0.14909090909090908
0 0.4611764705882353 0.7836363636363637 0.16470588235294117 0.14909090909090908
0 0.6188235294117647 0.7754545454545455 0.15529411764705883 0.1
0 0.45294117647058824 0.6627272727272727 0.15294117647058825 0.13636363636363635
0 0.7847058823529411 0.7436363636363637 0.1952941176470588 0.13090909090909092
0 0.6094117647058823 0.6981818181818182 0.15529411764705883 0.09454545454545454
0 0.5988235294117648 0.6072727272727273 0.15294117647058825 0.12
0 0.7658823529411765 0.6327272727272727 0.1952941176470588 0.11636363636363636
0 0.7552941176470588 0.5227272727272727 0.1976470588235294 0.11090909090909092
0 0.5882352941176471 0.5 0.14588235294117646 0.10909090909090909
0 0.44941176470588234 0.5609090909090909 0.16 0.08545454545454545
0 0.44 0.4827272727272727 0.16470588235294117 0.08181818181818182
