0 0.1440318302387268 0.10248372317337835 0.28594164456233423 0.20354898651044695
0 0.0610079575596817 0.33546575128725226 0.11883289124668434 0.27801812791670805
0 0.3169761273209549 0.323763457637697 0.40159151193633946 0.288656576689031
0 0.4010610079575597 0.0925545043192102 0.2068965517241379 0.1851090086384204
0 0.16419098143236072 0.5989446658817855 0.32838196286472143 0.27021659881700455
0 0.07957559681697612 0.8464659073178343 0.15915119363395225 0.23475510290926116
0 0.246684350132626 0.8418559128498275 0.19204244031830237 0.2411381721726549
0 0.16949602122015914 0.9639179279138711 0.3389920424403183 0.06681655058937006
0 0.5326259946949601 0.8542674364175379 0.3915119363395225 0.25461354061759756
0 0.4262599469496021 0.6021362005134824 0.19363395225464194 0.27376274840777876
0 0.7499248120300751 0.09227614490772386 0.4592481203007519 0.18455228981544772
0 0.6369924812030076 0.3206545776205219 0.20511278195488716 0.3003498049937678
0 0.8690225563909774 0.3089944111615938 0.2180451127819548 0.3067830002814523
0 0.7557894736842105 0.6004985726347956 0.42827067669172936 0.2842668167745567
0 0.8266165413533834 0.857022234731213 0.1993984962406015 0.23038880624019953
0 0.741203007518797 0.969693619074424 0.3912781954887217 0.05526516826826435
0 0.4334370179948586 0.9822147835530567 0.1851259640102828 0.030222839310999096
