0 0.914 0.2331334332833583 0.172 0.16041979010494753
0 0.908 0.391304347826087 0.184 0.15592203898050974
0 0.897 0.5434782608695652 0.174 0.15442278860569716
0 0.75 0.23088455772113944 0.176 0.1619190404797601
0 0.739 0.3905547226386807 0.17 0.15742128935532235
0 0.908 0.7203898050974513 0.184 0.21139430284857572
0 0.925 0.9077961019490255 0.15 0.16941529235382308
0 0.766 0.7166416791604198 0.22 0.20689655172413793
0 0.767 0.8988005997001499 0.194 0.17841079460269865
0 0.736 0.54047976011994 0.16 0.1454272863568216
0 0.581 0.8958020989505248 0.186 0.16941529235382308
0 0.577 0.7188905547226386 0.186 0.19640179910044978
0 0.567 0.5524737631184408 0.198 0.18440779610194902
0 0.575 0.38980509745127434 0.166 0.15292353823088456
0 0.581 0.23238380809595202 0.166 0.1619190404797601
0 0.417 0.22938530734632684 0.162 0.16491754122938532
0 0.247 0.22863568215892055 0.182 0.1634182908545727
0 0.406 0.3875562218890555 0.16 0.15142428785607195
0 0.408 0.5344827586206896 0.144 0.1424287856071964
0 0.394 0.7061469265367316 0.18 0.20089955022488756
0 0.399 0.8883058470764618 0.182 0.16941529235382308
0 0.23 0.7031484257871065 0.216 0.19790104947526238
0 0.215 0.8860569715142429 0.19 0.17091454272863568
0 0.252 0.5322338830584707 0.168 0.14992503748125938
0 0.249 0.383808095952024 0.166 0.15292353823088456
0 0.074 0.12968515742128936 0.148 0.1454272863568216
0 0.08 0.2391304347826087 0.16 0.13043478260869565
0 0.084 0.34257871064467765 0.168 0.12143928035982009
0 0.087 0.4490254872563718 0.174 0.11244377811094453
0 0.072 0.5644677661169415 0.144 0.13943028485757122
0 0.077 0.6776611694152923 0.15 0.14992503748125938
0 0.06 0.8380809595202399 0.12 0.191904047976012
