0 0.812 0.4947526236881559 0.324 0.27886056971514245
0 0.796 0.7068965517241379 0.292 0.17541229385307347
0 0.783 0.8500749625187406 0.266 0.15592203898050974
0 0.534 0.8268365817091454 0.232 0.14842578710644677
0 0.502 0.5217391304347826 0.296 0.19790104947526238
0 0.236 0.4947526236881559 0.296 0.22788605697151423
0 0.279 0.6776611694152923 0.27 0.1619190404797601
0 0.31 0.8088455772113943 0.244 0.13943028485757122
0 0.604 0.29160419790104947 0.348 0.27436281859070466
0 0.301 0.29310344827586204 0.378 0.2623688155922039
0 0.517030303030303 0.6905638090045887 0.2623376623376623 0.15966042952549694
