0 0.288 0.24015748031496062 0.296 0.12710911136107986
0 0.616 0.1968503937007874 0.212 0.15748031496062992
0 0.711 0.34533183352080987 0.182 0.13948256467941508
0 0.532 0.3447694038245219 0.184 0.14510686164229472
0 0.772 0.4701912260967379 0.228 0.1124859392575928
0 0.56 0.47131608548931386 0.228 0.11023622047244094
0 0.758 0.5742407199100112 0.22 0.09111361079865017
0 0.549 0.5742407199100112 0.218 0.09336332958380203
0 0.743 0.6642294713160855 0.21 0.08886389201349831
0 0.541 0.6670416197975253 0.214 0.0922384701912261
0 0.731 0.7514060742407199 0.206 0.08548931383577053
0 0.534 0.7553430821147357 0.204 0.09111361079865017
0 0.717 0.8346456692913385 0.19 0.08098987626546682
0 0.524 0.8397075365579303 0.2 0.08661417322834646
0 0.319 0.686726659167604 0.154 0.17885264341957255
0 0.311 0.8515185601799775 0.15 0.1484814398200225
0 0.922 0.21316085489313835 0.088 0.0798650168728909
0 0.412 0.11304836895388076 0.076 0.09786276715410573
0 0.333 0.11023622047244094 0.082 0.09898762654668167
0 0.253 0.10742407199100112 0.082 0.10011248593925759
0 0.171 0.10517435320584927 0.082 0.10011248593925759
0 0.09 0.10067491563554555 0.084 0.10236220472440945
0 0.082 0.2109111361079865 0.08 0.09336332958380203
0 0.21 0.6107986501687289 0.092 0.03374578177727784
0 0.214 0.6901012373453318 0.072 0.12485939257592801
0 0.415 0.6754780652418447 0.054 0.1608548931383577
