0 0.6322916666666667 0.1984375 0.2604166666666667 0.196875
0 0.9 0.21328125 0.2 0.2046875
0 0.7947916666666667 0.19375 0.11458333333333333 0.171875
0 0.03958333333333333 0.04296875 0.075 0.0859375
0 0.103125 0.0421875 0.06041666666666667 0.084375
0 0.178125 0.04609375 0.10208333333333333 0.0921875
0 0.26145833333333335 0.0484375 0.06875 0.096875
0 0.38229166666666664 0.04140625 0.17291666666666666 0.0828125
0 0.5010416666666667 0.04453125 0.07291666666666667 0.0890625
0 0.5739583333333333 0.046875 0.08125 0.09375
0 0.6552083333333333 0.01640625 0.08125 0.0328125
0 0.7322916666666667 0.02109375 0.07708333333333334 0.0421875
0 0.3125 0.09140625 0.03333333333333333 0.0203125
0 0.3802083333333333 0.13828125 0.10625 0.1234375
0 0.46458333333333335 0.1421875 0.07083333333333333 0.121875
0 0.4239583333333333 0.25390625 0.06875 0.1078125
0 0.4791666666666667 0.25703125 0.04583333333333333 0.1046875
0 0.41458333333333336 0.34375 0.04583333333333333 0.071875
0 0.45729166666666665 0.3421875 0.03958333333333333 0.071875
0 0.42604166666666665 0.44921875 0.06458333333333334 0.0890625
0 0.4 0.5359375 0.029166666666666667 0.084375
0 0.434375 0.53125 0.04375 0.084375
0 0.56875 0.36640625 0.19166666666666668 0.1703125
0 0.75 0.37109375 0.21666666666666667 0.1921875
0 0.9114583333333334 0.39609375 0.17708333333333334 0.1796875
0 0.5739583333333333 0.5078125 0.23125 0.159375
0 0.7239583333333334 0.49765625 0.08541666666666667 0.0796875
0 0.871875 0.54609375 0.25625 0.1671875
0 0.5052083333333334 0.6140625 0.16458333333333333 0.165625
0 0.6645833333333333 0.62890625 0.17916666666666667 0.1921875
0 0.8427083333333333 0.6796875 0.20625 0.153125
0 0.521875 0.74765625 0.18958333333333333 0.1359375
0 0.6479166666666667 0.73203125 0.07083333333333333 0.0484375
0 0.7770833333333333 0.78203125 0.225 0.1609375
0 0.11875 0.16171875 0.19583333333333333 0.1421875
0 0.3020833333333333 0.1671875 0.1875 0.14375
0 0.1625 0.29296875 0.22083333333333333 0.1421875
0 0.328125 0.2953125 0.12708333333333333 0.115625
0 0.3177083333333333 0.4078125 0.16041666666666668 0.1125
0 0.14895833333333333 0.40078125 0.18125 0.1484375
0 0.20416666666666666 0.5203125 0.17916666666666667 0.115625
0 0.34479166666666666 0.50546875 0.11041666666666666 0.1015625
0 0.16770833333333332 0.60625 0.15625 0.140625
0 0.31666666666666665 0.60234375 0.14583333333333334 0.1109375
0 0.071875 0.4609375 0.03958333333333333 0.103125
0 0.084375 0.55625 0.03958333333333333 0.125
0 0.1 0.4921875 0.029166666666666667 0.1
0 0.03854166666666667 0.2671875 0.04375 0.11875
0 0.6322916666666667 0.0625 0.052083333333333336 0.075
0 0.6833333333333333 0.0671875 0.05416666666666667 0.071875
0 0.7291666666666666 0.07265625 0.05416666666666667 0.0703125
0 0.015625 0.15546875 0.03125 0.1078125
