0 0.226 0.168 0.24 0.276
0 0.061 0.187 0.122 0.27
0 0.069 0.447 0.138 0.254
0 0.238 0.435 0.232 0.278
0 0.455 0.156 0.234 0.284
0 0.683 0.143 0.246 0.286
0 0.9 0.135 0.2 0.27
0 0.46 0.426 0.236 0.288
0 0.688 0.419 0.236 0.282
0 0.911 0.415 0.178 0.29
0 0.914 0.689 0.172 0.274
0 0.078 0.698 0.156 0.244
0 0.255 0.703 0.242 0.262
0 0.473 0.696 0.242 0.268
0 0.699 0.691 0.234 0.274
0 0.921 0.913 0.158 0.174
0 0.702 0.912 0.232 0.176
0 0.481 0.912 0.222 0.176
0 0.274 0.917 0.216 0.166
0 0.092 0.91 0.184 0.18
