0 0.165 0.13866666666666666 0.246 0.16
0 0.404 0.14933333333333335 0.232 0.15466666666666667
0 0.347 0.2946666666666667 0.114 0.14666666666666667
0 0.462 0.296 0.112 0.144
0 0.231 0.2906666666666667 0.122 0.144
0 0.106 0.288 0.128 0.144
0 0.169 0.43466666666666665 0.242 0.144
0 0.404 0.43733333333333335 0.224 0.13866666666666666
0 0.432 0.572 0.248 0.2
0 0.243 0.5746666666666667 0.13 0.136
0 0.117 0.5773333333333334 0.122 0.136
0 0.247 0.7613333333333333 0.15 0.24266666666666667
0 0.099 0.7706666666666667 0.154 0.25066666666666665
0 0.387 0.7706666666666667 0.15 0.19733333333333333
0 0.517 0.768 0.154 0.20266666666666666
0 0.458 0.9293333333333333 0.264 0.14133333333333334
0 0.178 0.936 0.288 0.128
0 0.728 0.5693333333333334 0.292 0.17333333333333334
0 0.708 0.712 0.272 0.208
0 0.633 0.404 0.21 0.13066666666666665
0 0.619 0.2693333333333333 0.198 0.13866666666666666
0 0.631 0.136 0.222 0.16
0 0.795 0.144 0.102 0.13866666666666666
0 0.778 0.27466666666666667 0.124 0.13333333333333333
0 0.614 0.04133333333333333 0.208 0.08266666666666667
0 0.774 0.04133333333333333 0.116 0.08266666666666667
0 0.784 0.904 0.304 0.192
0 0.813 0.432 0.134 0.14933333333333335
0 0.936 0.44533333333333336 0.128 0.16
0 0.951 0.272 0.098 0.18133333333333335
0 0.844 0.2866666666666667 0.132 0.152
0 0.944 0.10666666666666667 0.112 0.208
0 0.903 0.06 0.15 0.12
0 0.9 0.752 0.092 0.18666666666666668
0 0.929 0.592 0.126 0.17066666666666666
0 0.617 0.8613333333333333 0.058 0.18666666666666668
0 0.625 0.54 0.174 0.136
0 0.564 0.644 0.028 0.08266666666666667
0 0.623 0.9466666666666667 0.07 0.10666666666666667
