0 0.2222222222222222 0.08238276299112801 0.29444444444444445 0.09378960709759189
0 0.5263888888888889 0.08301647655259822 0.2972222222222222 0.09252217997465145
0 0.8263888888888888 0.08238276299112801 0.2972222222222222 0.09378960709759189
0 0.8138888888888889 0.17490494296577946 0.29444444444444445 0.08618504435994931
0 0.5180555555555556 0.1761723700887199 0.2916666666666667 0.09125475285171103
0 0.225 0.17680608365019013 0.28888888888888886 0.08998732572877059
0 0.23055555555555557 0.26996197718631176 0.3 0.09125475285171103
0 0.5277777777777778 0.26869455006337134 0.29444444444444445 0.09125475285171103
0 0.8152777777777778 0.26679340937896073 0.2972222222222222 0.08998732572877059
0 0.8180555555555555 0.35551330798479086 0.2916666666666667 0.08998732572877059
0 0.5222222222222223 0.35868187579214195 0.29444444444444445 0.08871989860583017
0 0.8166666666666667 0.44550063371356147 0.29444444444444445 0.08745247148288973
0 0.8180555555555555 0.5392902408111534 0.2916666666666667 0.08745247148288973
0 0.8152777777777778 0.629277566539924 0.2861111111111111 0.08745247148288973
0 0.8180555555555555 0.7192648922686945 0.2861111111111111 0.08998732572877059
0 0.8194444444444444 0.8092522179974652 0.28888888888888886 0.08491761723700887
0 0.8222222222222222 0.8948035487959443 0.28888888888888886 0.08871989860583017
0 0.5291666666666667 0.8992395437262357 0.2972222222222222 0.09252217997465145
0 0.5291666666666667 0.8111533586818758 0.2972222222222222 0.08618504435994931
0 0.23333333333333334 0.9049429657794676 0.28888888888888886 0.09378960709759189
0 0.23333333333333334 0.8149556400506971 0.28888888888888886 0.09125475285171103
0 0.22777777777777777 0.7211660329531052 0.3 0.09378960709759189
0 0.525 0.7217997465145755 0.29444444444444445 0.09252217997465145
0 0.22361111111111112 0.6330798479087453 0.2972222222222222 0.09252217997465145
0 0.5222222222222223 0.6286438529784537 0.29444444444444445 0.08618504435994931
0 0.22361111111111112 0.5392902408111534 0.2972222222222222 0.08745247148288973
0 0.5236111111111111 0.5399239543726235 0.2916666666666667 0.08618504435994931
0 0.5263888888888889 0.44740177439797213 0.2861111111111111 0.08618504435994931
0 0.23472222222222222 0.4480354879594423 0.2916666666666667 0.08745247148288973
0 0.22916666666666666 0.3574144486692015 0.2972222222222222 0.08618504435994931
