0 0.726 0.8235735735735735 0.548 0.20270270270270271
0 0.722 0.6471471471471472 0.556 0.17117117117117117
0 0.727 0.49774774774774777 0.546 0.14564564564564564
0 0.728 0.3686186186186186 0.544 0.12762762762762764
0 0.718 0.25675675675675674 0.52 0.11411411411411411
0 0.719 0.1629129129129129 0.49 0.1066066066066066
0 0.681 0.11786786786786786 0.454 0.19369369369369369
0 0.222 0.8513513513513513 0.444 0.1891891891891892
0 0.222 0.668918918918919 0.444 0.16366366366366367
0 0.224 0.5195195195195195 0.448 0.14414414414414414
0 0.217 0.3888888888888889 0.434 0.13813813813813813
0 0.226 0.28003003003003 0.452 0.12762762762762764
0 0.221 0.17642642642642642 0.442 0.12462462462462462
0 0.227 0.08558558558558559 0.454 0.10510510510510511
