0 0.8266533066132264 0.18850267379679145 0.3466933867735471 0.3770053475935829
0 0.8266533066132264 0.5441176470588235 0.3466933867735471 0.3449197860962567
0 0.8226452905811623 0.8475935828877005 0.35470941883767537 0.2620320855614973
0 0.375751503006012 0.20454545454545456 0.503006012024048 0.3877005347593583
0 0.40480961923847697 0.553475935828877 0.44488977955911824 0.3422459893048128
0 0.4228456913827655 0.8475935828877005 0.3927855711422846 0.2620320855614973
0 0.4348697394789579 0.9786096256684492 0.3486973947895792 0.0427807486631016
0 0.09018036072144289 0.196524064171123 0.1683366733466934 0.3716577540106952
0 0.11523046092184369 0.5454545454545454 0.218436873747495 0.31016042780748665
0 0.1312625250501002 0.8235294117647058 0.2545090180360721 0.24598930481283424
0 0.1342685370741483 0.9652406417112299 0.25250501002004005 0.06951871657754011
