0 0.688295165394402 0.2507142857142857 0.3893129770992366 0.22142857142857142
0 0.30661577608142493 0.24714285714285714 0.3791348600508906 0.22857142857142856
0 0.3333333333333333 0.11928571428571429 0.2900763358778626 0.041428571428571426
0 0.5025445292620865 0.12285714285714286 0.043256997455470736 0.04857142857142857
0 0.7201017811704835 0.12071428571428572 0.09669211195928754 0.041428571428571426
0 0.8180661577608143 0.4521428571428571 0.3638676844783715 0.21
0 0.4860050890585242 0.4514285714285714 0.361323155216285 0.18857142857142858
0 0.15267175572519084 0.43642857142857144 0.3053435114503817 0.21
0 0.06743002544529263 0.30142857142857143 0.13486005089058525 0.07142857142857142
0 0.7938931297709924 0.6335714285714286 0.3511450381679389 0.16714285714285715
0 0.7659033078880407 0.7907142857142857 0.3460559796437659 0.16428571428571428
0 0.455470737913486 0.7857142857142857 0.3104325699745547 0.15714285714285714
0 0.46564885496183206 0.6271428571428571 0.33587786259541985 0.16857142857142857
0 0.14885496183206107 0.7842857142857143 0.29770992366412213 0.15428571428571428
0 0.15012722646310434 0.6271428571428571 0.30025445292620867 0.16857142857142857
