0 0.23 0.24666666666666667 0.14 0.22133333333333333
0 0.359 0.256 0.134 0.22933333333333333
0 0.494 0.26666666666666666 0.132 0.25066666666666665
0 0.623 0.25866666666666666 0.126 0.224
0 0.75 0.2866666666666667 0.128 0.23733333333333334
0 0.767 0.5386666666666666 0.154 0.288
0 0.618 0.5146666666666667 0.152 0.2773333333333333
0 0.478 0.512 0.14 0.272
0 0.335 0.49333333333333335 0.154 0.26666666666666666
0 0.195 0.49866666666666665 0.166 0.2773333333333333
0 0.177 0.7933333333333333 0.17 0.328
0 0.327 0.7906666666666666 0.166 0.32266666666666666
0 0.483 0.808 0.158 0.33066666666666666
0 0.641 0.8066666666666666 0.158 0.344
