0 0.234 0.13466666666666666 0.468 0.2693333333333333
0 0.647 0.36133333333333334 0.366 0.296
0 0.252 0.508 0.504 0.408
0 0.145 0.9173333333333333 0.222 0.112
0 0.356 0.9053333333333333 0.212 0.12533333333333332
0 0.585 0.696 0.222 0.2613333333333333
0 0.855 0.5253333333333333 0.21 0.16
0 0.845 0.628 0.31 0.20533333333333334
0 0.72 0.7026666666666667 0.084 0.17333333333333334
0 0.877 0.772 0.246 0.14666666666666667
0 0.712 0.792 0.084 0.18133333333333335
0 0.709 0.8733333333333333 0.078 0.17333333333333334
0 0.806 0.9493333333333334 0.116 0.10133333333333333
0 0.809 0.876 0.118 0.168
