0 0.07987117552334944 0.3032017524771148 0.1578099838969404 0.3239954930776187
0 0.18937198067632852 0.3090046568307438 0.3046698872785829 0.32979839743124767
0 0.1565217391304348 0.5817411614513064 0.31175523349436396 0.2427548321268128
0 0.0371 0.7782282282282281 0.07339999999999999 0.24774774774774766
0 0.1579 0.7932432432432431 0.23140000000000002 0.22012012012012017
0 0.1174 0.9321321321321321 0.2348 0.1297297297297297
0 0.1434827945776851 0.14545306516109435 0.15557872784150156 0.11492201273223172
0 0.13117831074035452 0.06669860684459224 0.17851929092805005 0.13214465769210296
0 0.3770594369134515 0.12729100320341197 0.34911366006256517 0.2533294504097424
0 0.37350054525627047 0.29506060040411186 0.32519083969465645 0.2908033442384587
0 0.3870535714285714 0.5282067782067781 0.18794642857142854 0.20779708279708284
0 0.35758928571428567 0.7132132132132132 0.196875 0.2024345774345774
0 0.3136160714285714 0.8874477155727155 0.19285714285714287 0.2190985628485629
0 0.32011160714285714 0.9693935006435005 0.16022321428571423 0.05520699270699283
0 0.4565848214285714 0.8489516302016301 0.14575892857142855 0.18768768768768768
0 0.4553571428571428 0.9496661840411839 0.1290178571428571 0.0941790004290005
0 0.5616071428571427 0.9382708601458601 0.11160714285714284 0.11696964821964814
0 0.5733258928571427 0.8266637172887172 0.13816964285714284 0.1672431359931359
0 0.5021205357142857 0.6840545903045903 0.1390625 0.16623766623766625
0 0.5224330357142857 0.519492706992707 0.1354910714285714 0.1783033033033033
0 0.5712053571428571 0.3478925353925354 0.11964285714285716 0.18165486915486917
0 0.5924107142857142 0.16539977477477477 0.1352678571428571 0.2161759974259974
0 0.5510044642857143 0.045413717288717285 0.2453125 0.09082743457743457
0 0.6965401785714285 0.19640175890175887 0.13950892857142855 0.21047833547833542
0 0.66640625 0.3621366902616902 0.12611607142857145 0.18333065208065208
0 0.6364955357142856 0.5186548155298155 0.1435267857142858 0.16657282282282282
0 0.609375 0.6745026276276276 0.12678571428571433 0.14579311454311453
0 0.7328 0.07102102102102102 0.154 0.14084084084084084
0 0.8132999999999999 0.2301801801801802 0.155 0.1960960960960961
0 0.7765 0.38093093093093094 0.14540000000000008 0.17087087087087088
0 0.7581 0.5268768768768768 0.149 0.16966966966966968
0 0.7222999999999999 0.671021021021021 0.14419999999999994 0.163063063063063
0 0.7074000000000001 0.8063063063063063 0.16560000000000002 0.1645645645645645
0 0.6708999999999999 0.9234234234234234 0.14979999999999996 0.14714714714714713
0 0.7684000000000001 0.9024024024024024 0.08360000000000002 0.16276276276276289
0 0.8281000000000001 0.8854354354354355 0.07979999999999995 0.13843843843843834
0 0.8294 0.7723723723723723 0.106 0.13213213213213212
0 0.814 0.6490990990990991 0.08679999999999996 0.15765765765765766
0 0.8751 0.6539039039039038 0.08220000000000005 0.12582582582582577
0 0.8861 0.5342342342342342 0.113 0.12612612612612611
0 0.8663 0.39864864864864863 0.08939999999999998 0.14804804804804808
0 0.926 0.40825825825825823 0.08120000000000005 0.12462462462462458
0 0.9242999999999999 0.2608108108108108 0.14739999999999998 0.1774774774774775
0 0.8985 0.1484984984984985 0.12379999999999995 0.10480480480480482
0 0.8487 0.05210210210210211 0.12619999999999992 0.103003003003003
0 0.8190999999999999 0.12342342342342343 0.061399999999999975 0.08348348348348349
0 0.9492999999999999 0.06906906906906907 0.09739999999999997 0.13813813813813813
0 0.9725 0.17717717717717718 0.051 0.0960960960960961
0 0.91126582278481 0.8288668415250693 0.11822784810126587 0.21629224160869734
0 0.968240506329114 0.8291329303987531 0.05951898734177223 0.1807883833200288
0 0.939379746835443 0.6519177405253354 0.11724050632911394 0.22503516174402252
0 0.9630506329113924 0.4612840688790055 0.06989873417721526 0.22161401908237352
0 0.020897615708274895 0.03580017605263047 0.04179523141654979 0.07075799502166964
0 0.03422159887798037 0.09708165388389793 0.06788218793828892 0.08381452981733487
