0 0.16 0.08713355048859935 0.32 0.1742671009771987
0 0.497 0.08469055374592833 0.378 0.16938110749185667
0 0.826 0.15472312703583063 0.348 0.06188925081433225
0 0.171 0.30293159609120524 0.342 0.30618892508143325
0 0.433 0.3241042345276873 0.506 0.3289902280130293
0 0.122 0.5268729641693811 0.244 0.1970684039087948
0 0.423 0.5700325732899023 0.398 0.2247557003257329
0 0.817 0.3265472312703583 0.366 0.34364820846905536
0 0.819 0.5781758957654723 0.362 0.22149837133550487
0 0.03 0.6742671009771987 0.06 0.14006514657980457
0 0.248 0.7092833876221498 0.46 0.20358306188925082
0 0.736 0.7231270358306189 0.5 0.28338762214983715
0 0.054 0.7988599348534202 0.108 0.13843648208469056
0 0.285 0.8338762214983714 0.402 0.18892508143322476
0 0.706 0.9096091205211726 0.456 0.18078175895765472
0 0.031 0.9047231270358306 0.062 0.07654723127035831
0 0.16 0.9226384364820847 0.264 0.13192182410423453
0 0.424 0.9511400651465798 0.276 0.09771986970684039
0 0.732 0.9780130293159609 0.308 0.043973941368078175
0 0.041 0.9690553745928339 0.082 0.06188925081433225
0 0.178 0.9763843648208469 0.224 0.04723127035830619
