0 0.14570858283433133 0.3317757009345794 0.2874251497005988 0.42679127725856697
0 0.11277445109780439 0.11370716510903427 0.12574850299401197 0.040498442367601244
0 0.2125748502994012 0.06853582554517133 0.08582834331337326 0.11214953271028037
0 0.40119760479041916 0.06230529595015576 0.31137724550898205 0.11838006230529595
0 0.6357285429141717 0.0264797507788162 0.16167664670658682 0.04672897196261682
0 0.18363273453093812 0.3629283489096573 0.3313373253493014 0.48909657320872274
0 0.3972055888223553 0.3146417445482866 0.17564870259481039 0.3987538940809969
0 0.17065868263473055 0.7585669781931464 0.25349301397205587 0.4392523364485981
0 0.038922155688622756 0.6900311526479751 0.07385229540918163 0.35202492211838005
0 0.020958083832335328 0.883177570093458 0.041916167664670656 0.2336448598130841
0 0.04590818363273453 0.8956386292834891 0.059880239520958084 0.20249221183800623
0 0.08782435129740519 0.9283489096573209 0.05189620758483034 0.13707165109034267
0 0.24550898203592814 0.9345794392523364 0.2754491017964072 0.1308411214953271
0 0.43912175648702595 0.897196261682243 0.13572854291417166 0.205607476635514
0 0.38622754491017963 0.6822429906542056 0.23353293413173654 0.42990654205607476
0 0.5359281437125748 0.2118380062305296 0.2694610778443114 0.3052959501557632
0 0.5888223552894212 0.4750778816199377 0.22355289421157684 0.3333333333333333
0 0.5988023952095808 0.6635514018691588 0.20758483033932135 0.21806853582554517
0 0.6027944111776448 0.778816199376947 0.21956087824351297 0.23052959501557632
0 0.6067864271457086 0.8878504672897196 0.2155688622754491 0.22429906542056074
0 0.6457085828343313 0.9439252336448598 0.14570858283433133 0.1059190031152648
0 0.6916167664670658 0.16043613707165108 0.2694610778443114 0.29595015576323985
0 0.8662674650698603 0.13395638629283488 0.13972055888223553 0.2616822429906542
0 0.9451097804391217 0.11682242990654206 0.10978043912175649 0.2336448598130841
0 0.7485029940119761 0.411214953271028 0.15169660678642716 0.27414330218068533
0 0.8772455089820359 0.367601246105919 0.10578842315369262 0.2616822429906542
0 0.9640718562874252 0.3302180685358255 0.0718562874251497 0.2367601246105919
0 0.783433133732535 0.6246105919003115 0.1656686626746507 0.2897196261682243
0 0.9261477045908184 0.5482866043613707 0.1277445109780439 0.2616822429906542
0 0.7744510978043913 0.8411214953271028 0.12375249500998003 0.27414330218068533
0 0.8792415169660679 0.7679127725856698 0.09381237524950099 0.24610591900311526
0 0.9630738522954092 0.7149532710280374 0.07385229540918163 0.22741433021806853
0 0.7944111776447106 0.9376947040498442 0.15169660678642716 0.12461059190031153
0 0.9251497005988024 0.8956386292834891 0.11776447105788423 0.2087227414330218
0 0.9920159680638723 0.8691588785046729 0.015968063872255488 0.1806853582554517
