0 0.211 0.036 0.062 0.072
0 0.367 0.034666666666666665 0.266 0.06933333333333333
0 0.14 0.2866666666666667 0.28 0.424
0 0.086 0.03866666666666667 0.172 0.07733333333333334
0 0.157 0.6493333333333333 0.314 0.408
0 0.026 0.7666666666666667 0.052 0.31733333333333336
0 0.034 0.952 0.068 0.096
0 0.192 0.8866666666666667 0.292 0.22666666666666666
0 0.508 0.9773333333333334 0.104 0.04533333333333334
0 0.444 0.848 0.224 0.304
0 0.417 0.5786666666666667 0.25 0.3626666666666667
0 0.638 0.5413333333333333 0.208 0.3253333333333333
0 0.651 0.808 0.194 0.32
0 0.658 0.9506666666666667 0.184 0.09866666666666667
0 0.387 0.252 0.266 0.36533333333333334
0 0.627 0.24266666666666667 0.222 0.33066666666666666
0 0.609 0.037333333333333336 0.214 0.07466666666666667
0 0.776 0.07466666666666667 0.128 0.14933333333333335
0 0.889 0.07466666666666667 0.11 0.14933333333333335
0 0.783 0.24533333333333332 0.098 0.208
0 0.892 0.24133333333333334 0.108 0.20533333333333334
0 0.973 0.24933333333333332 0.054 0.184
0 0.973 0.07466666666666667 0.054 0.14933333333333335
0 0.971 0.43066666666666664 0.058 0.184
0 0.893 0.44133333333333336 0.098 0.19466666666666665
0 0.79 0.45866666666666667 0.104 0.208
0 0.789 0.6573333333333333 0.098 0.216
0 0.887 0.6253333333333333 0.11 0.19466666666666665
0 0.966 0.6013333333333334 0.068 0.18933333333333333
0 0.959 0.7693333333333333 0.082 0.184
0 0.876 0.7986666666666666 0.112 0.2
0 0.789 0.8386666666666667 0.082 0.20533333333333334
0 0.963 0.8893333333333333 0.074 0.07733333333333334
