0 0.8666666666666667 0.5931818181818181 0.26666666666666666 0.18636363636363637
0 0.9 0.40454545454545454 0.2 0.19090909090909092
0 0.8575757575757575 0.21363636363636362 0.28484848484848485 0.2
0 0.9 0.056818181818181816 0.2 0.11363636363636363
0 0.6909090909090909 0.06136363636363636 0.23030303030303031 0.12272727272727273
0 0.4303030303030303 0.06363636363636363 0.2909090909090909 0.12727272727272726
0 0.14242424242424243 0.0659090909090909 0.28484848484848485 0.1318181818181818
0 0.5696969696969697 0.22045454545454546 0.2909090909090909 0.20454545454545456
0 0.3212121212121212 0.22727272727272727 0.23030303030303031 0.2
0 0.10909090909090909 0.2318181818181818 0.21818181818181817 0.20909090909090908
0 0.693939393939394 0.4113636363636364 0.22424242424242424 0.19545454545454546
0 0.45151515151515154 0.4159090909090909 0.28484848484848485 0.18636363636363637
0 0.1696969696969697 0.42272727272727273 0.2909090909090909 0.19090909090909092
0 0.5909090909090909 0.6 0.28484848484848485 0.19090909090909092
0 0.3424242424242424 0.6068181818181818 0.21212121212121213 0.18636363636363637
0 0.13333333333333333 0.6136363636363636 0.21818181818181817 0.19090909090909092
0 0.7 0.7795454545454545 0.21212121212121213 0.18636363636363637
0 0.9030303030303031 0.775 0.19393939393939394 0.19545454545454546
0 0.4636363636363636 0.7886363636363637 0.28484848484848485 0.18636363636363637
0 0.18484848484848485 0.7954545454545454 0.28484848484848485 0.19090909090909092
0 0.8757575757575757 0.9340909090909091 0.24848484848484848 0.1318181818181818
0 0.6090909090909091 0.9386363636363636 0.28484848484848485 0.12272727272727273
0 0.36666666666666664 0.9409090909090909 0.2 0.11818181818181818
0 0.16363636363636364 0.9431818181818182 0.21818181818181817 0.11363636363636363
