0 0.21252566735112938 0.043076923076923075 0.162217659137577 0.08615384615384615
0 0.3839835728952772 0.04692307692307692 0.15195071868583163 0.09384615384615384
0 0.526694045174538 0.04846153846153846 0.1540041067761807 0.09384615384615384
0 0.6652977412731006 0.05615384615384615 0.1437371663244353 0.09692307692307692
0 0.8603696098562629 0.07461538461538461 0.2792607802874743 0.1
0 0.23819301848049282 0.13153846153846155 0.23408624229979466 0.10923076923076923
0 0.4024640657084189 0.1376923076923077 0.053388090349075976 0.09076923076923077
0 0.5369609856262834 0.14692307692307693 0.21971252566735114 0.13076923076923078
0 0.7546201232032854 0.16 0.25667351129363447 0.12923076923076923
0 0.9342915811088296 0.1723076923076923 0.13141683778234087 0.11692307692307692
0 0.24229979466119098 0.19923076923076924 0.3203285420944558 0.05384615384615385
0 0.24537987679671458 0.24 0.3921971252566735 0.03076923076923077
0 0.29055441478439425 0.3676923076923077 0.5277207392197125 0.2523076923076923
0 0.23100616016427106 0.5684615384615385 0.32238193018480493 0.19846153846153847
0 0.5338809034907598 0.5484615384615384 0.28336755646817247 0.18615384615384614
0 0.30184804928131415 0.7053846153846154 0.406570841889117 0.16153846153846155
0 0.648870636550308 0.34 0.4517453798767967 0.25846153846153846
0 0.8028747433264887 0.33384615384615385 0.3942505133470226 0.24615384615384617
0 0.8798767967145791 0.24384615384615385 0.2402464065708419 0.05076923076923077
0 0.7997946611909651 0.5346153846153846 0.26899383983572894 0.15538461538461537
0 0.9486652977412731 0.5223076923076924 0.1026694045174538 0.13076923076923078
0 0.6529774127310062 0.68 0.2546201232032854 0.15076923076923077
0 0.8706365503080082 0.6569230769230769 0.23408624229979466 0.15384615384615385
0 0.9743326488706365 0.6476923076923077 0.0513347022587269 0.12923076923076923
0 0.28336755646817247 0.8353846153846154 0.2587268993839836 0.16
0 0.5308008213552361 0.8123076923076923 0.24845995893223818 0.1476923076923077
0 0.7484599589322382 0.7923076923076923 0.21149897330595482 0.13846153846153847
0 0.9158110882956879 0.7692307692307693 0.16837782340862423 0.12
0 0.9404517453798767 0.8584615384615385 0.11909650924024641 0.1076923076923077
0 0.8069815195071869 0.8846153846153846 0.20123203285420946 0.12615384615384614
0 0.6078028747433265 0.9161538461538462 0.23819301848049282 0.14
0 0.3193018480492813 0.8915384615384615 0.3593429158110883 0.21384615384615385
0 0.023613963039014373 0.04 0.04722792607802875 0.08
0 0.029774127310061602 0.13 0.055441478439425054 0.1123076923076923
0 0.018480492813141684 0.23692307692307693 0.03696098562628337 0.10153846153846154
0 0.017453798767967144 0.3261538461538461 0.03490759753593429 0.08307692307692308
0 0.03182751540041068 0.4084615384615385 0.06365503080082136 0.0876923076923077
0 0.03593429158110883 0.48384615384615387 0.07186858316221766 0.07230769230769231
0 0.04209445585215606 0.5561538461538461 0.08418891170431211 0.08153846153846153
