0 0.793 0.9656917885264342 0.354 0.0686164229471316
0 0.431 0.9420697412823397 0.254 0.11586051743532058
0 0.209 0.9302587176602924 0.23 0.13948256467941508
0 0.881 0.8830146231721034 0.238 0.1484814398200225
0 0.651 0.8683914510686164 0.246 0.14173228346456693
0 0.339 0.8633295838020247 0.378 0.11586051743532058
0 0.818 0.7609673790776152 0.36 0.11586051743532058
0 0.489 0.7530933633295838 0.242 0.12485939257592801
0 0.226 0.7514060742407199 0.22 0.12373453318335208
0 0.885 0.6602924634420697 0.23 0.13048368953880765
0 0.649 0.6366704161979753 0.246 0.15523059617547807
0 0.808 0.5388076490438695 0.384 0.12598425196850394
0 0.861 0.4156355455568054 0.25 0.12710911136107986
0 0.586 0.4128233970753656 0.252 0.12823397075365578
0 0.284 0.6422947131608548 0.348 0.12148481439820022
0 0.445 0.5281214848143982 0.282 0.11586051743532058
0 0.204 0.5281214848143982 0.212 0.11361079865016872
0 0.296 0.4145106861642295 0.34 0.11586051743532058
0 0.771 0.297525309336333 0.382 0.12260967379077616
0 0.432 0.2958380202474691 0.236 0.1327334083239595
0 0.196 0.2992125984251969 0.244 0.1372328458942632
0 0.842 0.1704161979752531 0.248 0.13835770528683913
0 0.586 0.1766029246344207 0.244 0.12823397075365578
0 0.308 0.18953880764904388 0.324 0.10911136107986502
0 0.794 0.06355455568053993 0.364 0.12710911136107986
0 0.244 0.07480314960629922 0.248 0.14960629921259844
0 0.463 0.07086614173228346 0.242 0.14173228346456693
0 0.065 0.05961754780652419 0.13 0.11923509561304838
0 0.064 0.1625421822272216 0.128 0.1361079865016873
0 0.047 0.2750281214848144 0.094 0.10011248593925759
0 0.044 0.38076490438695165 0.088 0.11361079865016872
0 0.065 0.4904386951631046 0.13 0.10573678290213723
0 0.055 0.5989876265466817 0.11 0.11586051743532058
0 0.054 0.7019122609673791 0.108 0.10798650168728909
