0 0.065 0.052 0.13 0.104
0 0.184 0.057 0.112 0.114
0 0.065 0.166 0.13 0.152
0 0.185 0.178 0.114 0.148
0 0.018 0.304 0.036 0.144
0 0.125 0.308 0.174 0.144
0 0.233 0.317 0.042 0.134
0 0.022 0.448 0.044 0.144
0 0.13 0.448 0.172 0.136
0 0.01 0.588 0.02 0.14
0 0.097 0.583 0.142 0.142
0 0.212 0.576 0.092 0.132
0 0.015 0.725 0.03 0.134
0 0.098 0.714 0.14 0.144
0 0.217 0.703 0.078 0.134
0 0.029 0.854 0.058 0.14
0 0.142 0.84 0.164 0.152
0 0.235 0.825 0.022 0.126
0 0.03 0.958 0.06 0.084
0 0.233 0.943 0.022 0.114
0 0.145 0.944 0.162 0.112
0 0.255 0.166 0.03 0.132
0 0.248 0.057 0.028 0.114
0 0.268 0.05 0.02 0.1
0 0.31 0.033 0.084 0.066
0 0.276 0.158 0.028 0.136
0 0.299 0.125 0.054 0.178
0 0.346 0.09 0.052 0.18
0 0.258 0.289 0.032 0.126
0 0.285 0.282 0.026 0.136
0 0.308 0.271 0.04 0.15
0 0.348 0.247 0.052 0.17
0 0.399 0.081 0.058 0.162
0 0.574 0.069 0.296 0.138
0 0.401 0.233 0.058 0.19
0 0.576 0.216 0.296 0.22
0 0.27 0.407 0.036 0.118
0 0.273 0.523 0.034 0.13
0 0.235 0.445 0.042 0.13
0 0.273 0.642 0.034 0.128
0 0.265 0.754 0.038 0.14
0 0.269 0.876 0.054 0.168
0 0.264 0.952 0.044 0.096
0 0.303 0.919 0.034 0.162
0 0.3 0.981 0.028 0.038
0 0.352 0.957 0.076 0.086
0 0.293 0.774 0.018 0.136
0 0.293 0.662 0.018 0.12
0 0.309 0.545 0.042 0.158
0 0.308 0.408 0.044 0.128
0 0.364 0.411 0.076 0.174
0 0.528 0.423 0.252 0.206
0 0.364 0.574 0.076 0.184
0 0.317 0.687 0.03 0.158
0 0.315 0.819 0.026 0.134
0 0.344 0.865 0.052 0.198
0 0.351 0.716 0.046 0.176
0 0.399 0.753 0.058 0.194
0 0.388 0.899 0.044 0.19
0 0.56 0.933 0.284 0.134
0 0.567 0.802 0.282 0.236
0 0.523 0.611 0.254 0.226
0 0.795 0.92 0.186 0.16
0 0.797 0.779 0.186 0.21
0 0.94 0.752 0.104 0.176
0 0.938 0.907 0.108 0.186
0 0.743 0.606 0.198 0.2
0 0.749 0.422 0.198 0.196
0 0.812 0.228 0.188 0.196
0 0.814 0.073 0.188 0.146
0 0.921 0.414 0.158 0.176
0 0.951 0.227 0.098 0.202
0 0.92 0.589 0.16 0.182
