0 0.801 0.24133333333333334 0.21 0.3333333333333333
0 0.911 0.22933333333333333 0.046 0.288
0 0.945 0.22533333333333333 0.074 0.2693333333333333
0 0.785 0.5413333333333333 0.186 0.30933333333333335
0 0.894 0.5013333333333333 0.052 0.2773333333333333
0 0.931 0.476 0.062 0.2693333333333333
0 0.777 0.8 0.182 0.30933333333333335
0 0.883 0.748 0.046 0.27466666666666667
0 0.915 0.6946666666666667 0.046 0.232
0 0.65 0.23466666666666666 0.12 0.304
0 0.639 0.5093333333333333 0.114 0.272
0 0.632 0.7453333333333333 0.112 0.27466666666666667
0 0.545 0.22266666666666668 0.122 0.2693333333333333
0 0.54 0.4746666666666667 0.104 0.25066666666666665
0 0.534 0.696 0.084 0.256
0 0.443 0.22266666666666668 0.082 0.248
0 0.449 0.448 0.082 0.23466666666666666
0 0.457 0.6573333333333333 0.07 0.22133333333333333
0 0.373 0.21866666666666668 0.07 0.22933333333333333
0 0.378 0.428 0.068 0.22133333333333333
0 0.385 0.62 0.082 0.20533333333333334
0 0.301 0.21733333333333332 0.074 0.216
0 0.31 0.41333333333333333 0.072 0.20266666666666666
0 0.312 0.5946666666666667 0.068 0.19733333333333333
0 0.245 0.212 0.066 0.2
0 0.248 0.4 0.068 0.192
0 0.254 0.572 0.06 0.18933333333333333
0 0.194 0.20666666666666667 0.076 0.18933333333333333
0 0.201 0.38266666666666665 0.062 0.17866666666666667
0 0.206 0.5506666666666666 0.052 0.17866666666666667
0 0.142 0.20266666666666666 0.052 0.176
0 0.156 0.372 0.048 0.17333333333333334
0 0.164 0.5253333333333333 0.048 0.176
0 0.108 0.19866666666666666 0.048 0.168
0 0.119 0.356 0.05 0.16266666666666665
0 0.126 0.5066666666666667 0.044 0.16533333333333333
0 0.072 0.19733333333333333 0.052 0.16
0 0.081 0.34933333333333333 0.046 0.14933333333333335
0 0.093 0.49066666666666664 0.038 0.144
0 0.034 0.19466666666666665 0.052 0.15466666666666667
0 0.049 0.3466666666666667 0.046 0.14933333333333335
0 0.065 0.48 0.042 0.13866666666666666
