0 0.095 0.053973013493253376 0.19 0.10794602698650675
0 0.276 0.04572713643178411 0.22 0.08845577211394302
0 0.483 0.03673163418290855 0.218 0.0734632683658171
0 0.738 0.023238380809595203 0.264 0.046476761619190406
0 0.894 0.24962518740629686 0.212 0.4752623688155922
0 0.672 0.2623688155922039 0.224 0.4587706146926537
0 0.482 0.27361319340329837 0.244 0.4362818590704648
0 0.307 0.2901049475262369 0.282 0.41529235382308843
0 0.145 0.2938530734632684 0.29 0.4047976011994003
0 0.069 0.3320839580209895 0.138 0.328335832083958
0 0.063 0.6146926536731634 0.126 0.2368815592203898
0 0.121 0.6169415292353823 0.23 0.2353823088455772
0 0.254 0.6221889055472264 0.224 0.25487256371814093
0 0.397 0.6221889055472264 0.206 0.2638680659670165
0 0.541 0.6251874062968515 0.186 0.27586206896551724
0 0.694 0.6304347826086957 0.176 0.280359820089955
0 0.878 0.6356821589205397 0.192 0.2848575712143928
0 0.969 0.636431784107946 0.062 0.29535232383808097
0 0.956 0.8898050974512743 0.088 0.21139430284857572
0 0.955 0.9887556221889056 0.09 0.022488755622188907
0 0.842 0.9812593703148426 0.144 0.037481259370314844
0 0.866 0.876311844077961 0.172 0.20539730134932535
0 0.709 0.9692653673163418 0.13 0.06146926536731634
0 0.705 0.8665667166416792 0.138 0.191904047976012
0 0.588 0.9677661169415293 0.116 0.06146926536731634
0 0.574 0.8493253373313343 0.148 0.19640179910044978
0 0.447 0.8418290854572713 0.162 0.1904047976011994
0 0.475 0.9685157421289355 0.122 0.06296851574212893
0 0.371 0.9557721139430285 0.118 0.07946026986506746
0 0.334 0.8380809595202399 0.164 0.1889055472263868
0 0.225 0.8298350824587706 0.182 0.1934032983508246
0 0.108 0.8178410794602698 0.188 0.16941529235382308
0 0.169 0.9490254872563718 0.13 0.10194902548725637
0 0.273 0.952023988005997 0.13 0.08995502248875563
