0 0.138 0.2042042042042042 0.12 0.27627627627627627
0 0.252 0.1981981981981982 0.12 0.2822822822822823
0 0.374 0.19369369369369369 0.12 0.27927927927927926
0 0.491 0.19369369369369369 0.118 0.2852852852852853
0 0.607 0.18768768768768768 0.118 0.27927927927927926
0 0.727 0.18618618618618618 0.118 0.2702702702702703
0 0.843 0.1906906906906907 0.122 0.27927927927927926
0 0.131 0.4894894894894895 0.122 0.29429429429429427
0 0.248 0.484984984984985 0.124 0.2972972972972973
0 0.372 0.4864864864864865 0.12 0.29429429429429427
0 0.497 0.4804804804804805 0.122 0.29429429429429427
0 0.618 0.4744744744744745 0.128 0.29429429429429427
0 0.739 0.47297297297297297 0.126 0.2912912912912913
0 0.858 0.47597597597597596 0.12 0.2912912912912913
0 0.125 0.7912912912912913 0.122 0.3033033033033033
0 0.248 0.7897897897897898 0.128 0.3063063063063063
0 0.376 0.7942942942942943 0.124 0.30930930930930933
0 0.541 0.7297297297297297 0.202 0.1981981981981982
0 0.738 0.7222222222222222 0.196 0.19519519519519518
0 0.894 0.8003003003003003 0.116 0.33933933933933935
0 0.541 0.9129129129129129 0.206 0.17417417417417416
0 0.743 0.9039039039039038 0.198 0.1921921921921922
