0 0.432 0.3973333333333333 0.208 0.3413333333333333
0 0.551 0.19866666666666666 0.23 0.2906666666666667
0 0.635 0.3973333333333333 0.198 0.32
0 0.624 0.6413333333333333 0.18 0.17866666666666667
0 0.61 0.7973333333333333 0.168 0.16
0 0.439 0.812 0.17 0.152
0 0.435 0.652 0.19 0.184
0 0.191 0.528 0.306 0.304
0 0.228 0.772 0.26 0.20533333333333334
0 0.18 0.212 0.36 0.34933333333333333
0 0.092 0.9066666666666666 0.136 0.18666666666666668
0 0.066 0.772 0.132 0.456
0 0.034 0.43466666666666665 0.068 0.4
0 0.397 0.156 0.09 0.152
0 0.454 0.025333333333333333 0.092 0.050666666666666665
0 0.455 0.06133333333333333 0.094 0.02666666666666667
0 0.376 0.07066666666666667 0.056 0.024
0 0.356 0.029333333333333333 0.1 0.058666666666666666
0 0.217 0.018666666666666668 0.09 0.037333333333333336
