0 0.803 0.7635135135135135 0.394 0.45795795795795796
0 0.978 0.2057057057057057 0.044 0.22522522522522523
0 0.796 0.3408408408408408 0.336 0.3933933933933934
0 0.81 0.09009009009009009 0.328 0.18018018018018017
0 0.812 0.9707207207207207 0.376 0.05855855855855856
0 0.485 0.7214714714714715 0.322 0.4069069069069069
0 0.466 0.9436936936936937 0.332 0.11261261261261261
0 0.519 0.34984984984984985 0.286 0.33933933933933935
0 0.523 0.1036036036036036 0.286 0.2072072072072072
0 0.185 0.9256756756756757 0.274 0.14864864864864866
0 0.23 0.6974474474474475 0.288 0.36786786786786785
0 0.282 0.3581081081081081 0.272 0.3108108108108108
0 0.276 0.12987987987987987 0.26 0.1996996996996997
0 0.321 0.03078078078078078 0.322 0.06156156156156156
0 0.085 0.12087087087087087 0.17 0.15765765765765766
0 0.096 0.2627627627627628 0.192 0.17117117117117117
0 0.086 0.4174174174174174 0.172 0.17717717717717718
0 0.073 0.5803303303303303 0.146 0.17867867867867868
0 0.059 0.762012012012012 0.118 0.1966966966966967
0 0.04 0.9256756756756757 0.08 0.14864864864864866
