0 0.20819112627986347 0.5454545454545454 0.19795221843003413 0.18181818181818182
0 0.15870307167235495 0.8227272727272728 0.3174061433447099 0.35454545454545455
0 0.4863481228668942 0.8386363636363636 0.3378839590443686 0.32272727272727275
0 0.4880546075085324 0.5363636363636364 0.32081911262798635 0.3
0 0.7952218430034129 0.5340909090909091 0.28668941979522183 0.2681818181818182
0 0.7969283276450512 0.8272727272727273 0.2832764505119454 0.34545454545454546
0 0.863481228668942 0.20681818181818182 0.16382252559726962 0.37727272727272726
0 0.6945392491467577 0.20227272727272727 0.1945392491467577 0.40454545454545454
0 0.49658703071672355 0.19772727272727272 0.20136518771331058 0.39545454545454545
0 0.2815699658703072 0.22727272727272727 0.22866894197952217 0.45454545454545453
0 0.12798634812286688 0.22954545454545455 0.25597269624573377 0.4590909090909091
