0 0.425 0.15866666666666668 0.346 0.2853333333333333
0 0.535 0.376 0.258 0.256
0 0.7 0.144 0.212 0.224
0 0.752 0.3293333333333333 0.192 0.21066666666666667
0 0.868 0.13733333333333334 0.164 0.184
0 0.886 0.3 0.108 0.17333333333333334
0 0.207 0.45466666666666666 0.414 0.3333333333333333
0 0.134 0.17066666666666666 0.268 0.336
0 0.159 0.708 0.318 0.36
0 0.016 0.812 0.032 0.184
0 0.208 0.8546666666666667 0.404 0.2906666666666667
0 0.439 0.604 0.278 0.2906666666666667
0 0.517 0.7426666666666667 0.226 0.2693333333333333
0 0.678 0.5146666666666667 0.2 0.224
0 0.715 0.644 0.174 0.20533333333333334
0 0.85 0.5826666666666667 0.112 0.168
0 0.843 0.46 0.154 0.18933333333333333
0 0.97 0.13066666666666665 0.06 0.144
0 0.964 0.27466666666666667 0.072 0.144
0 0.954 0.404 0.092 0.14133333333333334
0 0.947 0.5266666666666666 0.106 0.136
