0 0.22222222222222224 0.48407168964537334 0.20653594771241832 0.14502552645246003
0 0.43300653594771243 0.4850515918511332 0.20980392156862746 0.14404562424670017
0 0.6424836601307189 0.4862764696083331 0.21176470588235294 0.1435556731438203
0 0.8562091503267973 0.487256371814093 0.215686274509804 0.14747528196685966
0 0.875797385620915 0.6708361505521748 0.24440522875816997 0.22654359094962323
0 0.6816993464052287 0.669028230982548 0.2705882352941177 0.22292775181036936
0 0.41862745098039217 0.6682933043282281 0.26601307189542484 0.22243780070748945
0 0.17026143790849674 0.6702531087397476 0.311764705882353 0.22439760511900902
0 0.1431372549019608 0.8738277919863598 0.2771241830065359 0.18863117460877407
0 0.41633986928104577 0.8730928653320399 0.2705882352941177 0.18618141909437436
0 0.6869281045751634 0.8733378408834799 0.26535947712418306 0.18765127240301419
0 0.9074967320261437 0.8656848046564952 0.18100653594771246 0.20566187494488053
