0 0.231 0.02 0.258 0.04
0 0.482 0.032 0.228 0.064
0 0.701 0.04133333333333333 0.214 0.08266666666666667
0 0.901 0.05333333333333334 0.198 0.10666666666666667
0 0.052 0.1 0.104 0.19466666666666665
0 0.229 0.11333333333333333 0.254 0.18933333333333333
0 0.478 0.128 0.224 0.17066666666666666
0 0.69 0.144 0.212 0.15466666666666667
0 0.89 0.15866666666666668 0.212 0.14133333333333334
0 0.989 0.17333333333333334 0.022 0.128
0 0.89 0.31066666666666665 0.22 0.184
0 0.472 0.2733333333333333 0.22 0.14133333333333334
0 0.682 0.284 0.208 0.136
0 0.905 0.4693333333333333 0.19 0.13866666666666666
0 0.23 0.28 0.252 0.176
0 0.054 0.276 0.108 0.168
0 0.054 0.43733333333333335 0.108 0.14933333333333335
0 0.055 0.5826666666666667 0.11 0.14666666666666667
0 0.061 0.7173333333333334 0.122 0.13333333333333333
0 0.061 0.836 0.122 0.14666666666666667
0 0.233 0.8333333333333334 0.222 0.13066666666666665
0 0.239 0.7173333333333334 0.222 0.13333333333333333
0 0.232 0.58 0.236 0.136
0 0.232 0.43733333333333335 0.24 0.15466666666666667
0 0.484 0.436 0.244 0.18933333333333333
0 0.705 0.444 0.25 0.18933333333333333
0 0.896 0.6013333333333334 0.208 0.13066666666666665
0 0.697 0.608 0.222 0.13866666666666666
0 0.477 0.6053333333333333 0.238 0.14933333333333335
0 0.468 0.7466666666666667 0.236 0.144
0 0.462 0.876 0.224 0.12533333333333332
0 0.666 0.86 0.204 0.13066666666666665
0 0.682 0.74 0.212 0.136
0 0.88 0.7293333333333333 0.204 0.12533333333333332
0 0.861 0.844 0.198 0.12533333333333332
0 0.971 0.836 0.058 0.12
0 0.982 0.724 0.036 0.11466666666666667
0 0.991 0.612 0.018 0.10933333333333334
