0 0.092 0.13213213213213212 0.184 0.25825825825825827
0 0.097 0.38738738738738737 0.194 0.26426426426426425
0 0.061 0.6036036036036037 0.122 0.25225225225225223
0 0.22 0.6576576576576577 0.212 0.3063063063063063
0 0.347 0.13213213213213212 0.338 0.26426426426426425
0 0.362 0.42792792792792794 0.356 0.3333333333333333
0 0.483 0.7582582582582582 0.314 0.3993993993993994
0 0.075 0.8183183183183184 0.15 0.2732732732732733
0 0.242 0.8738738738738738 0.208 0.25225225225225223
0 0.487 0.9264264264264265 0.286 0.14714714714714713
0 0.757 0.13513513513513514 0.482 0.2702702702702703
0 0.764 0.4894894894894895 0.468 0.43843843843843844
0 0.813 0.8123123123123123 0.37 0.36936936936936937
0 0.985 0.8543543543543544 0.026 0.2912912912912913
