0 0.719 0.06951871657754011 0.298 0.13903743315508021
0 0.588 0.26871657754010697 0.284 0.2807486631016043
0 0.819 0.27406417112299464 0.202 0.27540106951871657
0 0.169 0.606951871657754 0.29 0.28342245989304815
0 0.367 0.6109625668449198 0.182 0.3074866310160428
0 0.157 0.8556149732620321 0.266 0.25133689839572193
0 0.362 0.8663101604278075 0.18 0.2192513368983957
0 0.537 0.6243315508021391 0.174 0.27540106951871657
0 0.762 0.6443850267379679 0.28 0.24064171122994651
0 0.584 0.8582887700534759 0.268 0.2192513368983957
0 0.793 0.8622994652406417 0.166 0.20588235294117646
0 0.089 0.4090909090909091 0.178 0.17647058823529413
0 0.207 0.45187165775401067 0.198 0.0427807486631016
0 0.103 0.04411764705882353 0.034 0.06684491978609626
0 0.162 0.04411764705882353 0.056 0.06684491978609626
0 0.231 0.02540106951871658 0.05 0.02406417112299465
0 0.232 0.05614973262032086 0.04 0.0427807486631016
0 0.276 0.05748663101604278 0.044 0.040106951871657755
0 0.338 0.05080213903743316 0.032 0.053475935828877004
0 0.374 0.05080213903743316 0.036 0.058823529411764705
0 0.41 0.053475935828877004 0.032 0.058823529411764705
0 0.445 0.053475935828877004 0.034 0.058823529411764705
0 0.478 0.053475935828877004 0.032 0.058823529411764705
0 0.529 0.05614973262032086 0.03 0.053475935828877004
0 0.558 0.058823529411764705 0.028 0.053475935828877004
0 0.968 0.8556149732620321 0.064 0.23529411764705882
0 0.982 0.6256684491978609 0.036 0.26737967914438504
0 0.925 0.06149732620320856 0.03 0.0481283422459893
