0 0.538 0.12893553223388307 0.504 0.16491754122938532
0 0.758 0.2818590704647676 0.484 0.15292353823088456
0 0.293 0.2691154422788606 0.462 0.15142428785607195
0 0.869 0.42203898050974514 0.25 0.1424287856071964
0 0.639 0.41454272863568215 0.234 0.13943028485757122
0 0.41 0.4062968515742129 0.216 0.13493253373313344
0 0.172 0.39655172413793105 0.22 0.136431784107946
0 0.737 0.5464767616191905 0.466 0.1424287856071964
0 0.289 0.527736131934033 0.442 0.13793103448275862
0 0.822 0.6701649175412294 0.228 0.12293853073463268
0 0.612 0.6604197901049476 0.216 0.12143928035982009
0 0.395 0.6484257871064468 0.21 0.12143928035982009
0 0.168 0.6409295352323838 0.204 0.12143928035982009
0 0.705 0.7788605697151424 0.434 0.13043478260869565
0 0.282 0.7556221889055472 0.416 0.12893553223388307
0 0.802 0.8913043478260869 0.212 0.11244377811094453
0 0.598 0.881559220389805 0.204 0.11394302848575712
0 0.396 0.8710644677661169 0.196 0.11394302848575712
0 0.18 0.861319340329835 0.196 0.10644677661169415
0 0.682 0.9640179910044977 0.4 0.07196401799100449
0 0.286 0.9527736131934033 0.384 0.0944527736131934
