0 0.055 0.44266666666666665 0.11 0.176
0 0.158 0.43066666666666664 0.116 0.15733333333333333
0 0.057 0.604 0.114 0.19466666666666665
0 0.164 0.5733333333333334 0.108 0.16533333333333333
0 0.167 0.64 0.106 0.037333333333333336
0 0.055 0.6853333333333333 0.11 0.058666666666666666
0 0.167 0.828 0.334 0.344
0 0.236 0.09333333333333334 0.06 0.13333333333333333
0 0.238 0.20933333333333334 0.052 0.11466666666666667
0 0.242 0.32 0.052 0.112
0 0.246 0.448 0.064 0.144
0 0.253 0.5893333333333334 0.074 0.16533333333333333
0 0.327 0.02666666666666667 0.138 0.05333333333333334
0 0.328 0.12266666666666666 0.144 0.19733333333333333
0 0.332 0.2906666666666667 0.144 0.176
0 0.482 0.2813333333333333 0.164 0.184
0 0.477 0.10266666666666667 0.166 0.20533333333333334
0 0.469 0.013333333333333334 0.15 0.02666666666666667
0 0.621 0.096 0.13 0.192
0 0.758 0.084 0.144 0.168
0 0.915 0.07466666666666667 0.17 0.14933333333333335
0 0.662 0.26666666666666666 0.2 0.21333333333333335
0 0.88 0.248 0.236 0.23466666666666666
0 0.907 0.4693333333333333 0.162 0.21333333333333335
0 0.991 0.4666666666666667 0.018 0.23466666666666666
0 0.759 0.464 0.142 0.20266666666666666
0 0.628 0.46266666666666667 0.124 0.184
0 0.317 0.452 0.102 0.15733333333333333
0 0.41 0.456 0.096 0.16
0 0.513 0.45866666666666667 0.114 0.176
0 0.35 0.6093333333333333 0.14 0.17333333333333334
0 0.497 0.628 0.162 0.184
0 0.633 0.6426666666666667 0.118 0.18666666666666668
0 0.758 0.6506666666666666 0.136 0.192
0 0.906 0.64 0.156 0.144
0 0.99 0.6466666666666666 0.02 0.136
0 0.772 0.8573333333333333 0.116 0.2853333333333333
0 0.627 0.944 0.114 0.112
0 0.631 0.8186666666666667 0.122 0.192
0 0.709 0.8266666666666667 0.046 0.176
0 0.519 0.7933333333333333 0.11 0.17866666666666667
0 0.42 0.776 0.092 0.176
0 0.348 0.76 0.056 0.16
0 0.348 0.9066666666666666 0.044 0.144
0 0.417 0.916 0.094 0.152
0 0.519 0.932 0.114 0.136
0 0.397 0.988 0.13 0.024
