0 0.945 0.685 0.11 0.215
0 0.84625 0.6875 0.2425 0.21
0 0.64875 0.67375 0.2175 0.2175
0 0.44 0.68125 0.21 0.2225
0 0.24375 0.67375 0.2575 0.2075
0 0.85875 0.87125 0.2125 0.1725
0 0.64625 0.865 0.2175 0.175
0 0.43875 0.86375 0.2075 0.1675
0 0.22375 0.85625 0.2325 0.1775
0 0.06125 0.85 0.1225 0.175
0 0.10125 0.66125 0.2025 0.2075
0 0.86 0.97625 0.21 0.0475
0 0.64625 0.97375 0.2125 0.0525
0 0.43875 0.97375 0.2025 0.0525
0 0.23 0.96875 0.21 0.0625
0 0.06375 0.96875 0.1275 0.0625
0 0.9 0.52 0.2 0.14
0 0.68375 0.51625 0.2325 0.1325
0 0.45125 0.50875 0.2325 0.1325
0 0.215 0.50625 0.235 0.1325
0 0.05 0.5 0.1 0.12
0 0.89875 0.3875 0.2025 0.145
0 0.67875 0.38625 0.2325 0.1425
0 0.44625 0.3725 0.2275 0.14
0 0.21125 0.37 0.2325 0.14
0 0.04875 0.36875 0.0975 0.1375
0 0.05625 0.22875 0.1125 0.1375
0 0.95 0.24875 0.1 0.1425
0 0.81625 0.2375 0.1725 0.15
0 0.64125 0.245 0.1775 0.145
0 0.46375 0.26125 0.1875 0.0875
0 0.2725 0.26125 0.195 0.0825
0 0.47 0.16 0.195 0.12
0 0.6625 0.14 0.195 0.07
0 0.86375 0.1525 0.2025 0.095
0 0.27375 0.16 0.1925 0.115
0 0.14375 0.25875 0.0675 0.0775
0 0.085 0.16 0.17 0.115
0 0.86125 0.05375 0.1975 0.1075
0 0.6625 0.05125 0.2 0.1025
0 0.465 0.05 0.195 0.1
0 0.26875 0.05125 0.1925 0.1025
0 0.08375 0.05125 0.1675 0.1025
