0 0.839 0.16231884057971013 0.282 0.2318840579710145
0 0.831 0.3739130434782609 0.27 0.22028985507246376
0 0.574 0.36086956521739133 0.24 0.22318840579710145
0 0.575 0.5739130434782609 0.238 0.2028985507246377
0 0.825 0.5753623188405798 0.258 0.21159420289855072
0 0.82 0.7652173913043478 0.248 0.2028985507246377
0 0.822 0.9260869565217391 0.252 0.14782608695652175
0 0.571 0.7695652173913043 0.246 0.19420289855072465
0 0.57 0.9289855072463769 0.248 0.14202898550724638
0 0.352 0.7884057971014493 0.196 0.20869565217391303
0 0.332 0.9405797101449276 0.204 0.11884057971014493
0 0.353 0.5768115942028985 0.202 0.20869565217391303
0 0.347 0.35942028985507246 0.206 0.22608695652173913
0 0.137 0.563768115942029 0.21 0.21159420289855072
0 0.137 0.782608695652174 0.21 0.2144927536231884
0 0.126 0.9405797101449276 0.208 0.11304347826086956
0 0.138 0.34492753623188405 0.22 0.2318840579710145
0 0.338 0.13623188405797101 0.204 0.24347826086956523
0 0.131 0.1246376811594203 0.218 0.23768115942028986
