0 0.018 0.1283244680851064 0.036 0.09973404255319149
0 0.06 0.09840425531914894 0.072 0.10904255319148937
0 0.118 0.06582446808510638 0.06 0.11037234042553191
0 0.247 0.045877659574468085 0.206 0.09175531914893617
0 0.024 0.20345744680851063 0.036 0.09042553191489362
0 0.058 0.18683510638297873 0.048 0.09707446808510638
0 0.112 0.1622340425531915 0.08 0.12234042553191489
0 0.25 0.12566489361702127 0.216 0.1449468085106383
0 0.04 0.2785904255319149 0.056 0.09441489361702128
0 0.095 0.2586436170212766 0.074 0.1023936170212766
0 0.154 0.24534574468085107 0.064 0.1077127659574468
0 0.293 0.2293882978723404 0.23 0.11569148936170212
0 0.039 0.36236702127659576 0.034 0.09175531914893617
0 0.074 0.35305851063829785 0.048 0.09707446808510638
0 0.122 0.34574468085106386 0.08 0.10106382978723404
0 0.258 0.3351063829787234 0.208 0.11170212765957446
0 0.047 0.4408244680851064 0.038 0.07845744680851063
0 0.08 0.4375 0.048 0.08244680851063829
0 0.133 0.43683510638297873 0.07 0.08909574468085106
0 0.266 0.43550531914893614 0.204 0.1023936170212766
0 0.056 0.5172872340425532 0.048 0.07446808510638298
0 0.111 0.5226063829787234 0.066 0.0851063829787234
0 0.168 0.5279255319148937 0.06 0.09308510638297872
0 0.302 0.5339095744680851 0.224 0.10505319148936171
0 0.054 0.5884308510638298 0.056 0.07047872340425532
0 0.113 0.598404255319149 0.062 0.08244680851063829
0 0.17 0.6123670212765957 0.06 0.08909574468085106
0 0.31 0.6283244680851063 0.22 0.11037234042553191
0 0.054 0.6595744680851063 0.044 0.0797872340425532
0 0.097 0.6688829787234043 0.05 0.08776595744680851
0 0.155 0.6894946808510638 0.07 0.10505319148936171
0 0.29 0.71875 0.2 0.12367021276595745
0 0.073 0.7360372340425532 0.066 0.08909574468085106
0 0.136 0.7659574468085106 0.068 0.10904255319148937
0 0.194 0.7892287234042553 0.052 0.1077127659574468
0 0.328 0.817154255319149 0.216 0.12898936170212766
0 0.066 0.8045212765957447 0.04 0.0851063829787234
0 0.111 0.8264627659574468 0.058 0.1023936170212766
0 0.18 0.8590425531914894 0.076 0.09840425531914894
0 0.311 0.9082446808510638 0.194 0.125
0 0.406 0.04454787234042553 0.12 0.08643617021276596
0 0.413 0.13364361702127658 0.118 0.11569148936170212
0 0.474 0.2393617021276596 0.148 0.10638297872340426
0 0.415 0.33444148936170215 0.118 0.09973404255319149
0 0.418 0.4321808510638298 0.108 0.09574468085106383
0 0.485 0.5246010638297872 0.146 0.09707446808510638
0 0.486 0.6143617021276596 0.14 0.10106382978723404
0 0.439 0.7087765957446809 0.11 0.10372340425531915
0 0.503 0.788563829787234 0.138 0.11702127659574468
0 0.457 0.8856382978723404 0.106 0.10638297872340426
0 0.553 0.8617021276595744 0.094 0.10106382978723404
0 0.639 0.8430851063829787 0.086 0.09574468085106383
0 0.626 0.7646276595744681 0.124 0.10372340425531915
0 0.551 0.692154255319149 0.098 0.09973404255319149
0 0.641 0.6775265957446809 0.09 0.09441489361702128
0 0.616 0.6003989361702128 0.12 0.09441489361702128
0 0.615 0.5152925531914894 0.126 0.09441489361702128
0 0.539 0.4315159574468085 0.098 0.09175531914893617
0 0.632 0.4295212765957447 0.088 0.08776595744680851
0 0.536 0.3390957446808511 0.1 0.09574468085106383
0 0.631 0.34175531914893614 0.09 0.09042553191489362
0 0.614 0.25066489361702127 0.132 0.1023936170212766
0 0.543 0.14827127659574468 0.098 0.1077127659574468
0 0.638 0.16090425531914893 0.092 0.10106382978723404
0 0.526 0.05319148936170213 0.112 0.10638297872340426
0 0.632 0.06981382978723404 0.104 0.11037234042553191
0 0.732 0.09707446808510638 0.096 0.09574468085106383
0 0.731 0.18284574468085107 0.098 0.09175531914893617
0 0.741 0.2646276595744681 0.126 0.0851063829787234
0 0.728 0.34773936170212766 0.104 0.08111702127659574
0 0.766 0.42154255319148937 0.104 0.07180851063829788
0 0.759 0.5 0.086 0.08244680851063829
0 0.782 0.5797872340425532 0.1 0.0851063829787234
0 0.778 0.6542553191489362 0.076 0.0851063829787234
0 0.798 0.7273936170212766 0.096 0.09308510638297872
0 0.795 0.8018617021276596 0.074 0.09308510638297872
0 0.859 0.785904255319149 0.07 0.09042553191489362
0 0.923 0.7679521276595744 0.07 0.08909574468085106
0 0.975 0.754654255319149 0.05 0.08111702127659574
0 0.888 0.7061170212765957 0.084 0.0851063829787234
0 0.965 0.6888297872340425 0.07 0.07446808510638298
0 0.848 0.6422872340425532 0.068 0.08244680851063829
0 0.912 0.632313829787234 0.06 0.07845744680851063
0 0.971 0.6230053191489362 0.058 0.08111702127659574
0 0.878 0.5658244680851063 0.092 0.08111702127659574
0 0.958 0.557845744680851 0.072 0.07579787234042554
0 0.837 0.49800531914893614 0.078 0.08111702127659574
0 0.908 0.4933510638297872 0.064 0.07712765957446809
0 0.965 0.4886968085106383 0.058 0.07047872340425532
0 0.866 0.42021276595744683 0.1 0.07446808510638298
0 0.952 0.4195478723404255 0.08 0.07313829787234043
0 0.817 0.34574468085106386 0.078 0.0797872340425532
0 0.901 0.3470744680851064 0.062 0.07446808510638298
0 0.961 0.3497340425531915 0.062 0.07180851063829788
0 0.854 0.2712765957446808 0.096 0.08244680851063829
0 0.948 0.2765957446808511 0.092 0.0797872340425532
0 0.815 0.19215425531914893 0.074 0.08643617021276596
0 0.885 0.19747340425531915 0.074 0.08377659574468085
0 0.954 0.20345744680851063 0.064 0.0797872340425532
0 0.817 0.10837765957446809 0.078 0.09175531914893617
0 0.892 0.11901595744680851 0.076 0.08643617021276596
0 0.956 0.13031914893617022 0.064 0.0797872340425532
0 0.014 0.4507978723404255 0.028 0.0398936170212766
0 0.016 0.5086436170212766 0.032 0.07579787234042554
0 0.017 0.5837765957446809 0.034 0.07446808510638298
