0 0.25 0.1320388349514563 0.3718446601941747 0.2640776699029126
0 0.2587378640776699 0.3934466019417476 0.36601941747572814 0.275242718446602
0 0.2601941747572815 0.653883495145631 0.36407766990291257 0.2601941747572816
0 0.10072815533980582 0.8827378640776699 0.20145631067961164 0.23052427184466023
0 0.04174757281553398 0.6441747572815534 0.08349514563106795 0.24757281553398058
0 0.0395631067961165 0.3934466019417475 0.07815533980582523 0.2529126213592232
0 0.03737864077669903 0.13398058252427186 0.07281553398058253 0.2669902912621359
0 0.6188679245283019 0.14204851752021563 0.36334231805929923 0.2765498652291105
0 0.6204851752021564 0.4026954177897574 0.35687331536388145 0.2630727762803234
0 0.6169811320754717 0.6592991913746631 0.3509433962264151 0.245822102425876
0 0.3644177897574124 0.886601078167116 0.34716442048517526 0.22279784366576813
0 0.7053908355795149 0.8777061994609164 0.3380053908355794 0.24058760107816715
0 0.932345013477089 0.8773584905660378 0.1309973045822103 0.24097035040431275
0 0.8937692307692308 0.6393846153846153 0.20846153846153845 0.23384615384615381
0 0.8956153846153846 0.4 0.2047692307692307 0.2387692307692307
0 0.8965384615384615 0.15507692307692306 0.2029230769230769 0.24984615384615383
