0 0.68 0.07733333333333334 0.216 0.15466666666666667
0 0.477 0.08933333333333333 0.19 0.15733333333333333
0 0.299 0.10266666666666667 0.174 0.14666666666666667
0 0.148 0.12 0.152 0.13333333333333333
0 0.042 0.15066666666666667 0.084 0.12533333333333332
0 0.043 0.2653333333333333 0.086 0.10933333333333334
0 0.158 0.244 0.16 0.12533333333333332
0 0.306 0.23466666666666666 0.164 0.13333333333333333
0 0.475 0.232 0.178 0.13333333333333333
0 0.671 0.22266666666666668 0.21 0.152
0 0.665 0.364 0.202 0.14133333333333334
0 0.477 0.36133333333333334 0.174 0.13066666666666665
0 0.316 0.3586666666666667 0.152 0.11466666666666667
0 0.165 0.364 0.162 0.11466666666666667
0 0.05 0.372 0.1 0.10933333333333334
0 0.06 0.4826666666666667 0.116 0.10666666666666667
0 0.174 0.476 0.152 0.12
0 0.32 0.47733333333333333 0.156 0.12266666666666666
0 0.486 0.4866666666666667 0.168 0.12533333333333332
0 0.665 0.49866666666666665 0.19 0.13333333333333333
0 0.868 0.516 0.224 0.17333333333333334
0 0.858 0.6586666666666666 0.22 0.16
0 0.865 0.784 0.21 0.16
0 0.871 0.9053333333333333 0.21 0.152
0 0.864 0.972 0.196 0.050666666666666665
0 0.739 0.9666666666666667 0.03 0.06133333333333333
0 0.745 0.8786666666666667 0.038 0.11466666666666667
0 0.633 0.8053333333333333 0.226 0.2613333333333333
0 0.622 0.936 0.208 0.12266666666666666
0 0.427 0.9706666666666667 0.178 0.05333333333333334
0 0.45378125 0.775875 0.2235625 0.19758333333333333
0 0.443171875 0.6413333333333333 0.24634375 0.20533333333333334
0 0.221 0.8706666666666667 0.134 0.12
0 0.315 0.8906666666666667 0.058 0.10133333333333333
0 0.306 0.7893333333333333 0.072 0.10666666666666667
0 0.209 0.776 0.134 0.128
0 0.303 0.6893333333333334 0.078 0.10933333333333334
0 0.319 0.584 0.122 0.10133333333333333
0 0.202 0.68 0.136 0.11733333333333333
0 0.191 0.58 0.146 0.10933333333333334
0 0.068 0.576 0.128 0.10666666666666667
0 0.08 0.676 0.124 0.10933333333333334
0 0.658921875 0.6296875 0.18359375 0.14895833333333333
0 0.429625 0.9166666666666666 0.175 0.15625
0 0.07653125 0.8041666666666667 0.1530625 0.21875
