0 0.019 0.12912912912912913 0.038 0.1921921921921922
0 0.915 0.005255255255255256 0.17 0.010510510510510511
0 0.701 0.0045045045045045045 0.246 0.009009009009009009
0 0.086 0.015765765765765764 0.172 0.03153153153153153
0 0.254 0.013513513513513514 0.164 0.02702702702702703
0 0.456 0.006756756756756757 0.232 0.013513513513513514
0 0.178 0.12912912912912913 0.308 0.2012012012012012
0 0.5 0.12087087087087087 0.344 0.21171171171171171
0 0.832 0.11561561561561562 0.336 0.2132132132132132
0 0.809 0.3205705705705706 0.346 0.1996996996996997
0 0.982 0.32732732732732733 0.032 0.17417417417417416
0 0.966 0.506006006006006 0.068 0.1831831831831832
0 0.786 0.5052552552552553 0.336 0.19369369369369369
0 0.025 0.3138138138138138 0.05 0.18018018018018017
0 0.187 0.31981981981981983 0.298 0.18018018018018017
0 0.492 0.3160660660660661 0.312 0.1906906906906907
0 0.481 0.4947447447447447 0.298 0.18468468468468469
0 0.194 0.49174174174174173 0.284 0.1816816816816817
0 0.032 0.484984984984985 0.064 0.16516516516516516
0 0.955 0.6824324324324325 0.09 0.17867867867867868
0 0.949 0.8490990990990991 0.102 0.16966966966966968
0 0.949 0.9662162162162162 0.102 0.06756756756756757
0 0.768 0.6794294294294294 0.32 0.1906906906906907
0 0.758 0.8438438438438438 0.312 0.1891891891891892
0 0.75 0.9557057057057057 0.304 0.08858858858858859
0 0.469 0.6621621621621622 0.294 0.1831831831831832
0 0.465 0.8228228228228228 0.286 0.18018018018018017
0 0.462 0.9421921921921922 0.28 0.11561561561561562
0 0.204 0.933933933933934 0.24 0.13213213213213212
0 0.195 0.8003003003003003 0.254 0.16516516516516516
0 0.193 0.6516516516516516 0.262 0.17417417417417416
0 0.035 0.6433933933933934 0.07 0.15465465465465467
0 0.039 0.7905405405405406 0.078 0.14564564564564564
0 0.049 0.9286786786786787 0.098 0.13663663663663664
0 0.048 0.9932432432432432 0.092 0.013513513513513514
