0 0.7580645161290323 0.6204545454545455 0.22580645161290322 0.10454545454545454
0 0.532258064516129 0.6181818181818182 0.22580645161290322 0.10909090909090909
0 0.3064516129032258 0.6181818181818182 0.22580645161290322 0.10909090909090909
0 0.6774193548387096 0.5136363636363637 0.2903225806451613 0.1
0 0.3911290322580645 0.509090909090909 0.28225806451612906 0.10909090909090909
0 0.7217741935483871 0.41363636363636364 0.21774193548387097 0.1
0 0.4959677419354839 0.4113636363636364 0.21774193548387097 0.09545454545454546
0 0.27419354838709675 0.4090909090909091 0.22580645161290322 0.09090909090909091
0 0.11290322580645161 0.6181818181818182 0.16129032258064516 0.10909090909090909
0 0.14112903225806453 0.5068181818181818 0.21774193548387097 0.10454545454545454
0 0.0967741935483871 0.40454545454545454 0.12903225806451613 0.09090909090909091
0 0.4475806451612903 0.28863636363636364 0.10483870967741936 0.08636363636363636
0 0.3024193548387097 0.2863636363636364 0.1693548387096774 0.1
0 0.16532258064516128 0.28863636363636364 0.10483870967741936 0.09545454545454546
0 0.967741935483871 0.5818181818181818 0.06451612903225806 0.06363636363636363
0 0.8830645161290323 0.5795454545454546 0.08870967741935484 0.06818181818181818
0 0.9556451612903226 0.5113636363636364 0.08870967741935484 0.06818181818181818
0 0.6370967741935484 0.3068181818181818 0.25806451612903225 0.05909090909090909
