0 0.10161290322580645 0.1734872702614638 0.2032258064516129 0.29853900821642754
0 0.10048939641109299 0.44873584840958414 0.17748776508972267 0.25768019242733764
0 0.014203730272596846 0.41405681147431506 0.02840746054519369 0.23952503436004158
0 0.11289956958393114 0.768639514694034 0.18620086083213772 0.45671496460592587
0 0.029555236728837878 0.7371316797428705 0.059110473457675755 0.4292183144406961
0 0.26227347611202634 0.17513394778633656 0.20494233937397033 0.3176158036125087
0 0.27677100494233936 0.4741974264214791 0.19835255354200987 0.3022792149645526
0 0.2843492586490939 0.7836502070439467 0.21548599670510712 0.4264561101463901
0 0.5199341021416803 0.8195180353335213 0.2708401976935749 0.35472045356724097
0 0.5250411861614498 0.5246597503599151 0.31136738056013186 0.3685728562170078
0 0.5257001647446456 0.18057596311303065 0.3278418451400329 0.3611519262260613
0 0.8405271828665568 0.18898635043610332 0.31433278418451394 0.37599378620795426
0 0.8367265238879736 0.5538487416576379 0.32254695222405283 0.4111195214984342
0 0.8200988467874794 0.8294719760947109 0.3551894563426688 0.3350500418045723
0 0.029 0.9636909636909636 0.058 0.06661206661206663
0 0.09148484848484849 0.9762489762489763 0.06903030303030303 0.04149604149604148
0 0.010545454545454545 0.1912821912821913 0.02012121212121212 0.2012922012922013
