0 0.8 0.2453125 0.38333333333333336 0.221875
0 0.42604166666666665 0.1546875 0.34791666666666665 0.18125
0 0.43020833333333336 0.33125 0.3229166666666667 0.16875
0 0.784375 0.44375 0.34791666666666665 0.18125
0 0.7583333333333333 0.59609375 0.30416666666666664 0.1359375
0 0.7458333333333333 0.72265625 0.2875 0.1296875
0 0.7291666666666666 0.83671875 0.2833333333333333 0.1453125
0 0.46458333333333335 0.83828125 0.2375 0.1140625
0 0.22604166666666667 0.80390625 0.23958333333333334 0.1140625
0 0.465625 0.7390625 0.26458333333333334 0.109375
0 0.46458333333333335 0.62109375 0.2791666666666667 0.1265625
0 0.4552083333333333 0.490625 0.29791666666666666 0.146875
0 0.18125 0.590625 0.2833333333333333 0.125
0 0.20208333333333334 0.70078125 0.2625 0.1265625
0 0.165625 0.46796875 0.29375 0.1234375
0 0.140625 0.3234375 0.28125 0.15625
0 0.140625 0.15078125 0.28125 0.1828125
0 0.06666666666666667 0.90625 0.125 0.184375
0 0.18229166666666666 0.95859375 0.13125 0.0796875
