0 0.08737931034482761 0.16036809181616088 0.17475862068965523 0.20699994830171123
0 0.2795862068965517 0.15302693480845783 0.2648275862068965 0.21920074445535856
0 0.10234482758620692 0.35723517551569045 0.20275862068965522 0.18921573695910668
0 0.13475862068965516 0.5319753916145376 0.20965517241379314 0.17680814765031275
0 0.1382068965517242 0.6612211135811404 0.16689655172413792 0.09409088559168692
0 0.20786206896551726 0.7713384686966861 0.28413793103448265 0.30398593806544993
0 0.2988965517241379 0.34948043219769426 0.24 0.21092901824949592
0 0.31958620689655176 0.5293904771752055 0.2041379310344828 0.18818177118337384
0 0.45613793103448275 0.5934963552706406 0.27310344827586197 0.28123869099932797
0 0.4630344827586207 0.8307915008013235 0.24 0.2243705733340226
0 0.5113103448275862 0.1416533112753968 0.2289655172413792 0.23781212841854935
0 0.4982068965517241 0.3520653466370263 0.1751724137931034 0.1995553947164349
0 0.7375172413793103 0.3665408674972858 0.3034482758620691 0.2760688621206638
0 0.7457931034482759 0.1204570128728739 0.24275862068965512 0.2305743679884196
0 0.7202758620689655 0.6260662772062245 0.28275862068965535 0.25538954660600727
0 0.7140689655172414 0.8519877992038465 0.2675862068965516 0.23367626531561808
0 0.9284482758620689 0.11838908132140827 0.1391034482758621 0.23677816264281654
0 0.9374137931034483 0.37556221889055474 0.12117241379310349 0.2863568215892054
0 0.9270689655172414 0.6399989660342242 0.1418620689655172 0.2522359509900222
0 0.9222413793103449 0.8739337227937755 0.15151724137931025 0.2341415499146978
