0 0.5 0.19977553310886645 0.32 0.14814814814814814
0 0.783 0.19977553310886645 0.274 0.14590347923681257
0 0.947 0.20089786756453423 0.106 0.14814814814814814
0 0.93 0.3400673400673401 0.136 0.12794612794612795
0 0.753 0.34175084175084175 0.25 0.13131313131313133
0 0.51 0.34118967452300786 0.256 0.13692480359147025
0 0.27 0.3372615039281706 0.232 0.1537598204264871
0 0.088 0.34231200897867564 0.176 0.15937149270482603
0 0.102 0.489337822671156 0.204 0.13692480359147025
0 0.294 0.4764309764309764 0.22 0.12906846240179573
0 0.493 0.4696969696969697 0.182 0.12008978675645342
0 0.682 0.4663299663299663 0.188 0.11784511784511785
0 0.96 0.4607182940516274 0.072 0.10886644219977554
0 0.857 0.46296296296296297 0.19 0.1111111111111111
0 0.951 0.5701459034792368 0.094 0.10549943883277217
0 0.835 0.5718294051627385 0.174 0.09988776655443322
0 0.673 0.5774410774410774 0.174 0.10437710437710437
0 0.501 0.5830527497194163 0.17 0.10886644219977554
0 0.316 0.5925925925925926 0.196 0.11896745230078563
0 0.117 0.6111111111111112 0.222 0.11784511784511785
0 0.332 0.6947250280583613 0.176 0.10325476992143659
0 0.53 0.6790123456790124 0.208 0.09652076318742986
0 0.735 0.6717171717171717 0.206 0.09764309764309764
0 0.91 0.6661054994388328 0.176 0.09090909090909091
0 0.151 0.7104377104377104 0.198 0.09876543209876543
0 0.177 0.7940516273849607 0.186 0.08866442199775533
0 0.344 0.7833894500561167 0.164 0.0920314253647587
0 0.531 0.7626262626262627 0.19 0.08417508417508418
0 0.721 0.7530864197530864 0.198 0.08305274971941638
0 0.902 0.7502805836139169 0.192 0.07968574635241302
