0 0.227 0.0489749430523918 0.374 0.0979498861047836
0 0.953 0.05353075170842825 0.094 0.1070615034168565
0 0.853 0.04100227790432802 0.082 0.08200455580865604
0 0.773 0.03189066059225513 0.074 0.06378132118451026
0 0.699 0.023917995444191344 0.07 0.04783599088838269
0 0.923 0.26651480637813213 0.102 0.10478359908883828
0 0.811 0.2722095671981777 0.102 0.11617312072892938
0 0.709 0.2642369020501139 0.098 0.10022779043280182
0 0.61 0.26651480637813213 0.092 0.10022779043280182
0 0.512 0.2722095671981777 0.104 0.11161731207289294
0 0.415 0.2744874715261959 0.094 0.11617312072892938
0 0.323 0.27790432801822323 0.102 0.11389521640091116
0 0.226 0.285876993166287 0.1 0.1070615034168565
0 0.134 0.2870159453302961 0.096 0.10478359908883828
0 0.05 0.2949886104783599 0.1 0.1070615034168565
0 0.859 0.3735763097949886 0.19 0.12300683371298406
0 0.669 0.3712984054669704 0.178 0.10478359908883828
0 0.489 0.37813211845102507 0.17 0.10933940774487472
0 0.321 0.38496583143507973 0.166 0.09567198177676538
0 0.159 0.3917995444191344 0.166 0.10478359908883828
0 0.043 0.39635535307517084 0.086 0.09567198177676538
0 0.924 0.4772209567198178 0.104 0.1070615034168565
0 0.824 0.48177676537585423 0.1 0.11161731207289294
0 0.717 0.47494305239179957 0.102 0.1070615034168565
0 0.621 0.47494305239179957 0.09 0.0979498861047836
0 0.526 0.4806378132118451 0.092 0.10022779043280182
0 0.435 0.48291571753986334 0.09 0.10022779043280182
0 0.348 0.48177676537585423 0.092 0.09339407744874716
0 0.253 0.4863325740318907 0.102 0.0979498861047836
0 0.168 0.4886104783599089 0.088 0.0888382687927107
0 0.085 0.4908883826879271 0.09 0.0888382687927107
0 0.022 0.4920273348519362 0.044 0.09111617312072894
0 0.873 0.5842824601366743 0.182 0.11161731207289294
0 0.696 0.5694760820045558 0.168 0.10022779043280182
0 0.528 0.5751708428246014 0.164 0.09339407744874716
0 0.367 0.5740318906605922 0.162 0.09567198177676538
0 0.208 0.5797266514806378 0.16 0.0979498861047836
0 0.064 0.5820045558086561 0.128 0.0888382687927107
0 0.929 0.673120728929385 0.094 0.10250569476082004
0 0.829 0.6799544419134397 0.098 0.09339407744874716
0 0.727 0.6674259681093394 0.094 0.09567198177676538
0 0.637 0.6651480637813212 0.086 0.09111617312072894
0 0.364 0.6674259681093394 0.084 0.08656036446469248
0 0.456 0.6662870159453302 0.092 0.08428246013667426
0 0.545 0.6674259681093394 0.09 0.09111617312072894
0 0.275 0.6708428246013668 0.094 0.0888382687927107
0 0.192 0.673120728929385 0.092 0.0888382687927107
0 0.102 0.6697038724373576 0.088 0.08656036446469248
0 0.033 0.6685649202733486 0.066 0.08428246013667426
0 0.086 0.7494305239179955 0.148 0.08200455580865604
0 0.23 0.7539863325740319 0.156 0.08656036446469248
0 0.381 0.7539863325740319 0.158 0.08656036446469248
0 0.539 0.755125284738041 0.162 0.08428246013667426
0 0.702 0.7574031890660592 0.164 0.0888382687927107
0 0.885 0.7630979498861048 0.174 0.09111617312072894
0 0.825 0.8439635535307517 0.082 0.07972665148063782
0 0.737 0.8451025056947609 0.086 0.08656036446469248
0 0.648 0.8439635535307517 0.084 0.0888382687927107
0 0.561 0.8428246013667426 0.082 0.08656036446469248
0 0.471 0.8394077448747153 0.086 0.08428246013667426
0 0.385 0.8416856492027335 0.094 0.08428246013667426
0 0.3 0.837129840546697 0.084 0.08428246013667426
0 0.218 0.8394077448747153 0.084 0.08428246013667426
0 0.139 0.8348519362186788 0.086 0.0888382687927107
0 0.056 0.8325740318906606 0.088 0.0888382687927107
