0 0.8290598290598291 0.7090909090909091 0.3418803418803419 0.5727272727272728
0 0.5833333333333334 0.6840909090909091 0.2094017094017094 0.4954545454545455
0 0.7521367521367521 0.225 0.49572649572649574 0.45
0 0.3995726495726496 0.6659090909090909 0.2094017094017094 0.4409090909090909
0 0.3547008547008547 0.2318181818181818 0.3418803418803419 0.44545454545454544
0 0.12393162393162394 0.7181818181818181 0.24786324786324787 0.4090909090909091
0 0.6794871794871795 0.9454545454545454 0.42735042735042733 0.10909090909090909
0 0.3525641025641026 0.925 0.2264957264957265 0.15
0 0.11965811965811966 0.9522727272727273 0.23931623931623933 0.09545454545454546
0 0.13034188034188035 0.2863636363636364 0.14957264957264957 0.38181818181818183
0 0.19230769230769232 0.6568181818181819 0.24786324786324787 0.40454545454545454
0 0.03632478632478633 0.3568181818181818 0.07264957264957266 0.30454545454545456
0 0.04487179487179487 0.10909090909090909 0.08974358974358974 0.21818181818181817
