0 0.215 0.09336332958380203 0.294 0.11023622047244094
0 0.502 0.08998875140607424 0.3 0.09448818897637795
0 0.817 0.06749156355455568 0.318 0.11698537682789652
0 0.971 0.15579302587176602 0.058 0.12935883014623173
0 0.205 0.187289088863892 0.29 0.1046119235095613
0 0.49 0.18391451068616424 0.292 0.10011248593925759
0 0.792 0.16479190101237345 0.32 0.1046119235095613
0 0.784 0.2609673790776153 0.316 0.10123734533183353
0 0.77 0.3577052868391451 0.324 0.09898762654668167
0 0.953 0.34139482564679413 0.094 0.14960629921259844
0 0.951 0.48256467941507314 0.098 0.1327334083239595
0 0.944 0.6214848143982002 0.112 0.14510686164229472
0 0.936 0.7705286839145107 0.128 0.16647919010123735
0 0.926 0.9178852643419573 0.148 0.15523059617547807
0 0.986 0.9291338582677166 0.028 0.13948256467941508
0 0.984 0.9668166479190101 0.02 0.06411698537682789
0 0.48 0.2744656917885264 0.296 0.09898762654668167
0 0.464 0.36164229471316084 0.296 0.09561304836895389
0 0.197 0.27671541057367827 0.29 0.10123734533183353
0 0.188 0.3644544431946007 0.272 0.09673790776152981
0 0.405 0.44938132733408326 0.206 0.08886389201349831
0 0.278 0.4499437570303712 0.056 0.0719910011248594
0 0.131 0.4392575928008999 0.262 0.10686164229471316
0 0.677 0.4437570303712036 0.362 0.11361079865016872
0 0.883 0.453318335208099 0.046 0.09673790776152981
0 0.87 0.5489313835770528 0.056 0.09448818897637795
0 0.86 0.6439820022497188 0.048 0.09561304836895389
0 0.852 0.7424071991001124 0.056 0.09898762654668167
0 0.848 0.8487064116985377 0.048 0.12485939257592801
0 0.668 0.5579302587176603 0.352 0.11473565804274466
0 0.332 0.5421822272215973 0.32 0.11698537682789652
0 0.089 0.5371203599550056 0.178 0.10911136107986502
0 0.323 0.6479190101237345 0.322 0.11698537682789652
0 0.084 0.6361079865016873 0.168 0.11136107986501688
0 0.079 0.735658042744657 0.158 0.11473565804274466
0 0.316 0.749718785151856 0.328 0.1203599550056243
0 0.655 0.7710911136107986 0.346 0.12710911136107986
0 0.662 0.6659167604049494 0.36 0.12373453318335208
0 0.284 0.8740157480314961 0.388 0.1687289088863892
0 0.075 0.8481439820022497 0.15 0.14173228346456693
0 0.648 0.90607424071991 0.396 0.1856017997750281
0 0.587 0.984251968503937 0.298 0.031496062992125984
0 0.267 0.9606299212598425 0.366 0.07874015748031496
0 0.045 0.9533183352080989 0.09 0.08886389201349831
