0 0.073 0.015 0.142 0.03
0 0.151 0.019 0.018 0.038
0 0.076 0.048 0.148 0.048
0 0.156 0.051 0.02 0.022
0 0.097 0.221 0.194 0.202
0 0.11 0.421 0.22 0.198
0 0.12 0.603 0.24 0.202
0 0.126 0.784 0.252 0.164
0 0.13 0.925 0.26 0.15
0 0.385 0.122 0.418 0.244
0 0.388 0.361 0.404 0.234
0 0.409 0.579 0.378 0.21
0 0.424 0.771 0.352 0.182
0 0.421 0.926 0.33 0.148
0 0.796 0.129 0.408 0.258
0 0.792 0.365 0.416 0.242
0 0.787 0.58 0.39 0.216
0 0.773 0.775 0.358 0.182
0 0.755 0.93 0.346 0.14
0 0.968 0.778 0.064 0.176
0 0.977 0.619 0.046 0.174
0 0.983 0.407 0.034 0.266
