0 0.7831775700934579 0.03333333333333333 0.29158878504672897 0.04666666666666667
0 0.8336448598130841 0.24166666666666667 0.33271028037383177 0.38333333333333336
0 0.6915887850467289 0.5783333333333334 0.21682242990654205 0.2833333333333333
0 0.888785046728972 0.5633333333333334 0.22242990654205608 0.2733333333333333
0 0.8242990654205608 0.8133333333333334 0.30654205607476637 0.2733333333333333
0 0.8607476635514019 0.9583333333333334 0.17757009345794392 0.08333333333333333
0 0.6757009345794392 0.97 0.18504672897196262 0.06
0 0.577570093457944 0.8433333333333334 0.19439252336448598 0.24666666666666667
0 0.36261682242990656 0.8666666666666667 0.21682242990654205 0.26666666666666666
0 0.4102803738317757 0.5966666666666667 0.3532710280373832 0.29333333333333333
0 0.5850467289719626 0.23 0.23551401869158878 0.44
0 0.34205607476635513 0.25166666666666665 0.2542056074766355 0.42333333333333334
0 0.4093457943925234 0.021666666666666667 0.30280373831775703 0.03666666666666667
0 0.08411214953271028 0.10166666666666667 0.08598130841121496 0.20333333333333334
0 0.1233644859813084 0.25166666666666665 0.08224299065420561 0.27
0 0.08785046728971962 0.3416666666666667 0.09719626168224299 0.30333333333333334
0 0.13457943925233645 0.4716666666666667 0.059813084112149535 0.27
0 0.16728971962616823 0.595 0.05420560747663551 0.25
0 0.12990654205607477 0.74 0.07663551401869159 0.2866666666666667
0 0.08598130841121496 0.62 0.08971962616822429 0.30666666666666664
0 0.03925233644859813 0.15666666666666668 0.07476635514018691 0.30666666666666664
0 0.03551401869158879 0.455 0.07102803738317758 0.3433333333333333
0 0.04299065420560748 0.7883333333333333 0.08598130841121496 0.42333333333333334
0 0.056074766355140186 0.8883333333333333 0.10841121495327102 0.22333333333333333
