0 0.955 0.12537537537537538 0.09 0.10960960960960961
0 0.957 0.21996996996996998 0.086 0.1036036036036036
0 0.905 0.30855855855855857 0.19 0.09759759759759759
0 0.906 0.3978978978978979 0.188 0.09309309309309309
0 0.703 0.08408408408408409 0.414 0.16816816816816818
0 0.704 0.18843843843843844 0.42 0.16666666666666666
0 0.638 0.2987987987987988 0.356 0.14114114114114115
0 0.633 0.38813813813813813 0.354 0.10960960960960961
0 0.73 0.487987987987988 0.336 0.0990990990990991
0 0.949 0.487987987987988 0.102 0.08708708708708708
0 0.953 0.5765765765765766 0.094 0.08708708708708708
0 0.729 0.5840840840840841 0.354 0.1021021021021021
0 0.891 0.6666666666666666 0.19 0.1021021021021021
0 0.672 0.6779279279279279 0.248 0.11561561561561562
0 0.892 0.7567567567567568 0.184 0.11411411411411411
0 0.682 0.7777777777777778 0.232 0.12012012012012012
0 0.958 0.8318318318318318 0.084 0.1021021021021021
0 0.758 0.8678678678678678 0.316 0.14114114114114115
0 0.957 0.9226726726726727 0.086 0.1036036036036036
0 0.752 0.9451951951951952 0.324 0.10960960960960961
0 0.475 0.9024024024024024 0.25 0.15915915915915915
0 0.451 0.960960960960961 0.27 0.07807807807807808
0 0.155 0.9144144144144144 0.31 0.17117117117117117
0 0.35 0.8333333333333334 0.448 0.17417417417417416
0 0.044 0.8783783783783784 0.088 0.14414414414414414
0 0.36 0.7117117117117117 0.44 0.15015015015015015
0 0.062 0.7372372372372372 0.124 0.14414414414414414
0 0.393 0.5900900900900901 0.318 0.12612612612612611
0 0.413 0.4752252252252252 0.31 0.11861861861861862
0 0.109 0.6006006006006006 0.218 0.14114114114114115
0 0.443 0.17117117117117117 0.106 0.14714714714714713
0 0.456 0.2515015015015015 0.132 0.13663663663663664
0 0.263 0.3483483483483483 0.266 0.08408408408408409
0 0.265 0.4069069069069069 0.266 0.05405405405405406
0 0.128 0.18693693693693694 0.192 0.1036036036036036
0 0.307 0.2072072072072072 0.166 0.09309309309309309
0 0.311 0.2807807807807808 0.158 0.08408408408408409
0 0.135 0.2635135135135135 0.194 0.0945945945945946
0 0.044 0.3355855855855856 0.088 0.07657657657657657
0 0.042 0.40765765765765766 0.084 0.07357357357357357
0 0.084 0.481981981981982 0.084 0.07207207207207207
0 0.391 0.16366366366366367 0.07 0.03303303303303303
0 0.107 0.4159159159159159 0.054 0.06006006006006006
0 0.212 0.46996996996997 0.168 0.08108108108108109
