0 0.112 0.03073463268365817 0.224 0.06146926536731634
0 0.116 0.08245877061469266 0.232 0.07796101949025487
0 0.116 0.13343328335832083 0.232 0.06296851574212893
0 0.099 0.18815592203898052 0.194 0.06746626686656672
0 0.1 0.24062968515742128 0.192 0.06746626686656672
0 0.322 0.035982008995502246 0.204 0.053973013493253376
0 0.331 0.0944527736131934 0.202 0.053973013493253376
0 0.332 0.1424287856071964 0.2 0.044977511244377814
0 0.533 0.03073463268365817 0.218 0.06146926536731634
0 0.539 0.08245877061469266 0.214 0.07196401799100449
0 0.543 0.13718140929535233 0.218 0.06746626686656672
0 0.551 0.1956521739130435 0.23 0.06146926536731634
0 0.554 0.24512743628185907 0.232 0.05247376311844078
0 0.632 0.2938530734632684 0.072 0.044977511244377814
0 0.145 0.3545727136431784 0.274 0.1724137931034483
0 0.314 0.18365817091454273 0.236 0.06146926536731634
0 0.319 0.2383808095952024 0.246 0.05997001499250375
0 0.46 0.3493253373313343 0.356 0.17991004497751126
0 0.468 0.525487256371814 0.352 0.17841079460269865
0 0.467 0.6829085457271364 0.346 0.21739130434782608
0 0.138 0.5314842578710645 0.276 0.1934032983508246
0 0.143 0.7143928035982009 0.286 0.2143928035982009
0 0.143 0.8898050974512743 0.286 0.22038980509745126
0 0.443 0.868815592203898 0.322 0.20839580209895053
0 0.771 0.7293853073463268 0.282 0.049475262368815595
0 0.771 0.8545727136431784 0.322 0.22788605697151423
0 0.779 0.3613193403298351 0.266 0.1469265367316342
0 0.776 0.5067466266866567 0.264 0.14392803598200898
0 0.778 0.6424287856071964 0.26 0.1454272863568216
0 0.726 0.08395802098950525 0.08 0.053973013493253376
0 0.853 0.0727136431784108 0.102 0.05847076461769116
0 0.724 0.12218890554722639 0.08 0.031484257871064465
0 0.853 0.10944527736131934 0.102 0.03298350824587706
0 0.72 0.16266866566716642 0.088 0.05547226386806597
0 0.856 0.15142428785607195 0.112 0.05997001499250375
0 0.726 0.2181409295352324 0.08 0.05547226386806597
0 0.856 0.20839580209895053 0.12 0.06296851574212893
0 0.723 0.26761619190404795 0.074 0.049475262368815595
0 0.856 0.2653673163418291 0.12 0.053973013493253376
0 0.962 0.3815592203898051 0.072 0.49325337331334335
0 0.966 0.6101949025487257 0.064 0.48875562218890556
