0 0.111 0.18 0.166 0.18933333333333333
0 0.245 0.18533333333333332 0.15 0.18933333333333333
0 0.373 0.19066666666666668 0.13 0.19466666666666665
0 0.506 0.19333333333333333 0.128 0.184
0 0.63 0.19466666666666665 0.144 0.18666666666666668
0 0.752 0.192 0.16 0.18666666666666668
0 0.872 0.18933333333333333 0.164 0.18666666666666668
0 0.082 0.42933333333333334 0.164 0.2986666666666667
0 0.212 0.4106666666666667 0.184 0.2613333333333333
0 0.359 0.41333333333333333 0.154 0.256
0 0.51 0.4146666666666667 0.152 0.25333333333333335
0 0.652 0.412 0.164 0.248
0 0.791 0.4093333333333333 0.182 0.248
0 0.913 0.42133333333333334 0.174 0.2826666666666667
0 0.102 0.7266666666666667 0.204 0.37066666666666664
0 0.26 0.724 0.2 0.37066666666666664
0 0.436 0.7213333333333334 0.176 0.36
0 0.608 0.7146666666666667 0.188 0.35733333333333334
0 0.77 0.7093333333333334 0.212 0.35733333333333334
0 0.907 0.6986666666666667 0.186 0.352
