0 0.206 0.050974512743628186 0.308 0.10194902548725637
0 0.018 0.0472263868065967 0.036 0.09145427286356822
0 0.026 0.2128935532233883 0.052 0.23088455772113944
0 0.045 0.43928035982008995 0.09 0.22788605697151423
0 0.065 0.6454272863568216 0.13 0.21739130434782608
0 0.072 0.8238380809595203 0.144 0.19640179910044978
0 0.084 0.9370314842578711 0.168 0.12593703148425786
0 0.468 0.05697151424287856 0.224 0.11394302848575712
0 0.658 0.06671664167916042 0.176 0.13343328335832083
0 0.811 0.07196401799100449 0.134 0.14392803598200898
0 0.935 0.08095952023988005 0.13 0.14392803598200898
0 0.183 0.18440779610194902 0.358 0.20689655172413793
0 0.462 0.1926536731634183 0.22 0.17541229385307347
0 0.648 0.19715142428785606 0.16 0.15142428785607195
0 0.786 0.20089955022488756 0.12 0.12893553223388307
0 0.906 0.20239880059970014 0.128 0.1199400299850075
0 0.98 0.20614692653673164 0.04 0.10944527736131934
0 0.201 0.3770614692653673 0.31 0.1904047976011994
0 0.457 0.3538230884557721 0.226 0.16491754122938532
0 0.64 0.33883058470764615 0.148 0.1409295352323838
0 0.774 0.3268365817091454 0.124 0.12293853073463268
0 0.892 0.32008995502248877 0.128 0.11244377811094453
0 0.974 0.3118440779610195 0.052 0.10194902548725637
0 0.219 0.5344827586206896 0.286 0.1874062968515742
0 0.452 0.4985007496251874 0.208 0.1664167916041979
0 0.625 0.46551724137931033 0.146 0.1454272863568216
0 0.757 0.44002998500749624 0.118 0.12443778110944528
0 0.868 0.424287856071964 0.116 0.11094452773613193
0 0.957 0.4077961019490255 0.086 0.10194902548725637
0 0.244 0.6731634182908546 0.268 0.19490254872563717
0 0.462 0.6244377811094453 0.196 0.1664167916041979
0 0.625 0.5794602698650675 0.138 0.1424287856071964
0 0.752 0.545727136431784 0.12 0.13193403298350825
0 0.862 0.5179910044977512 0.1 0.11244377811094453
0 0.95 0.4962518740629685 0.092 0.095952023988006
0 0.246 0.8013493253373314 0.248 0.1874062968515742
0 0.454 0.7391304347826086 0.196 0.15892053973013492
0 0.618 0.6851574212893553 0.14 0.1469265367316342
0 0.751 0.638680659670165 0.126 0.12893553223388307
0 0.86 0.6041979010494752 0.096 0.1199400299850075
0 0.947 0.5742128935532234 0.09 0.11094452773613193
0 0.27 0.9077961019490255 0.22 0.18440779610194902
0 0.467 0.8373313343328336 0.194 0.1664167916041979
0 0.634 0.7766116941529235 0.14 0.15592203898050974
0 0.754 0.7331334332833583 0.112 0.12893553223388307
0 0.852 0.6881559220389805 0.084 0.10794602698650675
0 0.933 0.6536731634182908 0.094 0.10194902548725637
