0 0.123 0.14564564564564564 0.246 0.17117117117117117
0 0.111 0.3138138138138138 0.222 0.16516516516516516
0 0.109 0.4804804804804805 0.218 0.16816816816816818
0 0.091 0.6561561561561562 0.182 0.19519519519519518
0 0.252 0.16216216216216217 0.02 0.07807807807807808
0 0.389 0.13213213213213212 0.238 0.15015015015015015
0 0.367 0.2732732732732733 0.294 0.14414414414414414
0 0.366 0.4099099099099099 0.296 0.13513513513513514
0 0.353 0.5555555555555556 0.342 0.15615615615615616
0 0.344 0.7387387387387387 0.396 0.21621621621621623
0 0.694 0.08258258258258258 0.304 0.16516516516516516
0 0.755 0.2012012012012012 0.422 0.21621621621621623
0 0.763 0.37987987987987987 0.406 0.1891891891891892
0 0.763 0.5645645645645646 0.406 0.18618618618618618
0 0.756 0.7357357357357357 0.4 0.21621621621621623
0 0.922 0.07957957957957958 0.156 0.14114114114114115
0 0.981 0.24924924924924924 0.038 0.1981981981981982
0 0.982 0.45495495495495497 0.036 0.21921921921921922
0 0.977 0.7552552552552553 0.046 0.16516516516516516
