0 0.102 0.2518740629685157 0.204 0.27586206896551724
0 0.362 0.2331334332833583 0.348 0.32533733133433285
0 0.349 0.06521739130434782 0.206 0.019490254872563718
0 0.366 0.053973013493253376 0.116 0.005997001499250375
0 0.724 0.05997001499250375 0.232 0.07496251874062969
0 0.705 0.25412293853073464 0.35 0.3193403298350825
0 0.917 0.27361319340329837 0.166 0.28335832083958024
0 0.258 0.5599700149925038 0.516 0.3493253373313343
0 0.763 0.5832083958020989 0.474 0.335832083958021
0 0.759 0.8748125937031485 0.482 0.25037481259370314
0 0.253 0.8673163418290855 0.506 0.2623688155922039
