0 0.2182377049180328 0.03230769230769231 0.3012295081967213 0.06461538461538462
0 0.5235655737704918 0.036153846153846154 0.32581967213114754 0.06923076923076923
0 0.8411885245901639 0.038461538461538464 0.3176229508196721 0.07692307692307693
0 0.22438524590163936 0.13076923076923078 0.3012295081967213 0.12615384615384614
0 0.5245901639344263 0.13307692307692306 0.319672131147541 0.13076923076923078
0 0.8350409836065574 0.14153846153846153 0.32581967213114754 0.13538461538461538
0 0.2735655737704918 0.2684615384615385 0.41188524590163933 0.1646153846153846
0 0.2694672131147541 0.38 0.4036885245901639 0.13538461538461538
0 0.7909836065573771 0.27615384615384614 0.4139344262295082 0.13384615384615384
0 0.7797131147540983 0.3992307692307692 0.4077868852459016 0.14307692307692307
0 0.5512295081967213 0.23 0.24180327868852458 0.06923076923076923
0 0.5317622950819673 0.31153846153846154 0.125 0.09384615384615384
0 0.5256147540983607 0.4015384615384615 0.1168032786885246 0.09846153846153846
0 0.2028688524590164 0.4969230769230769 0.29098360655737704 0.13230769230769232
0 0.4989754098360656 0.5115384615384615 0.3135245901639344 0.13384615384615384
0 0.805327868852459 0.5261538461538462 0.32786885245901637 0.14153846153846153
0 0.20491803278688525 0.6130769230769231 0.29918032786885246 0.13692307692307693
0 0.4989754098360656 0.6292307692307693 0.305327868852459 0.13230769230769232
0 0.805327868852459 0.65 0.319672131147541 0.13384615384615384
0 0.2510245901639344 0.7353846153846154 0.38729508196721313 0.13846153846153847
0 0.22848360655737704 0.85 0.3668032786885246 0.14307692307692307
0 0.7510245901639344 0.7630769230769231 0.39549180327868855 0.14153846153846153
0 0.75 0.8776923076923077 0.3770491803278688 0.13692307692307693
0 0.4948770491803279 0.7576923076923077 0.14959016393442623 0.14
0 0.18135245901639344 0.946923076923077 0.29713114754098363 0.10615384615384615
0 0.47848360655737704 0.9084615384615384 0.305327868852459 0.18307692307692308
0 0.7735655737704918 0.9676923076923077 0.3012295081967213 0.06461538461538462
