0 0.599 0.31733333333333336 0.426 0.35733333333333334
0 0.571 0.5306666666666666 0.374 0.16
0 0.561 0.6133333333333333 0.358 0.10666666666666667
0 0.54 0.736 0.384 0.22933333333333333
0 0.533 0.8506666666666667 0.362 0.10133333333333333
0 0.201 0.6893333333333334 0.35 0.232
0 0.203 0.816 0.306 0.08
0 0.204 0.484 0.376 0.152
0 0.206 0.568 0.352 0.10666666666666667
0 0.202 0.27466666666666667 0.404 0.352
0 0.874 0.344 0.252 0.352
0 0.886 0.092 0.228 0.17333333333333334
0 0.603 0.09066666666666667 0.414 0.18133333333333335
0 0.209 0.06666666666666667 0.418 0.13333333333333333
0 0.874 0.568 0.252 0.13866666666666666
0 0.868 0.6493333333333333 0.264 0.09333333333333334
0 0.858 0.78 0.284 0.22133333333333333
0 0.85 0.8973333333333333 0.3 0.09333333333333334
