0 0.069 0.04565952649379933 0.138 0.0665163472378805
0 0.063 0.10315670800450959 0.126 0.14317925591882752
0 0.072 0.2068771138669673 0.144 0.1161217587373168
0 0.04 0.3201803833145434 0.08 0.11273957158962795
0 0.25 0.050169109357384445 0.248 0.06200676437429538
0 0.223 0.31679819616685456 0.306 0.10822998872604284
0 0.163 0.4464487034949267 0.326 0.13528748590755355
0 0.427 0.45659526493799324 0.306 0.1375422773393461
0 0.458 0.4222096956031567 0.28 0.1319052987598647
0 0.142 0.5721533258173619 0.284 0.11837655016910936
0 0.427 0.5794813979706878 0.294 0.11724915445321307
0 0.141 0.6820744081172492 0.282 0.10372040586245772
0 0.426 0.6888387824126269 0.292 0.11724915445321307
0 0.149 0.7835400225479143 0.274 0.10822998872604284
0 0.721 0.560315670800451 0.31 0.1555806087936866
0 0.727 0.6905298759864712 0.298 0.11837655016910936
0 0.438 0.7936865839909808 0.292 0.11273957158962795
0 0.726 0.7965050732807215 0.296 0.11161217587373168
0 0.156 0.8804960541149943 0.272 0.09244644870349493
0 0.715 0.8917700112739572 0.278 0.10146561443066517
0 0.426 0.8900789177001127 0.264 0.09582863585118377
0 0.14 0.9554678692220969 0.272 0.08906426155580609
0 0.411 0.963923337091319 0.27 0.06764374295377677
0 0.695 0.9661781285231116 0.27 0.06313416009019165
0 0.477 0.044532130777903044 0.218 0.0665163472378805
0 0.233 0.1273957158962796 0.214 0.0992108229988726
0 0.451 0.12965050732807215 0.238 0.10372040586245772
0 0.457 0.21927846674182638 0.242 0.09582863585118377
0 0.239 0.21984216459977451 0.214 0.09019165727170236
0 0.69 0.040586245772266064 0.208 0.06989853438556934
0 0.692 0.12683201803833147 0.252 0.10259301014656144
0 0.893 0.040586245772266064 0.21 0.060879368658399095
0 0.902 0.12401352874859076 0.196 0.10597519729425028
0 0.687 0.22266065388951523 0.242 0.10033821871476889
0 0.907 0.22491544532130778 0.186 0.09808342728297632
0 0.47 0.3128523111612176 0.208 0.09582863585118377
0 0.685 0.31905298759864714 0.222 0.09470124013528748
0 0.896 0.32074408117249154 0.208 0.09808342728297632
0 0.896 0.41037204058624577 0.2 0.08793686583990981
0 0.696 0.40980834272829764 0.204 0.08906426155580609
0 0.697 0.4695603156708005 0.206 0.03494926719278467
0 0.896 0.4954904171364149 0.2 0.08229988726042842
0 0.934 0.5744081172491544 0.132 0.08229988726042842
0 0.926 0.6544532130777903 0.116 0.0777903043968433
0 0.92 0.7316798196166855 0.096 0.07440811724915446
