0 0.15671641791044774 0.16887890022218377 0.3125799573560767 0.3031816464652285
0 0.5620138742905192 0.12160047371314976 0.5210426739541729 0.24320094742629952
0 0.5553439306358382 0.362773147787557 0.4846878612716763 0.24026101028982874
0 0.15661478599221793 0.3720159848564518 0.3124513618677043 0.12181442142531637
0 0.2424124513618677 0.5629170026057186 0.4848249027237354 0.29036818920087404
0 0.24727626459143973 0.8211664972365362 0.49455252918287945 0.35466400252392466
0 0.6155680933852141 0.9399136490576179 0.25913618677042805 0.11716969888176101
0 0.6166828793774318 0.7686612848463995 0.2833657587548638 0.23176168966383381
0 0.6597021276595746 0.5955423508614999 0.3141843971631206 0.21883585713372947
0 0.638108108108108 0.5657963209632526 0.3227027027027026 0.1767427204629112
0 0.867 0.8499345425731658 0.262 0.2971279118506652
