0 0.08016032064128256 0.28820375335120646 0.16032064128256512 0.07238605898123325
0 0.3216432865731463 0.21983914209115282 0.17835671342685372 0.13941018766756033
0 0.313627254509018 0.29892761394101874 0.14228456913827656 0.05093833780160858
0 0.17735470941883769 0.29222520107238603 0.13827655310621242 0.04289544235924933
0 0.2785571142284569 0.3753351206434316 0.18837675350701402 0.16085790884718498
0 0.11523046092184369 0.3780160857908847 0.15831663326653306 0.1447721179624665
0 0.02404809619238477 0.38873994638069703 0.04809619238476954 0.13941018766756033
0 0.027054108216432865 0.5214477211796247 0.05410821643286573 0.1260053619302949
0 0.125250501002004 0.5187667560321716 0.15831663326653306 0.13136729222520108
0 0.2845691382765531 0.5107238605898123 0.18036072144288579 0.14745308310991956
0 0.4749498997995992 0.5227882037533512 0.20841683366733466 0.13404825737265416
0 0.48096192384769537 0.3873994638069705 0.20841683366733466 0.14209115281501342
0 0.48597194388777554 0.24932975871313673 0.22244488977955912 0.1554959785522788
0 0.7124248496993988 0.21849865951742628 0.23446893787575152 0.17962466487935658
0 0.9148296593186372 0.11394101876675604 0.17034068136272545 0.18498659517426275
0 0.9158316633266533 0.2546916890080429 0.1683366733466934 0.1447721179624665
0 0.9198396793587175 0.38605898123324395 0.16032064128256512 0.13941018766756033
0 0.9138276553106213 0.5294906166219839 0.17234468937875752 0.14209115281501342
0 0.9138276553106213 0.6689008042895442 0.17234468937875752 0.13672922252010725
0 0.908817635270541 0.7841823056300268 0.18236472945891782 0.11528150134048257
0 0.7004008016032064 0.7654155495978552 0.21442885771543085 0.12064343163538874
0 0.7024048096192385 0.6353887399463807 0.23046092184368738 0.13404825737265416
0 0.7004008016032064 0.5067024128686327 0.23046092184368738 0.16621983914209115
0 0.7074148296593187 0.36595174262734587 0.23246492985971945 0.16353887399463807
0 0.48396793587174347 0.6434316353887399 0.20240480961923848 0.12332439678284182
0 0.48597194388777554 0.7587131367292225 0.19839679358717435 0.11796246648793565
0 0.3076152304609218 0.7654155495978552 0.16633266533066132 0.1260053619302949
0 0.2955911823647295 0.6420911528150134 0.17835671342685372 0.13672922252010725
0 0.14729458917835672 0.7627345844504021 0.15430861723446893 0.13136729222520108
0 0.1402805611222445 0.6474530831099196 0.156312625250501 0.1260053619302949
0 0.03807615230460922 0.7654155495978552 0.07615230460921844 0.12064343163538874
0 0.03507014028056112 0.646112600536193 0.07014028056112225 0.12332439678284182
