0 0.5834394904458599 0.016168217539112194 0.1087048832271762 0.03233643507822439
0 0.15663999999999997 0.15647294589178357 0.31327999999999995 0.31294589178356713
0 0.16112 0.5082565130260521 0.32224 0.4193186372745491
0 0.15408000000000002 0.8460921843687375 0.30816000000000004 0.30380761523046096
0 0.45136000000000004 0.1696192384769539 0.29152 0.3392384769539078
0 0.46 0.5077354709418838 0.31072000000000005 0.3812424849699399
0 0.43888 0.8339879759519038 0.27552 0.3238476953907815
0 0.44 0.9669739478957915 0.24640000000000004 0.062044088176352666
0 0.65872 0.9506212424849699 0.21344000000000005 0.09474949899799594
0 0.67696 0.8003206412825652 0.24608000000000005 0.2840881763527054
0 0.69824 0.5064529058116233 0.29248 0.33827655310621246
0 0.69136 0.18885771543086172 0.23968000000000006 0.32897795591182366
0 0.7321599999999999 0.0381563126252505 0.192 0.07567134268537075
0 0.90624 0.05755511022044088 0.17344000000000007 0.113186372745491
0 0.8807999999999999 0.2242885771543086 0.216 0.2901803607214429
0 0.88668 0.5054909819639278 0.22263999999999998 0.2965931863727455
0 0.97132 0.24665330661322646 0.05336000000000001 0.25218436873747496
0 0.98572 0.5830861723446894 0.024559999999999946 0.11511022044088176
0 0.86832 0.7687374749498999 0.21215999999999996 0.25426853707414826
0 0.9631600000000001 0.7507815631262524 0.06967999999999995 0.2254108216432866
0 0.8401600000000001 0.9313827655310621 0.17632000000000006 0.13322645290581167
0 0.949 0.9228456913827655 0.098 0.15030060120240482
