0 0.24579310344827587 0.12666080752727085 0.31034482758620685 0.14785710592979373
0 0.5499310344827586 0.12200796153647314 0.30896551724137944 0.14889107170552657
0 0.8505172413793104 0.12847024763480328 0.2949655172413793 0.1328646021816678
0 0.3382068965517242 0.260042392596805 0.4758620689655172 0.13131365351806853
0 0.7175172413793104 0.26469523858760274 0.28551724137931045 0.12407589308793879
0 0.9298275862068967 0.26306674249082357 0.13634482758620675 0.1273328852814972
0 0.2713103448275862 0.38308431990901104 0.28137931034482755 0.116838132657809
0 0.5457931034482759 0.38463526857261027 0.2675862068965519 0.11373623533061056
0 0.8394827586206897 0.3831877164865843 0.3170344827586207 0.11869927105412809
0 0.36303448275862077 0.5583415188957245 0.42896551724137943 0.14889107170552657
0 0.3085517241379311 0.6777645659928656 0.26758620689655177 0.10029468024608382
0 0.40165517241379317 0.7651346740422892 0.39586206896551734 0.09098898826448851
0 0.3285517241379311 0.8509538334281136 0.2441379310344829 0.09305691981595411
0 0.4071724137931035 0.9362560099260714 0.3737931034482758 0.08995502248875563
0 0.3402758620689656 0.9852142894070207 0.22620689655172418 0.026572920436333462
0 0.5685517241379311 0.9836633407434214 0.22758620689655185 0.029674817763531956
0 0.575448275862069 0.6725947371142016 0.24965517241379304 0.09409088559168692
0 0.7202758620689655 0.7615157938272243 0.23862068965517255 0.094090885591687
0 0.5637241379310345 0.8400971927829191 0.23448275862068954 0.10029468024608398
0 0.7092413793103449 0.9295352323838081 0.22758620689655162 0.08271726205862592
0 0.7175172413793105 0.5485188440262627 0.2717241379310344 0.15612883213565637
0 0.8546551724137932 0.6675800031018974 0.28668965517241374 0.09378069585896709
0 0.9022413793103449 0.5423150493718659 0.19151724137931023 0.15612883213565626
0 0.9208620689655173 0.75673370211446 0.15427586206896557 0.089179548156956
0 0.845 0.8437160729979839 0.306 0.08685312516155713
0 0.9118965517241379 0.9228403039859381 0.1722068965517242 0.07956366644264078
0 0.845 0.977976528976891 0.306 0.04104844129659304
