0 0.209 0.15667166416791603 0.186 0.2353823088455772
0 0.416 0.18440779610194902 0.304 0.34782608695652173
0 0.735 0.1686656671664168 0.338 0.3343328335832084
0 0.179 0.431784107946027 0.298 0.3268365817091454
0 0.429 0.4752623688155922 0.254 0.26686656671664166
0 0.702 0.46701649175412296 0.272 0.2653673163418291
0 0.203 0.6934032983508246 0.278 0.25037481259370314
0 0.437 0.7061469265367316 0.23 0.19490254872563717
0 0.674 0.7001499250374813 0.244 0.20389805097451275
0 0.239 0.896551724137931 0.226 0.18590704647676162
0 0.442 0.8935532233883059 0.204 0.18290854572713644
0 0.638 0.8868065967016492 0.208 0.17541229385307347
