0 0.232 0.16494845360824742 0.464 0.32989690721649484
0 0.052 0.4580265095729013 0.104 0.2709867452135493
0 0.352 0.4683357879234168 0.536 0.30338733431516934
0 0.604 0.187039764359352 0.292 0.2916053019145803
0 0.674 0.05817378497790869 0.108 0.1134020618556701
0 0.829 0.08468335787923417 0.202 0.16936671575846834
0 0.785 0.2422680412371134 0.07 0.18114874815905743
0 0.901 0.24742268041237114 0.178 0.18556701030927836
0 0.941 0.10014727540500737 0.038 0.15316642120765833
0 0.674 0.4381443298969072 0.112 0.2106038291605302
0 0.819 0.4270986745213549 0.186 0.18556701030927836
0 0.927 0.40942562592047127 0.034 0.14432989690721648
0 0.972 0.40795287187039764 0.056 0.13549337260677466
0 0.154 0.7857142857142857 0.308 0.4256259204712813
0 0.385 0.7157584683357879 0.222 0.2709867452135493
0 0.62 0.6531664212076583 0.272 0.2695139911634757
0 0.785 0.5898379970544919 0.058 0.16053019145802652
0 0.895 0.561119293078056 0.166 0.1796759941089838
0 0.987 0.5397643593519882 0.026 0.11634756995581738
0 0.477 0.8718703976435935 0.338 0.2533136966126657
0 0.681 0.8033873343151694 0.086 0.18409425625920472
0 0.815 0.740058910162003 0.186 0.21649484536082475
0 0.931 0.6804123711340206 0.046 0.14432989690721648
0 0.977 0.654639175257732 0.046 0.13991163475699558
0 0.651 0.9219440353460973 0.214 0.1561119293078056
0 0.792 0.8902798232695139 0.072 0.1634756995581738
0 0.896 0.8247422680412371 0.136 0.20029455081001474
0 0.834 0.9418262150220913 0.152 0.11045655375552282
0 0.925 0.9108983799705449 0.05 0.11634756995581738
0 0.974 0.8637702503681886 0.052 0.14580265095729014
