0 0.14124293785310735 0.42 0.1431261770244821 0.26
0 0.2523540489642185 0.4266666666666667 0.1393596986817326 0.25333333333333335
0 0.3672316384180791 0.42833333333333334 0.1318267419962335 0.25666666666666665
0 0.4821092278719397 0.43333333333333335 0.11299435028248588 0.26666666666666666
0 0.5988700564971752 0.435 0.12052730696798493 0.27
0 0.716572504708098 0.44333333333333336 0.14124293785310735 0.26666666666666666
0 0.8333333333333334 0.44666666666666666 0.1487758945386064 0.26666666666666666
0 0.1544256120527307 0.6533333333333333 0.12052730696798493 0.21333333333333335
0 0.2608286252354049 0.6583333333333333 0.1111111111111111 0.21
0 0.3672316384180791 0.6633333333333333 0.10922787193973635 0.21333333333333335
0 0.4774011299435028 0.665 0.1111111111111111 0.21
0 0.588512241054614 0.6716666666666666 0.11864406779661017 0.21
0 0.7052730696798494 0.6766666666666666 0.12617702448210924 0.20666666666666667
0 0.8220338983050848 0.6866666666666666 0.1337099811676083 0.21333333333333335
0 0.1657250470809793 0.8533333333333334 0.1167608286252354 0.2
0 0.268361581920904 0.8566666666666667 0.10734463276836158 0.2
0 0.3728813559322034 0.8666666666666667 0.10922787193973635 0.2
0 0.4792843691148776 0.8666666666666667 0.10734463276836158 0.2
0 0.5894538606403014 0.8716666666666667 0.11299435028248588 0.19666666666666666
0 0.7005649717514124 0.8733333333333333 0.1167608286252354 0.19333333333333333
0 0.8145009416195856 0.8816666666666667 0.12617702448210924 0.20333333333333334
