0 0.028 0.14564564564564564 0.056 0.12912912912912913
0 0.158 0.15015015015015015 0.208 0.13813813813813813
0 0.342 0.15765765765765766 0.184 0.13513513513513514
0 0.032 0.25225225225225223 0.064 0.12012012012012012
0 0.153 0.25225225225225223 0.186 0.07207207207207207
0 0.338 0.25375375375375375 0.172 0.06906906906906907
0 0.116 0.35735735735735735 0.216 0.14414414414414414
0 0.326 0.35735735735735735 0.204 0.14414414414414414
0 0.117 0.5225225225225225 0.202 0.18618618618618618
0 0.313 0.521021021021021 0.19 0.1891891891891892
0 0.123 0.7057057057057057 0.198 0.1981981981981982
0 0.316 0.6966966966966966 0.184 0.18618618618618618
0 0.016 0.7102102102102102 0.032 0.19519519519519518
0 0.528 0.17417417417417416 0.156 0.12612612612612611
0 0.441 0.17867867867867868 0.022 0.08708708708708708
0 0.538 0.26126126126126126 0.172 0.07207207207207207
0 0.553 0.36036036036036034 0.202 0.13813813813813813
0 0.439 0.2627627627627628 0.026 0.06306306306306306
0 0.44 0.3408408408408408 0.024 0.09309309309309309
0 0.535 0.506006006006006 0.186 0.2012012012012012
0 0.534 0.6786786786786787 0.184 0.18018018018018017
0 0.657 0.45045045045045046 0.066 0.16816816816816818
0 0.726 0.44894894894894893 0.096 0.17117117117117117
0 0.842 0.43993993993993996 0.172 0.17717717717717718
0 0.956 0.4444444444444444 0.088 0.16816816816816818
0 0.861 0.6141141141141141 0.174 0.1831831831831832
0 0.706 0.5885885885885885 0.164 0.11411411411411411
0 0.965 0.6111111111111112 0.07 0.16516516516516516
0 0.698 0.6936936936936937 0.168 0.06006006006006006
