0 0.423 0.25862068965517243 0.29 0.1664167916041979
0 0.692 0.27886056971514245 0.256 0.13793103448275862
0 0.374 0.3980509745127436 0.372 0.15742128935532235
0 0.694 0.41754122938530736 0.284 0.13943028485757122
0 0.69 0.5494752623688156 0.264 0.136431784107946
0 0.381 0.5374812593703149 0.358 0.13943028485757122
0 0.3762142857142857 0.6684068679945742 0.35957142857142854 0.17850003569643755
0 0.678398568019093 0.6670376029169187 0.2813890214797135 0.13368733294450616
0 0.14 0.13043478260869565 0.28 0.2608695652173913
0 0.34345238095238095 0.8161098022417362 0.4071428571428571 0.21328621403583922
0 0.7066225165562914 0.7821420415620004 0.32317880794701986 0.1732577419899322
0 0.6930463576158941 0.8667851504711219 0.3 0.2144623052712054
0 0.3295844826538672 0.9129222374656283 0.3938111671425968 0.1726975384657145
