0 0.07692307692307693 0.09333333333333334 0.14634146341463414 0.18666666666666668
0 0.22045028142589118 0.08 0.14446529080675422 0.15333333333333332
0 0.3649155722326454 0.09166666666666666 0.14446529080675422 0.18333333333333332
0 0.07786116322701689 0.28833333333333333 0.11069418386491557 0.23666666666666666
0 0.18386491557223264 0.27666666666666667 0.1050656660412758 0.23333333333333334
0 0.28142589118198874 0.265 0.1050656660412758 0.23
0 0.3818011257035647 0.25666666666666665 0.10318949343339587 0.22666666666666666
0 0.5046904315196998 0.235 0.1425891181988743 0.23
0 0.6397748592870544 0.22666666666666666 0.10131332082551595 0.20666666666666667
0 0.6857410881801126 0.24333333333333335 0.15196998123827393 0.18666666666666668
0 0.8311444652908068 0.24 0.150093808630394 0.18
0 0.9343339587242027 0.41333333333333333 0.1275797373358349 0.19333333333333333
0 0.949343339587242 0.5316666666666666 0.10131332082551595 0.07
0 0.9549718574108818 0.5916666666666667 0.08630393996247655 0.06333333333333334
0 0.9615384615384616 0.6616666666666666 0.07692307692307693 0.056666666666666664
0 0.9634146341463414 0.7083333333333334 0.07317073170731707 0.043333333333333335
0 0.9024390243902439 0.715 0.07129455909943715 0.07
0 0.8761726078799249 0.61 0.03377110694183865 0.18
0 0.5787992495309568 0.25 0.009380863039399626 0.1
0 0.801125703564728 0.435 0.1425891181988743 0.22333333333333333
0 0.8133208255159474 0.6433333333333333 0.10694183864915573 0.20666666666666667
0 0.6651031894934334 0.445 0.13696060037523453 0.23
0 0.7157598499061913 0.6533333333333333 0.10318949343339587 0.21333333333333335
0 0.6181988742964353 0.6716666666666666 0.09568480300187618 0.22333333333333333
0 0.5309568480300187 0.45666666666666667 0.1350844277673546 0.22666666666666666
0 0.398686679174484 0.4716666666666667 0.14071294559099437 0.24333333333333335
0 0.2598499061913696 0.49 0.14446529080675422 0.24
0 0.11632270168855535 0.5083333333333333 0.15384615384615385 0.24333333333333335
0 0.11632270168855535 0.73 0.1050656660412758 0.22
0 0.15666041275797374 0.8183333333333334 0.024390243902439025 0.023333333333333334
0 0.21857410881801126 0.72 0.09943714821763602 0.22
0 0.3198874296435272 0.7083333333333334 0.10318949343339587 0.23
0 0.41838649155722324 0.6966666666666667 0.1050656660412758 0.22
0 0.5215759849906192 0.6816666666666666 0.0975609756097561 0.23
0 0.41369606003752346 0.8933333333333333 0.1294559099437148 0.19333333333333333
0 0.2776735459662289 0.905 0.13883677298311445 0.18333333333333332
0 0.14821763602251406 0.875 0.1050656660412758 0.08333333333333333
0 0.04221388367729831 0.7233333333333334 0.043151969981238276 0.14
0 0.04221388367729831 0.84 0.039399624765478425 0.09333333333333334
