0 0.05909090909090909 0.32954545454545453 0.11818181818181818 0.12272727272727273
0 0.15227272727272728 0.35 0.07727272727272727 0.09090909090909091
0 0.2590909090909091 0.3613636363636364 0.13636363636363635 0.09545454545454546
0 0.07954545454545454 0.4409090909090909 0.1590909090909091 0.1
0 0.2 0.4431818181818182 0.07272727272727272 0.08636363636363636
0 0.2681818181818182 0.44772727272727275 0.05454545454545454 0.07727272727272727
0 0.05227272727272727 0.5454545454545454 0.10454545454545454 0.10909090909090909
0 0.14545454545454545 0.5363636363636364 0.08181818181818182 0.1
0 0.23636363636363636 0.5318181818181819 0.1 0.08181818181818182
0 0.25227272727272726 0.6113636363636363 0.06818181818181818 0.08636363636363636
0 0.175 0.6181818181818182 0.07727272727272727 0.09090909090909091
0 0.07045454545454545 0.6386363636363637 0.1409090909090909 0.11363636363636363
0 0.05 0.7386363636363636 0.1 0.11363636363636363
0 0.1409090909090909 0.7136363636363636 0.08181818181818182 0.1
0 0.2340909090909091 0.6909090909090909 0.10454545454545454 0.1
0 0.0659090909090909 0.8227272727272728 0.1318181818181818 0.11818181818181818
0 0.175 0.7909090909090909 0.08636363636363636 0.1
0 0.24545454545454545 0.7681818181818182 0.05454545454545454 0.09090909090909091
0 0.36363636363636365 0.7545454545454545 0.17272727272727273 0.12727272727272726
0 0.32727272727272727 0.8545454545454545 0.11818181818181818 0.1
0 0.4431818181818182 0.865909090909091 0.11363636363636363 0.09545454545454546
0 0.509090909090909 0.8772727272727273 0.03636363636363636 0.09090909090909091
0 0.49318181818181817 0.7613636363636364 0.11363636363636363 0.12272727272727273
0 0.5272727272727272 0.6795454545454546 0.045454545454545456 0.04090909090909091
0 0.45681818181818185 0.6727272727272727 0.09545454545454546 0.045454545454545456
0 0.3568181818181818 0.6704545454545454 0.10454545454545454 0.04090909090909091
0 0.35454545454545455 0.5818181818181818 0.11818181818181818 0.07272727272727272
0 0.3431818181818182 0.5159090909090909 0.09545454545454546 0.06818181818181818
0 0.41818181818181815 0.5136363636363637 0.045454545454545456 0.06363636363636363
0 0.3704545454545455 0.4431818181818182 0.1409090909090909 0.07727272727272727
0 0.37727272727272726 0.3659090909090909 0.10909090909090909 0.08636363636363636
0 0.3477272727272727 0.6454545454545455 0.12272727272727273 0.05454545454545454
0 0.4318181818181818 0.5818181818181818 0.045454545454545456 0.07272727272727272
0 0.43863636363636366 0.6318181818181818 0.05 0.03636363636363636
0 0.48409090909090907 0.6295454545454545 0.04090909090909091 0.05
0 0.2318181818181818 0.3068181818181818 0.08181818181818182 0.022727272727272728
0 0.31136363636363634 0.31136363636363634 0.06818181818181818 0.031818181818181815
0 0.5204545454545455 0.3431818181818182 0.04090909090909091 0.04090909090909091
0 0.5613636363636364 0.3477272727272727 0.05 0.05
0 0.4772727272727273 0.509090909090909 0.07272727272727272 0.06363636363636363
0 0.475 0.4431818181818182 0.07727272727272727 0.06818181818181818
0 0.48409090909090907 0.5727272727272728 0.05 0.07272727272727272
0 0.5340909090909091 0.5590909090909091 0.05 0.05454545454545454
0 0.5295454545454545 0.6181818181818182 0.05 0.06363636363636363
0 0.55 0.5 0.07272727272727272 0.06363636363636363
0 0.5522727272727272 0.43863636363636366 0.07727272727272727 0.05909090909090909
0 0.475 0.3795454545454545 0.07727272727272727 0.05909090909090909
0 0.6568181818181819 0.4590909090909091 0.1409090909090909 0.14545454545454545
0 0.8318181818181818 0.4659090909090909 0.21818181818181817 0.17727272727272728
0 0.9636363636363636 0.47954545454545455 0.07272727272727272 0.18636363636363637
0 0.9318181818181818 0.29545454545454547 0.13636363636363635 0.18181818181818182
0 0.740909090909091 0.3 0.2545454545454545 0.17272727272727273
0 0.7431818181818182 0.1590909090909091 0.16818181818181818 0.15454545454545454
0 0.9159090909090909 0.1590909090909091 0.16818181818181818 0.12727272727272726
0 0.9136363636363637 0.6568181818181819 0.17272727272727273 0.20454545454545456
0 0.6886363636363636 0.615909090909091 0.2681818181818182 0.17727272727272728
0 0.7931818181818182 0.7931818181818182 0.20454545454545456 0.2318181818181818
0 0.9454545454545454 0.8363636363636363 0.10909090909090909 0.19090909090909092
0 0.6272727272727273 0.7522727272727273 0.15454545454545454 0.17727272727272728
0 0.6409090909090909 0.8977272727272727 0.24545454545454545 0.20454545454545456
0 0.8681818181818182 0.9318181818181818 0.20909090909090908 0.13636363636363635
0 0.9840909090909091 0.9659090909090909 0.031818181818181815 0.06818181818181818
0 0.5931818181818181 0.9704545454545455 0.1409090909090909 0.05909090909090909
