0 0.262 0.067 0.36 0.134
0 0.05 0.062 0.064 0.124
0 0.17 0.204 0.288 0.2
0 0.017 0.221 0.034 0.178
0 0.409 0.213 0.194 0.166
0 0.588 0.216 0.164 0.152
0 0.557 0.075 0.258 0.15
0 0.788 0.09 0.224 0.176
0 0.932 0.117 0.136 0.154
0 0.742 0.23 0.14 0.152
0 0.871 0.246 0.13 0.136
0 0.966 0.256 0.068 0.112
0 0.018 0.381 0.036 0.142
0 0.07 0.389 0.064 0.166
0 0.279 0.392 0.358 0.204
0 0.573 0.374 0.238 0.176
0 0.797 0.377 0.21 0.162
0 0.946 0.388 0.108 0.144
0 0.027 0.53 0.054 0.156
0 0.198 0.558 0.28 0.196
0 0.426 0.546 0.172 0.168
0 0.595 0.53 0.158 0.152
0 0.782 0.526 0.208 0.14
0 0.896 0.542 0.208 0.164
0 0.228 0.74 0.356 0.228
0 0.05 0.68 0.1 0.196
0 0.897 0.702 0.206 0.164
0 0.898 0.857 0.204 0.182
0 0.514 0.694 0.228 0.192
0 0.715 0.674 0.17 0.164
0 0.906 0.957 0.188 0.086
0 0.72 0.824 0.148 0.164
0 0.712 0.941 0.184 0.118
0 0.558 0.844 0.172 0.192
0 0.502 0.955 0.232 0.09
0 0.346 0.98 0.092 0.036
0 0.151 0.889 0.302 0.218
0 0.382 0.881 0.18 0.198
