0 0.034129692832764506 0.12272727272727273 0.06825938566552901 0.18181818181818182
0 0.189419795221843 0.10681818181818181 0.2764505119453925 0.21363636363636362
0 0.34982935153583616 0.10681818181818181 0.07849829351535836 0.19545454545454546
0 0.44880546075085326 0.09772727272727273 0.11945392491467577 0.19545454545454546
0 0.5870307167235495 0.09090909090909091 0.15699658703071673 0.18181818181818182
0 0.020477815699658702 0.29772727272727273 0.040955631399317405 0.16818181818181818
0 0.06655290102389079 0.29772727272727273 0.09215017064846416 0.17727272727272728
0 0.15187713310580206 0.30227272727272725 0.10580204778156997 0.18636363636363637
0 0.25426621160409557 0.30454545454545456 0.11945392491467577 0.2
0 0.36177474402730375 0.30227272727272725 0.13651877133105803 0.21363636363636362
0 0.5017064846416383 0.31136363636363634 0.15017064846416384 0.2409090909090909
0 0.6655290102389079 0.31363636363636366 0.18430034129692832 0.2727272727272727
0 0.04948805460750853 0.45681818181818185 0.09897610921501707 0.1590909090909091
0 0.17064846416382254 0.47954545454545455 0.16382252559726962 0.18636363636363637
0 0.3651877133105802 0.509090909090909 0.23208191126279865 0.21818181818181817
0 0.6382252559726962 0.5545454545454546 0.32081911262798635 0.2727272727272727
0 0.8771331058020477 0.32727272727272727 0.24573378839590443 0.3090909090909091
0 0.06825938566552901 0.6045454545454545 0.1296928327645051 0.17272727272727273
0 0.17747440273037543 0.6272727272727273 0.08873720136518772 0.16363636363636364
0 0.2713310580204778 0.6590909090909091 0.09897610921501707 0.17272727272727273
0 0.3771331058020478 0.6931818181818182 0.11945392491467577 0.20454545454545456
0 0.5017064846416383 0.7227272727272728 0.15017064846416384 0.2727272727272727
0 0.6552901023890785 0.7863636363636364 0.19112627986348124 0.2727272727272727
0 0.8549488054607508 0.8522727272727273 0.22866894197952217 0.29545454545454547
0 0.011945392491467578 0.7477272727272727 0.023890784982935155 0.19545454545454546
0 0.03754266211604096 0.9181818181818182 0.07508532423208192 0.15454545454545454
0 0.08532423208191127 0.725 0.14334470989761092 0.15
0 0.21331058020477817 0.8386363636363636 0.2832764505119454 0.2863636363636364
0 0.40955631399317405 0.8704545454545455 0.1296928327645051 0.22272727272727272
0 0.3720136518771331 0.9613636363636363 0.13651877133105803 0.07727272727272727
0 0.5921501706484642 0.9045454545454545 0.310580204778157 0.18181818181818182
0 0.8208191126279863 0.9681818181818181 0.15358361774744028 0.06363636363636363
0 0.9607508532423208 0.8909090909090909 0.07167235494880546 0.21818181818181817
0 0.8976109215017065 0.6272727272727273 0.20477815699658702 0.3181818181818182
0 0.7525597269624573 0.08636363636363636 0.18771331058020477 0.17272727272727273
0 0.9146757679180887 0.08636363636363636 0.17064846416382254 0.17272727272727273
