0 0.7865729870890942 0.31798019739906136 0.20213226404108703 0.13110602586608394
0 0.8071955719557196 0.40279059040590404 0.21637716377163768 0.1298431734317343
0 0.8323208232082321 0.5322878228782288 0.27412774127741274 0.22001845018450183
0 0.8319458194581946 0.6768911439114391 0.1293762937629376 0.08394833948339489
0 0.7263822638226383 0.6840405904059039 0.11025110251102506 0.09132841328413278
0 0.6202562025620256 0.6740083025830259 0.1087510875108751 0.06988007380073796
0 0.6901944019440195 0.7350092250922509 0.11587615876158759 0.06780442804428048
0 0.8263207632076321 0.7527675276752768 0.12637626376263758 0.06826568265682667
0 0.8358833588335884 0.823108856088561 0.13500135001350014 0.07610701107011081
0 0.6885068850688506 0.8879151291512914 0.14025140251402524 0.1000922509225093
0 0.5589430894308943 0.887569188191882 0.12937629376293766 0.08833025830258308
0 0.5679431794317943 0.8054658671586716 0.11137611376113765 0.07357011070110701
0 0.5715057150571506 0.7345479704797049 0.10800108001080018 0.06134686346863461
0 0.5116926169261693 0.6753920664206642 0.10837608376083761 0.07126383763837645
0 0.40425404254042546 0.6715867158671586 0.1065010650106501 0.06088560885608857
0 0.43087930879308795 0.7410055350553506 0.15900159001590014 0.10055350553505533
0 0.4128791287912879 0.8276060885608857 0.11250112501125012 0.07172509225092255
0 0.4370668706687067 0.8999077490774908 0.11662616626166258 0.07610701107011081
0 0.285940359403594 0.8779981549815499 0.11962619626196262 0.07241697416974176
0 0.2885653856538566 0.8075415129151292 0.11137611376113765 0.0680350553505535
0 0.297940479404794 0.7347785977859778 0.11287612876128761 0.06549815498154984
0 0.2943779437794378 0.6710101476014759 0.10500105001050014 0.06203874538745382
0 0.17193921939219392 0.6712407749077491 0.1151261512615126 0.0634225092250923
0 0.16987669876698766 0.7368542435424353 0.11625116251162512 0.06642066420664207
0 0.1479389793897939 0.801429889298893 0.11962619626196262 0.06180811808118079
0 0.14400144001440016 0.8709640221402214 0.13125131251312513 0.07541512915129162
0 0.17775177751777516 0.602629151291513 0.16425164251642518 0.1263837638376384
0 0.18843938439384395 0.5053044280442804 0.15487654876548768 0.0834870848708487
0 0.19893948939489398 0.43392527675276754 0.14212642126421265 0.08648523985239848
0 0.2017520175201752 0.3586254612546125 0.1305013050130501 0.06273062730627309
0 0.22181471814718146 0.28955258302583026 0.12712627126271261 0.07403136531365316
0 0.3506285062850628 0.28747693726937273 0.12600126001260015 0.06111623616236162
0 0.35231602316023164 0.3553966789667896 0.13012630126301264 0.06549815498154977
0 0.33937839378393786 0.42516143911439114 0.1342513425134251 0.07818265682656829
0 0.3346908469084691 0.5008071955719557 0.13837638376383762 0.07357011070110701
0 0.3360033600336004 0.5882149446494465 0.15375153751537515 0.10493542435424359
0 0.47831728317283173 0.5871771217712177 0.1488764887648876 0.10654981549815502
0 0.47737977379773794 0.49700184501845013 0.13725137251372516 0.07241697416974169
0 0.4783172831728318 0.4265452029520296 0.13537635376353763 0.06941881918819184
0 0.48637986379863796 0.3543588560885609 0.13125131251312513 0.07726014760147606
0 0.4775672756727567 0.2880535055350553 0.12712627126271261 0.0673431734317343
0 0.6045060450604506 0.283210332103321 0.12900129001290006 0.06365313653136533
0 0.6255062550625506 0.34455719557195574 0.13125131251312513 0.07057195571955717
0 0.6339438394383943 0.41386070110701106 0.14062640626406267 0.06895756457564574
0 0.6288812888128882 0.4854704797047971 0.1417514175141751 0.07241697416974169
0 0.6300063000630007 0.5815267527675277 0.15375153751537515 0.11600553505535054
0 0.699324789858068 0.8044491525423729 0.1233291993936888 0.07033898305084747
0 0.7279048291596502 0.2777004454342984 0.1258442428522281 0.06263919821826282
