0 0.2722351807717661 0.14725225225225225 0.2529029968054358 0.2945045045045045
0 0.28586278586278585 0.44033783783783786 0.23071852340145022 0.2804054054054054
0 0.2953704173216369 0.6965315315315315 0.2117032604837483 0.2522522522522523
0 0.31100096343998784 0.9079729729729729 0.19225698493991175 0.17738738738738732
0 0.5187997566046346 0.15373873873873875 0.2427615232493281 0.3018018018018018
0 0.5089752040971554 0.4386486486486486 0.21423862887277523 0.2815315315315315
0 0.49978449368693273 0.6954054054054054 0.19839257644135697 0.2387387387387388
0 0.5004183357841895 0.9051576576576577 0.1819126819126819 0.18301801801801806
0 0.7555397799300239 0.16105855855855858 0.2560722072917194 0.32094594594594594
0 0.7222630698240455 0.4499099099099099 0.23262004969322048 0.2837837837837838
0 0.6931063333502357 0.6982207207207206 0.21106941838649157 0.23536036036036032
0 0.6730008620252523 0.9051576576576577 0.1790223619491912 0.18301801801801806
