0 0.6885553470919324 0.3466666666666667 0.24390243902439024 0.32
0 0.6294559099437148 0.105 0.14821763602251406 0.20333333333333334
0 0.7579737335834896 0.10666666666666667 0.13133208255159476 0.20666666666666667
0 0.8789868667917449 0.11166666666666666 0.14071294559099437 0.22333333333333333
0 0.9643527204502814 0.115 0.0675422138836773 0.22333333333333333
0 0.8977485928705441 0.36666666666666664 0.20075046904315197 0.3
0 0.7335834896810507 0.6416666666666667 0.12382739212007504 0.27
0 0.8358348968105066 0.6483333333333333 0.12570356472795496 0.27
0 0.9371482176360225 0.6466666666666666 0.12195121951219512 0.26666666666666666
0 0.6106941838649156 0.5966666666666667 0.1294559099437148 0.35333333333333333
0 0.6688555347091932 0.8766666666666667 0.21200750469043153 0.21333333333333335
0 0.8686679174484052 0.89 0.22138836772983114 0.22
0 0.3705440900562852 0.36333333333333334 0.2607879924953096 0.34
0 0.12851782363977485 0.35 0.25328330206378985 0.35333333333333333
0 0.29831144465290804 0.09833333333333333 0.14634146341463414 0.19666666666666666
0 0.4333958724202627 0.105 0.1350844277673546 0.20333333333333334
0 0.15572232645403378 0.09666666666666666 0.1425891181988743 0.18666666666666668
0 0.0450281425891182 0.08833333333333333 0.0900562851782364 0.17666666666666667
0 0.18198874296435272 0.6733333333333333 0.13883677298311445 0.29333333333333333
0 0.3123827392120075 0.6766666666666666 0.1294559099437148 0.29333333333333333
0 0.4324577861163227 0.6783333333333333 0.12195121951219512 0.2966666666666667
0 0.3696060037523452 0.9116666666666666 0.225140712945591 0.17666666666666667
0 0.1397748592870544 0.9016666666666666 0.24953095684803 0.19666666666666666
0 0.06566604127579738 0.66 0.1275797373358349 0.3
