0 0.236 0.09066666666666667 0.308 0.17066666666666666
0 0.011 0.014666666666666666 0.022 0.029333333333333333
0 0.039 0.036 0.038 0.072
0 0.11 0.04933333333333333 0.112 0.09866666666666667
0 0.161 0.2866666666666667 0.322 0.232
0 0.012 0.052 0.024 0.104
0 0.024 0.16266666666666665 0.048 0.12266666666666666
0 0.045 0.096 0.042 0.08
0 0.075 0.12133333333333333 0.034 0.09333333333333334
0 0.153 0.46 0.306 0.14133333333333334
0 0.16 0.596 0.304 0.136
0 0.175 0.7066666666666667 0.27 0.10133333333333333
0 0.181 0.804 0.274 0.10933333333333334
0 0.189 0.912 0.266 0.128
0 0.463 0.10933333333333334 0.286 0.208
0 0.449 0.30533333333333335 0.314 0.21066666666666667
0 0.451 0.4746666666666667 0.298 0.14933333333333335
0 0.453 0.6026666666666667 0.286 0.13333333333333333
0 0.447 0.7173333333333334 0.274 0.12266666666666666
0 0.442 0.8213333333333334 0.26 0.10133333333333333
0 0.445 0.9146666666666666 0.25 0.096
0 0.725 0.10266666666666667 0.31 0.19466666666666665
0 0.767 0.30533333333333335 0.334 0.232
0 0.759 0.484 0.326 0.168
0 0.745 0.62 0.31 0.14133333333333334
0 0.728 0.7306666666666667 0.296 0.14933333333333335
0 0.712 0.8426666666666667 0.28 0.12266666666666666
0 0.701 0.9333333333333333 0.262 0.112
0 0.79 0.012 0.124 0.024
0 0.87 0.018666666666666668 0.04 0.037333333333333336
0 0.931 0.02666666666666667 0.09 0.05333333333333334
0 0.918 0.08 0.084 0.08533333333333333
0 0.886 0.148 0.032 0.06666666666666667
0 0.873 0.20266666666666666 0.038 0.05333333333333334
0 0.984 0.028 0.032 0.056
0 0.958 0.10266666666666667 0.08 0.09866666666666667
0 0.947 0.168 0.102 0.10666666666666667
0 0.944 0.23333333333333334 0.112 0.104
0 0.944 0.2906666666666667 0.112 0.11733333333333333
0 0.958 0.364 0.084 0.08266666666666667
0 0.955 0.41733333333333333 0.09 0.07733333333333334
