0 0.048 0.21964017991004497 0.096 0.1424287856071964
0 0.222 0.22188905547226387 0.28 0.14992503748125938
0 0.438 0.2331334332833583 0.156 0.13043478260869565
0 0.044 0.35082458770614694 0.088 0.12893553223388307
0 0.18 0.3575712143928036 0.188 0.13343328335832083
0 0.395 0.3598200899550225 0.25 0.12893553223388307
0 0.05 0.4767616191904048 0.1 0.12293853073463268
0 0.225 0.47301349325337333 0.27 0.14842578710644677
0 0.024 0.5622188905547226 0.048 0.053973013493253376
0 0.187 0.5622188905547226 0.302 0.05997001499250375
0 0.018 0.6709145427286357 0.036 0.16941529235382308
0 0.167 0.7331334332833583 0.29 0.3238380809595202
0 0.022 0.802848575712144 0.044 0.10044977511244378
0 0.434 0.4752623688155922 0.148 0.1199400299850075
0 0.437 0.5412293853073463 0.266 0.047976011994003
0 0.393 0.6896551724137931 0.306 0.25787106446776614
0 0.247 0.8995502248875562 0.382 0.20089955022488756
0 0.266 0.9835082458770614 0.136 0.03298350824587706
0 0.435 0.9580209895052474 0.202 0.08395802098950525
0 0.588 0.6626686656671664 0.308 0.24287856071964017
0 0.579 0.843328335832084 0.282 0.18440779610194902
0 0.623 0.9385307346326837 0.182 0.12293853073463268
0 0.531 0.23163418290854573 0.058 0.136431784107946
0 0.713 0.2151424287856072 0.31 0.16941529235382308
0 0.562 0.3613193403298351 0.088 0.13193403298350825
0 0.768 0.3748125937031484 0.332 0.15592203898050974
0 0.53 0.47301349325337333 0.048 0.1184407796101949
0 0.693 0.5059970014992504 0.294 0.1664167916041979
0 0.926 0.22263868065967016 0.148 0.1634182908545727
0 0.957 0.37181409295352325 0.086 0.13793103448275862
0 0.901 0.5044977511244377 0.15 0.136431784107946
0 0.977 0.4970014992503748 0.046 0.12443778110944528
0 0.789 0.638680659670165 0.214 0.14392803598200898
0 0.939 0.6199400299850075 0.118 0.13043478260869565
0 0.76 0.7631184407796102 0.1 0.13193403298350825
0 0.868 0.7421289355322339 0.14 0.12893553223388307
0 0.96 0.7241379310344828 0.076 0.11094452773613193
0 0.784 0.863568215892054 0.16 0.1409295352323838
0 0.926 0.8290854572713643 0.148 0.12593703148425786
