0 0.273 0.14904386951631046 0.342 0.07086614173228346
0 0.562 0.1439820022497188 0.244 0.0764904386951631
0 0.805 0.140607424071991 0.25 0.0764904386951631
0 0.229 0.21822272215973004 0.222 0.06749156355455568
0 0.455 0.21653543307086615 0.226 0.07086614173228346
0 0.744 0.2125984251968504 0.348 0.0719910011248594
0 0.295 0.2823397075365579 0.326 0.06524184476940383
0 0.567 0.28177727784026996 0.222 0.06636670416197975
0 0.795 0.2823397075365579 0.242 0.06749156355455568
0 0.245 0.34758155230596177 0.218 0.06524184476940383
0 0.461 0.3464566929133858 0.214 0.06299212598425197
0 0.737 0.34701912260967377 0.338 0.06636670416197975
0 0.296 0.406636670416198 0.316 0.05961754780652419
0 0.56 0.40832395950506184 0.212 0.06074240719910011
0 0.789 0.4111361079865017 0.23 0.06411698537682789
0 0.249 0.46400449943757033 0.21 0.05961754780652419
0 0.463 0.46569178852643417 0.21 0.05849268841394826
0 0.729 0.4701912260967379 0.326 0.06524184476940383
0 0.316 0.5208098987626547 0.312 0.05399325084364454
0 0.573 0.5241844769403825 0.202 0.06074240719910011
0 0.784 0.5286839145106862 0.216 0.06074240719910011
0 0.261 0.5764904386951631 0.206 0.05736782902137233
0 0.464 0.577615298087739 0.2 0.05511811023622047
0 0.721 0.5821147356580427 0.314 0.05961754780652419
0 0.316 0.6304836895388076 0.296 0.05061867266591676
0 0.563 0.6332958380202475 0.202 0.0562429696287964
0 0.769 0.6366704161979753 0.21 0.06074240719910011
0 0.27 0.6811023622047244 0.196 0.05061867266591676
0 0.471 0.6822272215973003 0.202 0.052868391451068614
0 0.725 0.68785151856018 0.302 0.05736782902137233
0 0.327 0.7311586051743532 0.294 0.05174353205849269
0 0.574 0.7367829021372329 0.196 0.05399325084364454
0 0.772 0.7401574803149606 0.2 0.0562429696287964
0 0.276 0.7789651293588301 0.192 0.05061867266591676
0 0.474 0.7829021372328459 0.204 0.05174353205849269
0 0.721 0.7879640044994376 0.294 0.052868391451068614
0 0.333 0.8267716535433071 0.274 0.047244094488188976
0 0.568 0.8307086614173228 0.184 0.04611923509561305
0 0.766 0.8391451068616423 0.196 0.0562429696287964
