0 0.141 0.1679160419790105 0.182 0.1889055472263868
0 0.115 0.3613193403298351 0.194 0.2098950524737631
0 0.098 0.5839580209895052 0.196 0.2413793103448276
0 0.091 0.8388305847076462 0.182 0.2683658170914543
0 0.28 0.8380809595202399 0.216 0.2638680659670165
0 0.284 0.5839580209895052 0.2 0.23238380809595202
0 0.491 0.5794602698650675 0.214 0.2383808095952024
0 0.499 0.8395802098950524 0.222 0.272863568215892
0 0.721 0.843328335832084 0.222 0.27436281859070466
0 0.907 0.8425787106446777 0.186 0.272863568215892
0 0.698 0.5847076461769115 0.216 0.24887556221889057
0 0.894 0.5832083958020989 0.208 0.24587706146926536
0 0.886 0.3553223388305847 0.212 0.2098950524737631
0 0.69 0.356071964017991 0.212 0.21139430284857572
0 0.492 0.3553223388305847 0.192 0.2098950524737631
0 0.3 0.356071964017991 0.192 0.20839580209895053
0 0.313 0.16116941529235382 0.178 0.18140929535232383
0 0.492 0.15667166416791603 0.184 0.1874062968515742
0 0.678 0.15667166416791603 0.18 0.1874062968515742
0 0.855 0.15742128935532235 0.202 0.19490254872563717
