0 0.891 0.9053333333333333 0.218 0.18933333333333333
0 0.679 0.896 0.21 0.208
0 0.476 0.896 0.196 0.208
0 0.282 0.896 0.18 0.208
0 0.102 0.8893333333333333 0.184 0.22133333333333333
0 0.921 0.6946666666666667 0.158 0.248
0 0.761 0.6853333333333333 0.166 0.2613333333333333
0 0.608 0.6786666666666666 0.144 0.248
0 0.466 0.6706666666666666 0.14 0.24266666666666667
0 0.324 0.676 0.148 0.24266666666666667
0 0.184 0.6693333333333333 0.148 0.24
0 0.058 0.6706666666666666 0.116 0.23733333333333334
0 0.882 0.43733333333333335 0.236 0.272
0 0.666 0.436 0.204 0.25333333333333335
0 0.465 0.43333333333333335 0.186 0.24266666666666667
0 0.272 0.436 0.192 0.23733333333333334
0 0.091 0.436 0.178 0.232
0 0.067 0.204 0.134 0.24266666666666667
0 0.196 0.20266666666666666 0.148 0.24
0 0.335 0.19333333333333333 0.15 0.25866666666666666
0 0.477 0.184 0.138 0.26666666666666666
0 0.625 0.176 0.154 0.272
0 0.781 0.16933333333333334 0.174 0.28
0 0.932 0.17066666666666666 0.136 0.272
