0 0.07879924953095685 0.43666666666666665 0.1125703564727955 0.36666666666666664
0 0.18761726078799248 0.315 0.11632270168855535 0.3233333333333333
0 0.29924953095684803 0.3416666666666667 0.11069418386491557 0.3233333333333333
0 0.4099437148217636 0.33666666666666667 0.11069418386491557 0.32
0 0.5234521575984991 0.33666666666666667 0.11632270168855535 0.32
0 0.6397748592870544 0.33666666666666667 0.12382739212007504 0.3333333333333333
0 0.7570356472795498 0.33 0.11819887429643527 0.32
0 0.874296435272045 0.3333333333333333 0.1200750469043152 0.32666666666666666
0 0.8864915572232646 0.6716666666666666 0.11069418386491557 0.3233333333333333
0 0.7729831144465291 0.6733333333333333 0.1200750469043152 0.3333333333333333
0 0.6547842401500938 0.6716666666666666 0.1200750469043152 0.33
0 0.5365853658536586 0.67 0.11632270168855535 0.32666666666666666
0 0.41932457786116323 0.665 0.11444652908067542 0.33
0 0.30112570356472795 0.67 0.11819887429643527 0.32666666666666666
0 0.19136960600375236 0.6616666666666666 0.1125703564727955 0.37
