0 0.1282565130260521 0.23900293255131966 0.18036072144288579 0.34310850439882695
0 0.13226452905811623 0.6906158357771262 0.18837675350701402 0.47214076246334313
0 0.2965931863727455 0.8841642228739003 0.2605210420841683 0.2316715542521994
0 0.342685370741483 0.5835777126099707 0.1843687374749499 0.39296187683284456
0 0.3226452905811623 0.19941348973607037 0.22444889779559118 0.39882697947214074
0 0.045090180360721446 0.5733137829912024 0.026052104208416832 0.34310850439882695
0 0.041082164328657314 0.250733137829912 0.018036072144288578 0.2316715542521994
0 0.48697394789579157 0.30498533724340177 0.16032064128256512 0.46920821114369504
0 0.49599198396793587 0.8167155425219942 0.1342685370741483 0.36070381231671556
0 0.5621242484969939 0.6041055718475073 0.23046092184368738 0.3284457478005865
0 0.6232464929859719 0.2668621700879765 0.11623246492985972 0.3519061583577713
0 0.7134268537074149 0.34750733137829914 0.13226452905811623 0.40762463343108507
0 0.6112224448897795 0.8914956011730205 0.10420841683366733 0.21114369501466276
0 0.7004008016032064 0.8299120234604106 0.13026052104208416 0.3343108504398827
0 0.8236472945891784 0.3357771260997067 0.08817635270541083 0.2903225806451613
0 0.7695390781563126 0.6348973607038123 0.1843687374749499 0.2844574780058651
0 0.8797595190380761 0.42961876832844575 0.1282565130260521 0.3489736070381232
0 0.8717434869739479 0.8064516129032258 0.10420841683366733 0.36950146627565983
0 0.8006012024048096 0.8870967741935484 0.09418837675350701 0.22580645161290322
