0 0.088 0.2181409295352324 0.156 0.0944527736131934
0 0.242 0.20914542728635682 0.156 0.07946026986506746
0 0.467 0.19715142428785606 0.294 0.11244377811094453
0 0.649 0.23238380809595202 0.07 0.095952023988006
0 0.701 0.25337331334332835 0.054 0.050974512743628186
0 0.844 0.2631184407796102 0.212 0.025487256371814093
0 0.979 0.24962518740629686 0.042 0.049475262368815595
0 0.993 0.31634182908545727 0.01 0.08395802098950525
0 0.117 0.29985007496251875 0.206 0.08695652173913043
0 0.304 0.29235382308845576 0.176 0.09295352323838081
0 0.525 0.2938530734632684 0.266 0.10494752623688156
0 0.087 0.3808095952023988 0.138 0.07796101949025487
0 0.238 0.3785607196401799 0.172 0.08545727136431784
0 0.474 0.38455772113943026 0.304 0.0944527736131934
0 0.667 0.32233883058470764 0.026 0.07496251874062969
0 0.636 0.391304347826087 0.04 0.07496251874062969
0 0.831 0.3148425787106447 0.302 0.10494752623688156
0 0.769 0.4085457271364318 0.218 0.0944527736131934
0 0.943 0.4062968515742129 0.114 0.095952023988006
0 0.124 0.4580209895052474 0.2 0.0734632683658171
0 0.309 0.4617691154422789 0.17 0.08695652173913043
0 0.519 0.47301349325337333 0.258 0.10044977511244378
0 0.099 0.5299850074962519 0.142 0.07646176911544228
0 0.248 0.5389805097451275 0.156 0.08545727136431784
0 0.017 0.5847076461769115 0.034 0.13493253373313344
0 0.47 0.5584707646176912 0.292 0.11544227886056972
0 0.135 0.6049475262368815 0.206 0.08245877061469266
0 0.309 0.6221889055472264 0.146 0.08995502248875563
0 0.497 0.6394302848575713 0.238 0.11544227886056972
0 0.621 0.5419790104947526 0.05 0.07646176911544228
0 0.63 0.6079460269865068 0.032 0.0704647676161919
0 0.019 0.7331334332833583 0.038 0.17091454272863568
0 0.097 0.6746626686656672 0.13 0.08395802098950525
0 0.238 0.6904047976011994 0.156 0.0944527736131934
0 0.451 0.7181409295352323 0.282 0.11694152923538231
0 0.128 0.7466266866566716 0.184 0.09295352323838081
0 0.293 0.7736131934032984 0.154 0.09295352323838081
0 0.489 0.787856071964018 0.246 0.136431784107946
0 0.615 0.676911544227886 0.054 0.09745127436281859
0 0.63 0.7271364317841079 0.04 0.08095952023988005
0 0.574 0.8125937031484258 0.024 0.014992503748125937
0 0.417 0.8725637181409296 0.226 0.11694152923538231
0 0.101 0.8073463268365817 0.126 0.09145427286356822
0 0.237 0.8328335832083958 0.142 0.0944527736131934
0 0.128 0.8793103448275862 0.18 0.10344827586206896
0 0.29 0.9137931034482759 0.144 0.0944527736131934
0 0.445 0.9475262368815592 0.17 0.09895052473763119
0 0.983 0.5029985007496252 0.034 0.0944527736131934
0 0.808 0.4985007496251874 0.308 0.10644677661169415
0 0.935 0.5989505247376312 0.13 0.09745127436281859
0 0.759 0.5929535232383808 0.21 0.0944527736131934
0 0.807 0.6874062968515742 0.31 0.11244377811094453
0 0.98 0.6964017991004497 0.04 0.0944527736131934
0 0.934 0.7773613193403298 0.132 0.08245877061469266
0 0.751 0.7683658170914542 0.214 0.10044977511244378
0 0.705 0.8110944527736131 0.126 0.017991004497751123
0 0.81 0.9910044977511244 0.076 0.01199400299850075
0 0.738 0.992503748125937 0.196 0.014992503748125937
0 0.927 0.9910044977511244 0.146 0.014992503748125937
