0 0.194 0.07357357357357357 0.228 0.14714714714714713
0 0.41 0.06531531531531531 0.216 0.13063063063063063
0 0.157 0.25900900900900903 0.242 0.26876876876876876
0 0.38 0.24474474474474475 0.232 0.25825825825825827
0 0.502 0.1816816816816817 0.024 0.1021021021021021
0 0.121 0.481981981981982 0.242 0.2072072072072072
0 0.345 0.48573573573573575 0.242 0.25975975975975973
0 0.091 0.5968468468468469 0.182 0.06456456456456457
0 0.108 0.7545045045045045 0.216 0.26876876876876876
0 0.109 0.9286786786786787 0.218 0.14264264264264265
0 0.301 0.683933933933934 0.27 0.25675675675675674
0 0.33 0.825075075075075 0.196 0.052552552552552555
0 0.337 0.8738738738738738 0.21 0.05405405405405406
0 0.314 0.9391891891891891 0.256 0.12162162162162163
0 0.221 0.8363363363363363 0.038 0.08708708708708708
0 0.633 0.07357357357357357 0.234 0.14714714714714713
0 0.625 0.2635135135135135 0.238 0.25975975975975973
0 0.5 0.3153153153153153 0.032 0.14114114114114115
0 0.57 0.5075075075075075 0.252 0.24624624624624625
0 0.54 0.743993993993994 0.252 0.25675675675675674
0 0.559 0.9279279279279279 0.25 0.14414414414414414
0 0.861 0.08783783783783784 0.238 0.17267267267267267
0 0.847 0.30105105105105107 0.266 0.2627627627627628
0 0.698 0.40540540540540543 0.044 0.02702702702702703
0 0.695 0.5285285285285285 0.074 0.22522522522522523
0 0.844 0.5465465465465466 0.28 0.24624624624624625
0 0.699 0.7597597597597597 0.102 0.22522522522522523
0 0.855 0.7582582582582582 0.29 0.3003003003003003
0 0.816 0.9226726726726727 0.288 0.15465465465465467
