0 0.183 0.328 0.142 0.20266666666666666
0 0.321 0.3293333333333333 0.138 0.2
0 0.457 0.33066666666666666 0.13 0.192
0 0.586 0.3333333333333333 0.132 0.192
0 0.711 0.332 0.122 0.18933333333333333
0 0.833 0.33466666666666667 0.126 0.18933333333333333
0 0.16 0.528 0.164 0.20266666666666666
0 0.315 0.528 0.15 0.20266666666666666
0 0.456 0.5266666666666666 0.136 0.2
0 0.589 0.5253333333333333 0.134 0.19733333333333333
0 0.72 0.5253333333333333 0.132 0.19733333333333333
0 0.849 0.5253333333333333 0.13 0.19733333333333333
0 0.138 0.732 0.16 0.216
0 0.286 0.72 0.144 0.21866666666666668
0 0.443 0.728 0.146 0.208
0 0.58 0.7253333333333334 0.136 0.20266666666666666
0 0.715 0.72 0.138 0.192
0 0.848 0.7173333333333334 0.128 0.192
