0 0.13293233082706765 0.12411087689238086 0.11187969924812029 0.15082684221798875
0 0.23323308270676693 0.12365997452401617 0.10195488721804512 0.14902323274453
0 0.3344360902255639 0.12039093235337218 0.10706766917293231 0.15060139103380638
0 0.4323308270676691 0.11847459728782223 0.09593984962406017 0.1517286469547181
0 0.553233082706767 0.10652568452615797 0.1506766917293233 0.16976474168930572
0 0.7076691729323308 0.10246756321087576 0.16 0.17292105826785853
0 0.8619548872180451 0.09908579544814058 0.15218045112781953 0.17111744879439977
0 0.13997252747252747 0.3297115178674399 0.10082417582417583 0.14621809974133806
0 0.23736263736263738 0.32724022604082575 0.10164835164835168 0.1453943357991334
0 0.33914835164835166 0.3267253735769478 0.09532967032967031 0.14518839481358217
0 0.4373626373626373 0.32476893421421155 0.09230769230769233 0.14662998171244046
0 0.5542582417582418 0.31354515050167225 0.1447802197802198 0.16495872942649553
0 0.709478021978022 0.30952930128342426 0.1475274725274726 0.16557655238314908
0 0.8586538461538462 0.30674909797848326 0.14972527472527475 0.1649587294264955
0 0.1551315789473684 0.5064901759646493 0.09763157894736843 0.1374970409532076
0 0.24815789473684208 0.5049120176753727 0.09157894736842104 0.1367079618085694
0 0.42776315789473685 0.5040243036376547 0.08815789473684209 0.1365106920224098
0 0.5518421052631579 0.4954351771482679 0.13947368421052636 0.15368894500118355
0 0.6931 0.4944527736131934 0.143 0.15502248875562216
0 0.8388 0.49310344827586206 0.15039999999999998 0.15562218890554724
0 0.056346153846153844 0.8413101141736824 0.11192307692307692 0.23469034713412526
0 0.16115384615384612 0.840733479414139 0.13538461538461538 0.23469034713412526
0 0.2794230769230769 0.8394360512051665 0.1257692307692308 0.23324876023526692
0 0.39115384615384613 0.8397243685849383 0.12153846153846155 0.23728520355207003
0 0.5059615384615385 0.8364087187175643 0.12269230769230768 0.23815015569138503
0 0.6253846153846153 0.8346788144389344 0.12 0.2381501556913852
0 0.7381153846153845 0.833237227540076 0.13223076923076918 0.23815015569138503
0 0.8521778078809662 0.8316448470325506 0.14368615969498671 0.23806088587505408
0 0.9419497033986256 0.8309487553873193 0.10565672897298362 0.23858827766273516
0 0.34110692613517474 0.522450639087236 0.08863360535676917 0.06860976291515256
0 0.37184000000000006 0.7130434782608696 0.09664000000000005 0.04341829085457268
0 0.22688 0.7149625187406297 0.12224000000000002 0.04053973013493248
0 0.25824 0.6825787106446776 0.10815999999999999 0.026626686656671734
0 0.38576 0.6797001499250375 0.09631999999999999 0.023748125937031447
0 0.51664 0.6987706146926538 0.10272000000000003 0.03646176911544227
0 0.53088 0.6702248875562218 0.08959999999999997 0.02350824587706148
0 0.5336000000000001 0.6467166416791604 0.08096000000000003 0.0239880059970015
0 0.5256000000000001 0.6376011994002998 0.07968000000000007 0.04077961019490253
0 0.42575999999999997 0.639640179910045 0.07648000000000002 0.017031484257871085
0 0.42079999999999995 0.6582308845577212 0.07168000000000001 0.02302848575712146
0 0.26704 0.6599100449775112 0.040640000000000016 0.020629685157421362
0 0.6220757825370675 0.6297098567684857 0.07644151565074139 0.02593431455606629
0 0.6285008237232289 0.6597195636119337 0.0978583196046128 0.03803699468223049
0 0.6461285008237232 0.6942986496866888 0.11729818780889616 0.04198889023363107
0 0.7507413509060955 0.6936811660067824 0.11630971993410219 0.03828398815419306
0 0.7197693574958814 0.6640419493712781 0.09654036243822077 0.04519980536914411
0 0.872652388797364 0.6929401855908948 0.12817133443163095 0.03877797509811819
0 0.8143327841845139 0.6703402829063229 0.08995057660626037 0.05779647243923344
0 0.900494233937397 0.6428005107825 0.09555189456342669 0.06001941368689621
0 0.8413509060955519 0.6463819161259567 0.04579901153212518 0.055820524663533155
0 0.9281129653401797 0.6493543985388565 0.10680359435173295 0.04542016539868704
0 0.9484223363286265 0.6725456270581013 0.09915532734274711 0.04176345716743681
0 0.9673940949935815 0.6922726056740564 0.061103979460847196 0.03618216565658121
0 0.11576923076923078 0.7068100565102065 0.13076923076923078 0.03200322915465339
0 0.15461538461538463 0.6824472379195018 0.11 0.02191212086264564
0 0.18328947368421053 0.6624319419237749 0.10342105263157893 0.019726978615955144
0 0.2026315789473684 0.6433954075593781 0.09631578947368422 0.019529708829795652
0 0.24802631578947365 0.6223861753333859 0.07184210526315789 0.019726978615955144
0 0.15631578947368419 0.61173360688077 0.0863157894736842 0.014203424603487707
0 0.12855263157894734 0.6262329361634972 0.08973684210526316 0.01755701096820012
0 0.10671052631578946 0.6542452457981535 0.09605263157894738 0.040045766590389026
0 0.06736842105263158 0.672098161445593 0.11105263157894738 0.042215734238144134
0 0.043421052631578944 0.6956719008916594 0.08684210526315789 0.0522764933322812
0 0.019865319865319864 0.7159299138309634 0.03973063973063973 0.04215064185079178
0 0.4455295735900962 0.6240346126799048 0.07290233837689135 0.015673043808219676
0 0.6984070796460176 0.629817834445609 0.05451327433628319 0.023085802231627515
