0 0.104 0.16902654867256636 0.204 0.2778761061946903
0 0.303 0.16460176991150444 0.198 0.27964601769911507
0 0.501 0.15663716814159293 0.194 0.2743362831858407
0 0.701 0.1495575221238938 0.198 0.2743362831858407
0 0.897 0.1433628318584071 0.202 0.26902654867256637
0 0.893 0.4176991150442478 0.202 0.2831858407079646
0 0.697 0.42743362831858406 0.198 0.2849557522123894
0 0.501 0.43628318584070797 0.198 0.2884955752212389
0 0.303 0.4398230088495575 0.198 0.2849557522123894
0 0.108 0.4451327433628319 0.204 0.2849557522123894
0 0.101 0.7769911504424779 0.198 0.30796460176991153
0 0.296 0.7769911504424779 0.188 0.31150442477876106
0 0.489 0.7716814159292036 0.202 0.30796460176991153
0 0.696 0.7548672566371681 0.204 0.2778761061946903
0 0.894 0.7495575221238938 0.204 0.2814159292035398
