0 0.017 0.272 0.034 0.192
0 0.072 0.26266666666666666 0.14 0.216
0 0.182 0.24266666666666667 0.128 0.21866666666666668
0 0.294 0.228 0.124 0.22666666666666666
0 0.416 0.21066666666666667 0.124 0.22933333333333333
0 0.538 0.19466666666666665 0.132 0.224
0 0.662 0.19466666666666665 0.14 0.24533333333333332
0 0.792 0.18933333333333333 0.152 0.24533333333333332
0 0.054 0.48933333333333334 0.108 0.25866666666666666
0 0.154 0.4746666666666667 0.148 0.26666666666666666
0 0.279 0.46 0.146 0.264
0 0.412 0.444 0.136 0.25866666666666666
0 0.552 0.43333333333333335 0.148 0.2693333333333333
0 0.682 0.436 0.148 0.264
0 0.789 0.42933333333333334 0.13 0.25066666666666665
0 0.808 0.708 0.136 0.30666666666666664
0 0.695 0.7146666666666667 0.134 0.304
0 0.04 0.768 0.08 0.2986666666666667
0 0.128 0.7546666666666667 0.16 0.30933333333333335
0 0.262 0.744 0.156 0.32
0 0.406 0.7306666666666667 0.152 0.33066666666666666
0 0.56 0.7293333333333333 0.152 0.328
0 0.023 0.9586666666666667 0.046 0.08266666666666667
0 0.115 0.9546666666666667 0.15 0.09066666666666667
0 0.259 0.9466666666666667 0.146 0.10666666666666667
0 0.41 0.9413333333333334 0.156 0.112
0 0.573 0.9426666666666667 0.17 0.11466666666666667
0 0.721 0.9346666666666666 0.15 0.13066666666666665
0 0.894 0.9413333333333334 0.212 0.11733333333333333
