0 0.1880907372400756 0.6366666666666667 0.1001890359168242 0.06
0 0.27882797731569 0.6366666666666667 0.09262759924385633 0.06
0 0.3695652173913043 0.6383333333333333 0.09262759924385633 0.07
0 0.46313799621928164 0.6316666666666667 0.0945179584120983 0.08333333333333333
0 0.5595463137996219 0.6466666666666666 0.10207939508506617 0.06
0 0.6587901701323251 0.6516666666666666 0.1001890359168242 0.056666666666666664
0 0.7627599243856332 0.6466666666666666 0.11153119092627599 0.06666666666666667
0 0.7599243856332704 0.5483333333333333 0.11720226843100189 0.16333333333333333
0 0.6521739130434783 0.5416666666666666 0.10207939508506617 0.17666666666666667
0 0.552930056710775 0.5383333333333333 0.09640831758034027 0.17
0 0.45841209829867674 0.5183333333333333 0.09640831758034027 0.17666666666666667
0 0.3667296786389414 0.5283333333333333 0.0945179584120983 0.15666666666666668
0 0.27032136105860116 0.5333333333333333 0.09829867674858223 0.16
0 0.17391304347826086 0.54 0.10207939508506617 0.16666666666666666
0 0.16351606805293006 0.38166666666666665 0.10775047258979206 0.17666666666666667
0 0.2655954631379962 0.38 0.10396975425330812 0.15333333333333332
0 0.3591682419659735 0.37333333333333335 0.10207939508506617 0.16666666666666666
0 0.45368620037807184 0.3616666666666667 0.0945179584120983 0.16333333333333333
0 0.5491493383742911 0.38166666666666665 0.10396975425330812 0.16333333333333333
0 0.6493383742911153 0.37333333333333335 0.1001890359168242 0.16666666666666666
0 0.7570888468809074 0.38 0.11531190926275993 0.18
0 0.7533081285444234 0.21333333333333335 0.12287334593572778 0.18
0 0.6427221172022685 0.20833333333333334 0.11342155009451796 0.18333333333333332
0 0.554820415879017 0.23833333333333334 0.062381852551984876 0.12333333333333334
0 0.4810964083175803 0.24333333333333335 0.09262759924385633 0.12
0 0.43289224952741023 0.135 0.04914933837429111 0.14333333333333334
0 0.4933837429111531 0.12166666666666667 0.08695652173913043 0.15
0 0.5765595463137996 0.11333333333333333 0.0831758034026465 0.14
0 0.6899810964083176 0.06166666666666667 0.11720226843100189 0.12333333333333334
0 0.16257088846880907 0.22166666666666668 0.10207939508506617 0.17666666666666667
0 0.27977315689981097 0.22166666666666668 0.14744801512287334 0.17
0 0.23062381852551986 0.07666666666666666 0.14366729678638943 0.15333333333333332
0 0.33742911153119093 0.14166666666666666 0.09640831758034027 0.14333333333333334
0 0.3941398865784499 0.25 0.08506616257088846 0.1
