0 0.117 0.204 0.234 0.21066666666666667
0 0.378 0.112 0.292 0.224
0 0.688 0.12133333333333333 0.288 0.216
0 0.127 0.392 0.254 0.18666666666666668
0 0.369 0.32 0.282 0.21333333333333335
0 0.672 0.3253333333333333 0.276 0.208
0 0.911 0.3253333333333333 0.178 0.192
0 0.922 0.5026666666666667 0.156 0.15733333333333333
0 0.707 0.508 0.27 0.216
0 0.675 0.6573333333333333 0.254 0.22133333333333333
0 0.682 0.84 0.236 0.16
0 0.686 0.956 0.248 0.088
0 0.394 0.5013333333333333 0.272 0.19733333333333333
0 0.914 0.12133333333333333 0.172 0.216
0 0.4 0.6666666666666666 0.256 0.176
0 0.419 0.7893333333333333 0.254 0.23466666666666666
0 0.421 0.948 0.246 0.104
0 0.13 0.5613333333333334 0.26 0.17866666666666667
0 0.152 0.7293333333333333 0.276 0.168
0 0.159 0.8733333333333333 0.222 0.14133333333333334
0 0.164 0.964 0.212 0.06666666666666667
0 0.9 0.784 0.2 0.432
0 0.859 0.8866666666666667 0.134 0.22666666666666666
