0 0.201 0.0239880059970015 0.23 0.047976011994003
0 0.432 0.04047976011994003 0.224 0.08095952023988005
0 0.655 0.035982008995502246 0.222 0.07196401799100449
0 0.867 0.04272863568215892 0.226 0.08545727136431784
0 0.978 0.043478260869565216 0.044 0.08395802098950525
0 0.174 0.21064467766116943 0.348 0.36431784107946025
0 0.548 0.22938530734632684 0.4 0.3448275862068966
0 0.85 0.239880059970015 0.3 0.32983508245877063
0 0.267 0.5269865067466267 0.534 0.28335832083958024
0 0.756 0.5307346326836582 0.488 0.2608695652173913
0 0.976 0.5629685157421289 0.048 0.17541229385307347
0 0.208 0.7736131934032984 0.328 0.21889055472263869
0 0.527 0.7653673163418291 0.306 0.21139430284857572
0 0.812 0.7563718140929535 0.324 0.21139430284857572
0 0.958 0.7518740629685158 0.084 0.20539730134932535
