0 0.76875 0.15390625 0.4625 0.2890625
0 0.7770833333333333 0.3890625 0.44583333333333336 0.24375
0 0.7791666666666667 0.59453125 0.44166666666666665 0.2828125
0 0.7833333333333333 0.75546875 0.43333333333333335 0.3421875
0 0.45 0.721875 0.24166666666666667 0.30625
0 0.440625 0.46875 0.24791666666666667 0.25
0 0.446875 0.22421875 0.21458333333333332 0.2390625
0 0.26979166666666665 0.53125 0.11875 0.20625
0 0.278125 0.696875 0.11875 0.19375
0 0.15729166666666666 0.66953125 0.13125 0.1640625
0 0.14791666666666667 0.52578125 0.14166666666666666 0.1734375
