0 0.896969696969697 0.44545454545454544 0.20606060606060606 0.1
0 0.9090909090909091 0.55 0.18181818181818182 0.1
0 0.9090909090909091 0.6545454545454545 0.18181818181818182 0.1
0 0.9121212121212121 0.7613636363636364 0.17575757575757575 0.10454545454545454
0 0.6878787878787879 0.45227272727272727 0.22424242424242424 0.10454545454545454
0 0.6848484848484848 0.5522727272727272 0.23030303030303031 0.10454545454545454
0 0.696969696969697 0.6545454545454545 0.23030303030303031 0.10909090909090909
0 0.7090909090909091 0.7613636363636364 0.23030303030303031 0.11363636363636363
0 0.47575757575757577 0.7636363636363637 0.22424242424242424 0.1
0 0.4666666666666667 0.6568181818181819 0.21818181818181817 0.10454545454545454
0 0.4636363636363636 0.5568181818181818 0.21212121212121213 0.09545454545454546
0 0.4696969696969697 0.45681818181818185 0.21212121212121213 0.09545454545454546
0 0.2545454545454545 0.46136363636363636 0.20606060606060606 0.09545454545454546
0 0.24848484848484848 0.5590909090909091 0.20606060606060606 0.1
0 0.24848484848484848 0.6636363636363637 0.20606060606060606 0.1
0 0.2515151515151515 0.7681818181818182 0.21212121212121213 0.1
0 0.07272727272727272 0.46136363636363636 0.14545454545454545 0.09545454545454546
0 0.07272727272727272 0.5613636363636364 0.14545454545454545 0.10454545454545454
0 0.0696969696969697 0.6636363636363637 0.1393939393939394 0.1
0 0.0696969696969697 0.7681818181818182 0.1393939393939394 0.1
0 0.8242424242424242 0.15454545454545454 0.1696969696969697 0.08181818181818182
0 0.8242424242424242 0.2340909090909091 0.18181818181818182 0.07727272727272727
0 0.8303030303030303 0.31136363636363634 0.18181818181818182 0.07727272727272727
0 0.6515151515151515 0.16136363636363638 0.16363636363636364 0.08636363636363636
0 0.6393939393939394 0.2431818181818182 0.16363636363636364 0.08636363636363636
0 0.6515151515151515 0.3181818181818182 0.16363636363636364 0.08181818181818182
0 0.48484848484848486 0.17727272727272728 0.15757575757575756 0.08181818181818182
0 0.4818181818181818 0.26136363636363635 0.1393939393939394 0.05909090909090909
0 0.47575757575757577 0.325 0.16363636363636364 0.07727272727272727
0 0.3212121212121212 0.17727272727272728 0.15757575757575756 0.08181818181818182
0 0.3212121212121212 0.25227272727272726 0.1696969696969697 0.07727272727272727
0 0.3151515151515151 0.32954545454545453 0.15757575757575756 0.07727272727272727
0 0.16363636363636364 0.18181818181818182 0.15757575757575756 0.07272727272727272
0 0.15454545454545454 0.2590909090909091 0.16363636363636364 0.07272727272727272
0 0.15151515151515152 0.32954545454545453 0.15757575757575756 0.06818181818181818
0 0.15757575757575756 0.3886363636363636 0.15757575757575756 0.05
0 0.3151515151515151 0.38181818181818183 0.1696969696969697 0.05454545454545454
0 0.48484848484848486 0.3840909090909091 0.1696969696969697 0.05
0 0.6545454545454545 0.3795454545454545 0.1696969696969697 0.04090909090909091
0 0.8272727272727273 0.37272727272727274 0.18787878787878787 0.05454545454545454
