0 0.794 0.8213333333333334 0.328 0.35733333333333334
0 0.568 0.7893333333333333 0.148 0.3466666666666667
0 0.639 0.98 0.118 0.04
0 0.93 0.964 0.14 0.072
0 0.976 0.7813333333333333 0.048 0.3253333333333333
0 0.415 0.9466666666666667 0.366 0.10666666666666667
0 0.116 0.9533333333333334 0.232 0.09333333333333334
0 0.308 0.912 0.328 0.15466666666666667
0 0.231 0.8453333333333334 0.282 0.112
0 0.074 0.8813333333333333 0.148 0.136
0 0.171 0.796 0.254 0.088
0 0.121 0.756 0.234 0.072
0 0.031 0.7866666666666666 0.062 0.07466666666666667
0 0.443 0.7413333333333333 0.114 0.304
0 0.346 0.6986666666666667 0.08 0.26666666666666666
0 0.274 0.6733333333333333 0.08 0.248
0 0.222 0.644 0.064 0.216
0 0.761 0.5093333333333333 0.378 0.4
0 0.489 0.476 0.186 0.31733333333333336
0 0.336 0.46 0.128 0.264
0 0.23 0.44533333333333336 0.088 0.21866666666666668
0 0.972 0.49066666666666664 0.056 0.31466666666666665
0 0.975 0.17866666666666667 0.05 0.31466666666666665
0 0.788 0.16666666666666666 0.328 0.3333333333333333
0 0.551 0.16266666666666665 0.146 0.3253333333333333
0 0.425 0.18533333333333332 0.106 0.2906666666666667
0 0.331 0.20533333333333334 0.086 0.256
0 0.259 0.22666666666666666 0.062 0.23466666666666666
0 0.205 0.24533333333333332 0.054 0.208
0 0.217 0.07733333333333334 0.09 0.15466666666666667
0 0.326 0.06266666666666666 0.128 0.12533333333333332
0 0.487 0.037333333333333336 0.198 0.07466666666666667
0 0.157 0.428 0.058 0.168
0 0.16 0.592 0.056 0.16533333333333333
0 0.08 0.6013333333333334 0.108 0.17866666666666667
0 0.159 0.6973333333333334 0.062 0.06666666666666667
0 0.062 0.712 0.124 0.07466666666666667
0 0.013 0.6093333333333333 0.026 0.17866666666666667
0 0.063 0.42933333333333334 0.126 0.18133333333333335
0 0.133 0.26666666666666666 0.098 0.16533333333333333
0 0.067 0.268 0.034 0.14666666666666667
0 0.099 0.128 0.13 0.16533333333333333
0 0.17 0.12666666666666668 0.016 0.12
0 0.038 0.2733333333333333 0.028 0.136
0 0.012 0.2786666666666667 0.024 0.12
0 0.016 0.15066666666666667 0.032 0.14666666666666667
0 0.532 0.924 0.088 0.056
0 0.601 0.964 0.046 0.04533333333333334
