0 0.525 0.3118440779610195 0.31 0.17991004497751126
0 0.767 0.6071964017991005 0.302 0.19790104947526238
0 0.927 0.7578710644677661 0.146 0.1934032983508246
0 0.912 0.8898050974512743 0.176 0.16041979010494753
0 0.503 0.4700149925037481 0.254 0.15742128935532235
0 0.505 0.6094452773613194 0.25 0.1454272863568216
0 0.735 0.7556221889055472 0.258 0.13493253373313344
0 0.493 0.7383808095952024 0.238 0.136431784107946
0 0.718 0.8703148425787106 0.248 0.12443778110944528
0 0.488 0.856071964017991 0.232 0.12593703148425786
0 0.717 0.9557721139430285 0.238 0.08845577211394302
0 0.494 0.952023988005997 0.224 0.095952023988006
0 0.186 0.10944527736131934 0.372 0.21889055472263869
0 0.186 0.3110944527736132 0.372 0.21139430284857572
0 0.187 0.49250374812593706 0.374 0.20239880059970014
0 0.181 0.6544227886056971 0.362 0.20539730134932535
0 0.184 0.7863568215892054 0.352 0.22938530734632684
0 0.195 0.9017991004497751 0.334 0.19640179910044978
