0 0.171 0.11693548387096774 0.33 0.23387096774193547
0 0.472 0.10618279569892473 0.276 0.21236559139784947
0 0.348 0.33602150537634407 0.592 0.3010752688172043
0 0.219 0.5913978494623656 0.298 0.2849462365591398
0 0.489 0.5336021505376344 0.25 0.2553763440860215
0 0.729 0.0913978494623656 0.238 0.1827956989247312
0 0.753 0.29301075268817206 0.23 0.23655913978494625
0 0.915 0.08736559139784947 0.17 0.17473118279569894
0 0.927 0.27553763440860213 0.146 0.20161290322580644
0 0.907 0.4637096774193548 0.186 0.20161290322580644
0 0.72 0.4986559139784946 0.216 0.22311827956989247
0 0.724 0.6720430107526881 0.24 0.22580645161290322
0 0.916 0.625 0.168 0.20698924731182797
0 0.885 0.7795698924731183 0.23 0.23118279569892472
0 0.33 0.7526881720430108 0.556 0.3279569892473118
0 0.687 0.8239247311827957 0.182 0.18548387096774194
