0 0.049 0.228 0.098 0.28
0 0.157 0.204 0.142 0.31733333333333336
0 0.449 0.16133333333333333 0.142 0.32266666666666666
0 0.3 0.176 0.164 0.3466666666666667
0 0.622 0.15333333333333332 0.212 0.30666666666666664
0 0.864 0.14266666666666666 0.272 0.2853333333333333
0 0.892 0.48 0.216 0.448
0 0.674 0.4786666666666667 0.228 0.3973333333333333
0 0.473 0.47733333333333333 0.182 0.3466666666666667
0 0.31 0.496 0.164 0.31466666666666665
0 0.168 0.49466666666666664 0.14 0.2853333333333333
0 0.056 0.492 0.112 0.2693333333333333
0 0.055 0.7813333333333333 0.11 0.32
0 0.177 0.8066666666666666 0.138 0.3546666666666667
0 0.321 0.8213333333333334 0.166 0.35733333333333334
0 0.465 0.8106666666666666 0.142 0.336
0 0.635 0.8253333333333334 0.21 0.34933333333333333
0 0.871 0.8386666666666667 0.258 0.32266666666666666
