0 0.755 0.362 0.234 0.284
0 0.919 0.369 0.158 0.31
0 0.557 0.347 0.206 0.27
0 0.374 0.332 0.184 0.248
0 0.608 0.175 0.236 0.094
0 0.884 0.173 0.228 0.09
0 0.216 0.325 0.156 0.238
0 0.074 0.315 0.136 0.23
0 0.024 0.509 0.044 0.202
0 0.105 0.524 0.146 0.216
0 0.242 0.547 0.144 0.226
0 0.386 0.568 0.152 0.236
0 0.55 0.594 0.188 0.26
0 0.733 0.624 0.21 0.272
0 0.902 0.664 0.192 0.308
0 0.821 0.882 0.214 0.232
0 0.952 0.904 0.096 0.184
0 0.622 0.856 0.196 0.264
0 0.458 0.813 0.156 0.238
0 0.294 0.766 0.184 0.216
0 0.14 0.735 0.128 0.202
0 0.044 0.708 0.088 0.188
0 0.11 0.169 0.184 0.078
0 0.272 0.176 0.14 0.064
0 0.403 0.178 0.154 0.068
