0 0.812 0.6103603603603603 0.336 0.13363363363363365
0 0.859 0.7387387387387387 0.282 0.15915915915915915
0 0.863 0.8558558558558559 0.274 0.17117117117117117
0 0.806 0.4947447447447447 0.34 0.11861861861861862
0 0.334 0.7912912912912913 0.324 0.2072072072072072
0 0.365 0.9106606606606606 0.318 0.17867867867867868
0 0.607 0.7484984984984985 0.266 0.14864864864864866
0 0.622 0.8498498498498499 0.22 0.12312312312312312
0 0.504 0.4466966966966967 0.292 0.12162162162162163
0 0.496 0.5555555555555556 0.276 0.10810810810810811
0 0.497 0.6501501501501501 0.274 0.10810810810810811
0 0.252 0.44144144144144143 0.2 0.12612612612612611
0 0.252 0.5593093093093093 0.212 0.12162162162162163
0 0.249 0.6651651651651652 0.19 0.12312312312312312
0 0.468 0.33783783783783783 0.244 0.09309309309309309
0 0.245 0.3325825825825826 0.146 0.08558558558558559
0 0.631 0.41291291291291293 0.122 0.057057057057057055
0 0.732 0.39414414414414417 0.188 0.08858858858858859
0 0.697 0.33933933933933935 0.146 0.06906906906906907
