0 0.745 0.23613193403298352 0.162 0.14842578710644677
0 0.587 0.24437781109445278 0.154 0.1469265367316342
0 0.438 0.24812593703148425 0.148 0.1424287856071964
0 0.294 0.25337331334332835 0.148 0.13793103448275862
0 0.718 0.37556221889055474 0.216 0.136431784107946
0 0.506 0.3808095952023988 0.204 0.13193403298350825
0 0.306 0.38455772113943026 0.204 0.12743628185907047
0 0.748 0.5037481259370314 0.148 0.12593703148425786
0 0.595 0.5059970014992504 0.142 0.12443778110944528
0 0.449 0.507496251874063 0.142 0.12143928035982009
0 0.298 0.5104947526236882 0.148 0.12143928035982009
0 0.722 0.6259370314842578 0.204 0.12143928035982009
0 0.522 0.6259370314842578 0.196 0.1184407796101949
0 0.331 0.6274362818590704 0.198 0.11544227886056972
0 0.741 0.7428785607196402 0.138 0.11544227886056972
0 0.603 0.7428785607196402 0.134 0.11544227886056972
0 0.457 0.7421289355322339 0.134 0.11394302848575712
0 0.309 0.7406296851574213 0.134 0.10794602698650675
0 0.72 0.8553223388305847 0.192 0.10944527736131934
0 0.53 0.8538230884557722 0.188 0.11244377811094453
0 0.343 0.8500749625187406 0.186 0.10794602698650675
0 0.973 0.25412293853073464 0.054 0.12443778110944528
0 0.912 0.2683658170914543 0.072 0.11394302848575712
0 0.977 0.3733133433283358 0.046 0.12593703148425786
0 0.938 0.37031484257871067 0.032 0.10794602698650675
0 0.956 0.48425787106446777 0.056 0.12593703148425786
0 0.94 0.5719640179910045 0.08 0.12443778110944528
0 0.898 0.3695652173913043 0.048 0.09745127436281859
0 0.898 0.4662668665667166 0.06 0.10794602698650675
0 0.025 0.29910044977511246 0.05 0.0944527736131934
0 0.068 0.3058470764617691 0.04 0.08395802098950525
0 0.142 0.3148425787106447 0.112 0.06896551724137931
0 0.12 0.383808095952024 0.076 0.07196401799100449
0 0.172 0.3815592203898051 0.036 0.06446776611694154
0 0.132 0.4527736131934033 0.084 0.07796101949025487
0 0.19 0.444527736131934 0.04 0.06746626686656672
0 0.055 0.3875562218890555 0.062 0.08245877061469266
0 0.075 0.46326836581709147 0.038 0.08395802098950525
0 0.038 0.47226386806596704 0.044 0.08995502248875563
0 0.148 0.5164917541229386 0.108 0.08545727136431784
0 0.144 0.5824587706146926 0.092 0.08245877061469266
0 0.149 0.6454272863568216 0.086 0.09145427286356822
0 0.06 0.5449775112443778 0.072 0.09745127436281859
0 0.065 0.6229385307346327 0.086 0.11544227886056972
0 0.074 0.6874062968515742 0.068 0.10644677661169415
0 0.014 0.38830584707646176 0.028 0.08995502248875563
0 0.012 0.4782608695652174 0.024 0.08695652173913043
0 0.019 0.5629685157421289 0.038 0.0944527736131934
0 0.015 0.6499250374812594 0.03 0.0944527736131934
0 0.026 0.7421289355322339 0.052 0.1199400299850075
0 0.868 0.36806596701649175 0.024 0.08545727136431784
0 0.868 0.2841079460269865 0.028 0.09145427286356822
