0 0.799 0.5186170212765957 0.402 0.35106382978723405
0 0.941 0.8444148936170213 0.118 0.3058510638297872
0 0.75 0.8377659574468085 0.296 0.324468085106383
0 0.462 0.8337765957446809 0.28 0.31648936170212766
0 0.19 0.8164893617021277 0.292 0.30851063829787234
0 0.339 0.5039893617021277 0.526 0.3537234042553192
0 0.794 0.1276595744680851 0.412 0.2553191489361702
0 0.797 0.300531914893617 0.406 0.09574468085106383
0 0.385 0.14361702127659576 0.402 0.20212765957446807
0 0.386 0.2912234042553192 0.404 0.09840425531914894
0 0.039 0.5452127659574468 0.078 0.21808510638297873
0 0.09 0.33643617021276595 0.18 0.19946808510638298
0 0.092 0.13962765957446807 0.184 0.19946808510638298
0 0.04 0.8125 0.08 0.31117021276595747
0 0.174 0.9827127659574468 0.284 0.034574468085106384
