0 0.23446893787575152 0.31283422459893045 0.20841683366733466 0.053475935828877004
0 0.21643286573146292 0.35561497326203206 0.22444889779559118 0.058823529411764705
0 0.19438877755511022 0.42513368983957217 0.2605210420841683 0.0962566844919786
0 0.156312625250501 0.516042780748663 0.2845691382765531 0.12834224598930483
0 0.42985971943887774 0.32620320855614976 0.21042084168336672 0.058823529411764705
0 0.4318637274549098 0.40106951871657753 0.22244488977955912 0.0855614973262032
0 0.41783567134268534 0.5093582887700535 0.2545090180360721 0.14705882352941177
0 0.05711422845691383 0.6951871657754011 0.11422845691382766 0.25133689839572193
0 0.13627254509018036 0.6911764705882353 0.18036072144288579 0.24866310160427807
0 0.2545090180360721 0.696524064171123 0.1523046092184369 0.24331550802139038
0 0.3687374749498998 0.6991978609625669 0.13226452905811623 0.23796791443850268
0 0.48997995991983967 0.7005347593582888 0.12224448897795591 0.24064171122994651
0 0.48897795591182364 0.8596256684491979 0.10821643286573146 0.08823529411764706
0 0.3727454909819639 0.8582887700534759 0.12424849699398798 0.08021390374331551
0 0.2635270541082164 0.8556149732620321 0.12224448897795591 0.08021390374331551
0 0.1432865731462926 0.8556149732620321 0.13026052104208416 0.0855614973262032
0 0.04609218436873747 0.8609625668449198 0.09218436873747494 0.08021390374331551
0 0.6713426853707415 0.36764705882352944 0.24849699398797595 0.22727272727272727
0 0.8787575150300602 0.3877005347593583 0.24248496993987975 0.25668449197860965
0 0.7715430861723447 0.679144385026738 0.45691382765531063 0.41711229946524064
