0 0.9766666666666667 0.5647058823529412 0.04666666666666667 0.24705882352941178
0 0.95 0.7823529411764706 0.1 0.23529411764705882
0 0.9383333333333334 0.9352941176470588 0.12333333333333334 0.12941176470588237
0 0.7616666666666667 0.15294117647058825 0.33 0.3058823529411765
0 0.7366666666666667 0.4117647058823529 0.28 0.2235294117647059
0 0.7183333333333334 0.6176470588235294 0.25 0.17647058823529413
0 0.7033333333333334 0.7823529411764706 0.22666666666666666 0.15294117647058825
0 0.6916666666666667 0.9264705882352942 0.20333333333333334 0.13529411764705881
0 0.45 0.16470588235294117 0.29333333333333333 0.2823529411764706
0 0.465 0.4176470588235294 0.25666666666666665 0.21176470588235294
0 0.475 0.611764705882353 0.23 0.16470588235294117
0 0.485 0.7794117647058824 0.20333333333333334 0.14705882352941177
0 0.49166666666666664 0.9147058823529411 0.19 0.12352941176470589
0 0.49833333333333335 0.9882352941176471 0.17666666666666667 0.023529411764705882
0 0.18166666666666667 0.18235294117647058 0.30333333333333334 0.27058823529411763
0 0.22166666666666668 0.42058823529411765 0.2633333333333333 0.20588235294117646
0 0.26 0.6088235294117647 0.23333333333333334 0.1588235294117647
0 0.285 0.7676470588235295 0.21 0.13529411764705881
0 0.30833333333333335 0.9 0.19 0.11764705882352941
0 0.32666666666666666 0.9794117647058823 0.16666666666666666 0.041176470588235294
0 0.043333333333333335 0.29411764705882354 0.08666666666666667 0.3058823529411765
0 0.06166666666666667 0.5676470588235294 0.12333333333333334 0.2529411764705882
0 0.09833333333333333 0.7794117647058824 0.14333333333333334 0.19411764705882353
0 0.145 0.9323529411764706 0.14333333333333334 0.13529411764705881
0 0.03166666666666667 0.788235294117647 0.06333333333333334 0.17647058823529413
0 0.055 0.9352941176470588 0.08333333333333333 0.12941176470588237
