0 0.139 0.8651241534988713 0.278 0.2178329571106095
0 0.12 0.9858916478555305 0.24 0.028216704288939052
0 0.377 0.9808126410835214 0.27 0.03837471783295711
0 0.67 0.9774266365688488 0.276 0.04288939051918736
0 0.907 0.9746049661399548 0.186 0.050790067720090294
0 0.381 0.8623024830699775 0.294 0.2144469525959368
0 0.673 0.8899548532731377 0.298 0.14108352144469527
0 0.906 0.8809255079006773 0.188 0.14108352144469527
0 0.555 0.7488713318284425 0.374 0.1455981941309255
0 0.868 0.7437923250564334 0.264 0.15349887133182843
0 0.867 0.5981941309255079 0.266 0.15349887133182843
0 0.549 0.5965011286681715 0.37 0.18397291196388263
0 0.141 0.6997742663656885 0.246 0.12866817155756208
0 0.324 0.6969525959367946 0.112 0.12076749435665914
0 0.136 0.572234762979684 0.264 0.14221218961625282
0 0.316 0.5688487584650113 0.12 0.1399548532731377
0 0.654 0.4463882618510158 0.332 0.16817155756207675
0 0.907 0.44130925507900676 0.186 0.16478555304740405
0 0.173 0.44187358916478553 0.31 0.13205417607223477
0 0.356 0.3058690744920993 0.264 0.14672686230248308
0 0.43 0.44243792325056436 0.152 0.12866817155756208
0 0.587 0.3030474040632054 0.206 0.1455981941309255
0 0.838 0.2782167042889391 0.324 0.172686230248307
0 0.138 0.3244920993227991 0.188 0.10496613995485328
0 0.179 0.21388261851015802 0.278 0.11851015801354402
0 0.16 0.09650112866817155 0.284 0.1252821670428894
0 0.455 0.09142212189616253 0.27 0.12415349887133183
0 0.461 0.1901805869074492 0.274 0.09367945823927765
0 0.857 0.10609480812641084 0.286 0.1963882618510158
0 0.679 0.1636568848758465 0.102 0.13318284424379231
0 0.782 0.0654627539503386 0.352 0.1309255079006772
0 0.296 0.03611738148984198 0.204 0.07223476297968397
0 0.487 0.016930022573363433 0.194 0.033860045146726865
0 0.02 0.17945823927765236 0.04 0.09480812641083522
0 0.023 0.26580135440180586 0.046 0.08916478555304741
0 0.025 0.3606094808126411 0.05 0.10496613995485328
