0 0.0444234404536862 0.08 0.08128544423440454 0.15333333333333332
0 0.14839319470699433 0.15333333333333332 0.14933837429111532 0.30666666666666664
0 0.045368620037807186 0.3016666666666667 0.09073724007561437 0.27
0 0.0500945179584121 0.5533333333333333 0.1001890359168242 0.2733333333333333
0 0.15500945179584122 0.4483333333333333 0.14366729678638943 0.2966666666666667
0 0.12570888468809074 0.7883333333333333 0.2514177693761815 0.42333333333333334
0 0.32136105860113423 0.18166666666666667 0.2381852551984877 0.36333333333333334
0 0.333648393194707 0.5133333333333333 0.22495274102079396 0.34
0 0.34593572778827975 0.8083333333333333 0.22684310018903592 0.33
0 0.3572778827977316 0.9683333333333334 0.21172022684310018 0.06333333333333334
0 0.5311909262759924 0.15166666666666667 0.19659735349716445 0.30333333333333334
0 0.556710775047259 0.47833333333333333 0.23251417769376181 0.37666666666666665
0 0.5623818525519849 0.7883333333333333 0.20226843100189035 0.30333333333333334
0 0.558601134215501 0.955 0.19848771266540643 0.09
0 0.6937618147448015 0.10333333333333333 0.20793950850661624 0.20666666666666667
0 0.8922495274102079 0.09833333333333333 0.21550094517958412 0.19666666666666666
0 0.6994328922495274 0.2866666666666667 0.16257088846880907 0.18
0 0.8667296786389413 0.285 0.18714555765595464 0.17666666666666667
0 0.72117202268431 0.46 0.10775047258979206 0.17333333333333334
0 0.8544423440453687 0.46166666666666667 0.17391304347826086 0.18333333333333332
0 0.7145557655954632 0.6216666666666667 0.10586011342155009 0.16333333333333333
0 0.8412098298676749 0.62 0.15500945179584122 0.16666666666666666
0 0.7126654064272212 0.7866666666666666 0.10586011342155009 0.18
0 0.7003780718336484 0.935 0.08506616257088846 0.13
0 0.8166351606805293 0.8383333333333334 0.14366729678638943 0.27666666666666667
0 0.7996219281663516 0.9366666666666666 0.11720226843100189 0.12666666666666668
0 0.9744801512287334 0.21166666666666667 0.05103969754253308 0.20333333333333334
0 0.9650283553875236 0.4083333333333333 0.06994328922495274 0.23666666666666666
0 0.9546313799621928 0.6033333333333334 0.09073724007561437 0.25333333333333335
0 0.9395085066162571 0.7816666666666666 0.12098298676748583 0.27666666666666667
0 0.9319470699432892 0.9016666666666666 0.13610586011342155 0.19666666666666666
0 0.888468809073724 0.975 0.06427221172022685 0.05
