0 0.268 0.15466666666666667 0.196 0.13333333333333333
0 0.381 0.19733333333333333 0.274 0.18666666666666668
0 0.128 0.368 0.256 0.18133333333333335
0 0.124 0.536 0.248 0.176
0 0.123 0.7053333333333334 0.246 0.17866666666666667
0 0.215 0.252 0.062 0.06133333333333333
0 0.384 0.37466666666666665 0.272 0.184
0 0.38 0.5493333333333333 0.264 0.18133333333333335
0 0.373 0.7173333333333334 0.266 0.18666666666666668
0 0.453 0.116 0.17 0.04533333333333334
0 0.632 0.11333333333333333 0.188 0.029333333333333333
0 0.655 0.212 0.282 0.17333333333333334
0 0.66 0.38666666666666666 0.288 0.192
0 0.649 0.564 0.286 0.18933333333333333
0 0.643 0.7346666666666667 0.286 0.18933333333333333
0 0.823 0.12 0.194 0.042666666666666665
0 0.895 0.20533333333333334 0.206 0.192
0 0.898 0.39466666666666667 0.2 0.192
0 0.893 0.5786666666666667 0.21 0.192
0 0.889 0.7586666666666667 0.218 0.2
