0 0.3891566265060241 0.5271428571428571 0.41686746987951806 0.29428571428571426
0 0.7397590361445783 0.5171428571428571 0.26987951807228916 0.2742857142857143
0 0.6650602409638554 0.8392857142857143 0.4530120481927711 0.31857142857142856
0 0.26626506024096386 0.29428571428571426 0.41204819277108434 0.21714285714285714
0 0.6626506024096386 0.23785714285714285 0.38072289156626504 0.2842857142857143
0 0.1144578313253012 0.07857142857142857 0.2289156626506024 0.15714285714285714
0 0.3493975903614458 0.08785714285714286 0.2457831325301205 0.1757142857142857
0 0.6662650602409639 0.045714285714285714 0.363855421686747 0.09142857142857143
0 0.22409638554216868 0.8407142857142857 0.43855421686746987 0.3157142857142857
0 0.07228915662650602 0.33714285714285713 0.14457831325301204 0.3914285714285714
0 0.05421686746987952 0.6064285714285714 0.10361445783132531 0.1442857142857143
