0 0.856 0.8895253682487725 0.16 0.220949263502455
0 0.882 0.6472995090016367 0.176 0.2635024549918167
0 0.67 0.8854337152209493 0.244 0.22913256955810146
0 0.681 0.6456628477905073 0.262 0.2700490998363339
0 0.909 0.36006546644844517 0.182 0.3076923076923077
0 0.416 0.6472995090016367 0.264 0.26677577741407527
0 0.423 0.8870703764320785 0.234 0.22585924713584288
0 0.696 0.353518821603928 0.28 0.3109656301145663
0 0.404 0.35924713584288054 0.292 0.3158756137479542
0 0.923 0.10229132569558101 0.154 0.20458265139116202
0 0.707 0.10065466448445172 0.298 0.20130932896890344
0 0.391 0.10229132569558101 0.31 0.20458265139116202
0 0.233 0.08183306055646482 0.046 0.16366612111292964
0 0.14 0.08101472995090016 0.164 0.16202945990180032
0 0.038 0.08019639934533551 0.076 0.16039279869067102
0 0.153 0.24549918166939444 0.158 0.16693944353518822
0 0.247 0.24631751227495907 0.05 0.16530278232405893
0 0.26 0.40180032733224225 0.048 0.15220949263502456
0 0.175 0.4001636661211129 0.15 0.14893617021276595
0 0.271 0.5417348608837971 0.042 0.1342062193126023
0 0.185 0.5417348608837971 0.134 0.13747954173486088
0 0.188 0.6734860883797054 0.1 0.12929623567921442
0 0.266 0.6972176759410802 0.084 0.2520458265139116
0 0.048 0.2430441898527005 0.096 0.1685761047463175
0 0.057 0.4157119476268412 0.114 0.20621931260229132
0 0.031 0.6047463175122749 0.062 0.2602291325695581
0 0.038 0.7880523731587561 0.076 0.2144026186579378
0 0.09 0.5793780687397708 0.088 0.20294599018003273
0 0.107 0.7176759410801964 0.09 0.2144026186579378
