0 0.889 0.735 0.222 0.138
0 0.663 0.753 0.246 0.154
0 0.869 0.875 0.238 0.146
0 0.648 0.89 0.232 0.14
0 0.412 0.912 0.24 0.156
0 0.157 0.924 0.282 0.152
0 0.148 0.777 0.284 0.166
0 0.421 0.771 0.25 0.154
0 0.425 0.614 0.266 0.164
0 0.678 0.599 0.244 0.166
0 0.89 0.593 0.212 0.15
0 0.905 0.432 0.19 0.168
0 0.915 0.259 0.17 0.182
0 0.928 0.086 0.144 0.172
0 0.717 0.243 0.274 0.206
0 0.697 0.428 0.27 0.184
0 0.435 0.443 0.286 0.19
0 0.148 0.433 0.296 0.198
0 0.147 0.618 0.294 0.172
0 0.447 0.247 0.298 0.214
0 0.149 0.229 0.298 0.238
0 0.15 0.069 0.296 0.134
0 0.453 0.078 0.31 0.152
0 0.737 0.089 0.274 0.17
