0 0.16041666666666668 0.18984375 0.32083333333333336 0.1203125
0 0.1625 0.3046875 0.325 0.1125
0 0.16354166666666667 0.4078125 0.32708333333333334 0.103125
0 0.17291666666666666 0.50546875 0.32083333333333336 0.0984375
0 0.0125 0.50546875 0.025 0.0921875
0 0.01875 0.59296875 0.0375 0.0828125
0 0.025 0.675 0.05 0.08125
0 0.030208333333333334 0.7546875 0.06041666666666667 0.078125
0 0.03229166666666667 0.83046875 0.06458333333333334 0.0765625
0 0.03854166666666667 0.90078125 0.07708333333333334 0.0671875
0 0.05 0.965625 0.1 0.06875
0 0.17916666666666667 0.596875 0.29583333333333334 0.090625
0 0.18854166666666666 0.67578125 0.29791666666666666 0.0890625
0 0.19270833333333334 0.75625 0.28541666666666665 0.084375
0 0.19895833333333332 0.83359375 0.27708333333333335 0.0796875
0 0.20208333333333334 0.90390625 0.25833333333333336 0.0796875
0 0.21875 0.96171875 0.25416666666666665 0.0765625
0 0.409375 0.97265625 0.12291666666666666 0.0546875
0 0.596875 0.97578125 0.2520833333333333 0.0484375
0 0.6666666666666666 0.87265625 0.14166666666666666 0.1765625
0 0.47604166666666664 0.8640625 0.25625 0.18125
0 0.6197916666666666 0.68671875 0.28541666666666665 0.1984375
0 0.40625 0.67890625 0.1375 0.1921875
0 0.7041666666666667 0.471875 0.17083333333333334 0.2375
0 0.48125 0.47109375 0.30416666666666664 0.2359375
0 0.396875 0.21171875 0.16875 0.2828125
0 0.6541666666666667 0.21015625 0.3458333333333333 0.2890625
0 0.765625 0.778125 0.05625 0.15625
0 0.8822916666666667 0.1921875 0.12708333333333333 0.075
0 0.8635416666666667 0.2515625 0.11458333333333333 0.059375
0 0.8458333333333333 0.31484375 0.075 0.0609375
0 0.8489583333333334 0.3734375 0.06458333333333334 0.06875
0 0.8375 0.4296875 0.0625 0.05
0 0.8208333333333333 0.4578125 0.07916666666666666 0.05
0 0.8197916666666667 0.5 0.08958333333333333 0.0375
0 0.9552083333333333 0.3078125 0.08958333333333333 0.0625
0 0.9510416666666667 0.3625 0.09375 0.071875
0 0.9458333333333333 0.41328125 0.10833333333333334 0.0796875
0 0.928125 0.471875 0.07291666666666667 0.08125
0 0.921875 0.5171875 0.08958333333333333 0.078125
0 0.915625 0.5640625 0.08125 0.06875
0 0.909375 0.60859375 0.06041666666666667 0.0609375
0 0.959375 0.6328125 0.03958333333333333 0.05
0 0.9479166666666666 0.6609375 0.0375 0.04375
0 0.9427083333333334 0.68359375 0.027083333333333334 0.0390625
0 0.9864583333333333 0.64609375 0.022916666666666665 0.0515625
0 0.9802083333333333 0.6671875 0.035416666666666666 0.034375
0 0.9729166666666667 0.696875 0.041666666666666664 0.0375
