0 0.715 0.15142428785607195 0.542 0.27586206896551724
0 0.222 0.14767616191904048 0.444 0.27136431784107945
0 0.11 0.39280359820089955 0.22 0.22488755622188905
0 0.312 0.3980509745127436 0.232 0.22938530734632684
0 0.537 0.3980509745127436 0.226 0.22938530734632684
0 0.771 0.4002998500749625 0.254 0.22188905547226387
0 0.669 0.5772113943028486 0.43 0.2158920539730135
0 0.244 0.5899550224887556 0.436 0.1664167916041979
0 0.719 0.7586206896551724 0.198 0.15892053973013492
0 0.527 0.7548725637181409 0.182 0.15742128935532235
0 0.345 0.7533733133433284 0.186 0.15742128935532235
0 0.164 0.7511244377811095 0.204 0.1619190404797601
0 0.655 0.856071964017991 0.366 0.21889055472263869
0 0.293 0.889055472263868 0.366 0.1199400299850075
