0 0.8758503401360545 0.21363636363636362 0.24829931972789115 0.2727272727272727
0 0.8690476190476191 0.5204545454545455 0.2619047619047619 0.3409090909090909
0 0.8520408163265306 0.8295454545454546 0.21428571428571427 0.3409090909090909
0 0.5629251700680272 0.06136363636363636 0.2687074829931973 0.12272727272727273
0 0.5901360544217688 0.2409090909090909 0.23469387755102042 0.24545454545454545
0 0.6003401360544217 0.49318181818181817 0.20748299319727892 0.29545454545454547
0 0.37755102040816324 0.2340909090909091 0.19727891156462585 0.21363636363636362
0 0.38605442176870747 0.47954545454545455 0.22108843537414966 0.2772727272727273
0 0.5510204081632653 0.75 0.2857142857142857 0.35454545454545455
0 0.34183673469387754 0.7340909090909091 0.13945578231292516 0.2772727272727273
0 0.18537414965986396 0.23863636363636365 0.18027210884353742 0.19545454545454546
0 0.16326530612244897 0.4636363636363636 0.22448979591836735 0.2545454545454545
0 0.19727891156462585 0.7068181818181818 0.14285714285714285 0.25
0 0.04931972789115646 0.2409090909090909 0.09863945578231292 0.19090909090909092
0 0.027210884353741496 0.45454545454545453 0.05442176870748299 0.23636363636363636
0 0.061224489795918366 0.6886363636363636 0.12244897959183673 0.2409090909090909
0 0.576530612244898 0.9477272727272728 0.16666666666666666 0.10454545454545454
0 0.3792517006802721 0.9227272727272727 0.22108843537414966 0.15454545454545454
0 0.1564625850340136 0.9 0.19727891156462585 0.2
0 0.027210884353741496 0.8977272727272727 0.05442176870748299 0.20454545454545456
0 0.9693877551020408 0.8431818181818181 0.061224489795918366 0.31363636363636366
0 0.814625850340136 0.9818181818181818 0.15306122448979592 0.03636363636363636
