0 0.14022346368715083 0.034952916365601626 0.2797020484171322 0.06990583273120325
0 0.14450651769087522 0.1906255690863484 0.28901303538175044 0.3248565168097093
0 0.1478584729981378 0.5143071979509954 0.29422718808193665 0.34247983598564286
0 0.1456238361266294 0.801567300518713 0.29050279329608936 0.37772647433751017
0 0.145 0.9319563646617204 0.29 0.1297781224115751
0 0.3918063314711359 0.8834922369279029 0.19739292364990682 0.2267063778792098
0 0.39273743016759777 0.7017018251884226 0.20446927374301674 0.3025336458535267
0 0.39553072625698327 0.4617309624094602 0.2055865921787709 0.27257400325443965
0 0.39757914338919925 0.1970874527841907 0.21489757914338917 0.2731614472269707
0 0.38957169459962754 0.04317713198103731 0.21899441340782125 0.08635426396207461
0 0.5732018561484917 0.2080481895964926 0.14547563805104402 0.2228695645809393
0 0.5730858468677493 0.06074933944242353 0.14941995359628765 0.1207667591325287
0 0.705568445475638 0.07374091504607434 0.11647331786542918 0.14674991033983031
0 0.7044083526682134 0.22250360470478014 0.11740139211136887 0.18810337634581742
0 0.5725058004640371 0.42927093473471567 0.1464037122969837 0.2298228022279637
0 0.5692575406032481 0.6340254854457756 0.14918793503480277 0.2558059534352653
0 0.5667053364269141 0.8279842198101398 0.15614849187935034 0.27337202749090583
0 0.565661252900232 0.9362937047582104 0.14895591647331782 0.12110344221859519
0 0.7701856148491879 0.9328317243297443 0.2368909512761021 0.12735403690339395
0 0.8252180974477958 0.8389630160949152 0.34556380510440843 0.3150914533730521
0 0.8255661252900232 0.6411617030308796 0.34486774941995374 0.2927679009273423
0 0.8272621809744778 0.4190240582022587 0.3412993039443155 0.25178039479751435
0 0.8847076461769116 0.19367287964850383 0.2263868065967017 0.19911180056659367
0 0.8092999999999999 0.0720820189274448 0.09219999999999993 0.14353312302839116
0 0.8913 0.06372239747634069 0.07380000000000007 0.10283911671924291
0 0.959 0.06987381703470032 0.06040000000000009 0.06845425867507886
