0 0.12158054711246201 0.3907103825136612 0.24316109422492402 0.2786885245901639
0 0.12462006079027356 0.16120218579234974 0.24316109422492402 0.20218579234972678
0 0.3844984802431611 0.1885245901639344 0.2765957446808511 0.20218579234972678
0 0.6443768996960486 0.20218579234972678 0.2978723404255319 0.1912568306010929
0 0.8617021276595744 0.21721311475409835 0.270516717325228 0.1885245901639344
0 0.709726443768997 0.42349726775956287 0.3677811550151976 0.26229508196721313
0 0.89209726443769 0.430327868852459 0.21580547112462006 0.2650273224043716
0 0.3951367781155015 0.412568306010929 0.3404255319148936 0.2786885245901639
0 0.1094224924012158 0.5655737704918032 0.2127659574468085 0.08196721311475409
0 0.3799392097264438 0.5792349726775956 0.3282674772036474 0.08196721311475409
0 0.7036474164133738 0.5901639344262295 0.3191489361702128 0.08743169398907104
0 0.9285714285714286 0.5942622950819673 0.14285714285714285 0.07923497267759563
0 0.6960486322188449 0.662568306010929 0.3161094224924012 0.07923497267759563
0 0.9224924012158054 0.6707650273224044 0.15501519756838905 0.06830601092896176
0 0.11094224924012158 0.6475409836065574 0.21580547112462006 0.07650273224043716
0 0.3844984802431611 0.6475409836065574 0.3130699088145897 0.07650273224043716
0 0.378419452887538 0.7254098360655737 0.3009118541033435 0.09016393442622951
0 0.6762917933130699 0.7336065573770492 0.3009118541033435 0.07923497267759563
0 0.9072948328267477 0.7377049180327869 0.17933130699088146 0.07103825136612021
0 0.898176291793313 0.8046448087431693 0.19756838905775076 0.06284153005464481
0 0.6671732522796353 0.8005464480874317 0.3009118541033435 0.06557377049180328
0 0.8875379939209727 0.8620218579234973 0.2188449848024316 0.06284153005464481
0 0.878419452887538 0.9153005464480874 0.24316109422492402 0.0546448087431694
0 0.6504559270516718 0.860655737704918 0.2857142857142857 0.060109289617486336
0 0.6291793313069909 0.9139344262295082 0.2857142857142857 0.05191256830601093
0 0.35106382978723405 0.912568306010929 0.3069908814589666 0.04918032786885246
0 0.364741641337386 0.8565573770491803 0.3100303951367781 0.05737704918032787
0 0.36322188449848025 0.7978142076502732 0.3069908814589666 0.07103825136612021
0 0.1094224924012158 0.796448087431694 0.2188449848024316 0.07377049180327869
0 0.10790273556231003 0.855191256830601 0.21580547112462006 0.060109289617486336
0 0.09878419452887538 0.9084699453551912 0.19756838905775076 0.05191256830601093
0 0.10901408229463647 0.7208313918188107 0.2159861140563763 0.07483655977746713
