0 0.12235649546827794 0.1159090909090909 0.16012084592145015 0.18636363636363637
0 0.2719033232628399 0.12272727272727273 0.15709969788519637 0.17272727272727273
0 0.42749244712990936 0.12272727272727273 0.1661631419939577 0.17272727272727273
0 0.5876132930513596 0.12272727272727273 0.16012084592145015 0.17272727272727273
0 0.7462235649546828 0.12727272727272726 0.15709969788519637 0.17272727272727273
0 0.9018126888217523 0.1409090909090909 0.1540785498489426 0.17272727272727273
0 0.11329305135951662 0.3 0.16012084592145015 0.2
0 0.26586102719033233 0.29772727272727273 0.16314199395770393 0.17727272727272728
0 0.4244712990936556 0.29545454545454547 0.1661631419939577 0.18181818181818182
0 0.5876132930513596 0.2909090909090909 0.16012084592145015 0.17272727272727273
0 0.7477341389728097 0.3 0.1661631419939577 0.18181818181818182
0 0.8761329305135952 0.30454545454545456 0.09063444108761329 0.18181818181818182
0 0.10574018126888217 0.4954545454545455 0.15709969788519637 0.2
0 0.26132930513595165 0.4772727272727273 0.16012084592145015 0.18181818181818182
0 0.4244712990936556 0.475 0.1661631419939577 0.17727272727272728
0 0.5845921450151057 0.4659090909090909 0.1661631419939577 0.18636363636363637
0 0.7507552870090635 0.475 0.16012084592145015 0.18636363636363637
0 0.9063444108761329 0.48409090909090907 0.1510574018126888 0.18636363636363637
0 0.09516616314199396 0.6886363636363636 0.16012084592145015 0.19545454545454546
0 0.2552870090634441 0.6590909090909091 0.1661631419939577 0.2
0 0.41540785498489424 0.6545454545454545 0.1661631419939577 0.19090909090909092
0 0.581570996978852 0.6477272727272727 0.1661631419939577 0.18636363636363637
0 0.7462235649546828 0.6590909090909091 0.16314199395770393 0.19090909090909092
0 0.904833836858006 0.6659090909090909 0.16012084592145015 0.18636363636363637
0 0.09214501510574018 0.884090909090909 0.16012084592145015 0.19545454545454546
0 0.24924471299093656 0.8545454545454545 0.16012084592145015 0.19090909090909092
0 0.41389728096676737 0.8340909090909091 0.1691842900302115 0.17727272727272728
0 0.5800604229607251 0.8272727272727273 0.1691842900302115 0.18181818181818182
0 0.7447129909365559 0.8409090909090909 0.1661631419939577 0.19090909090909092
0 0.9033232628398792 0.8477272727272728 0.1691842900302115 0.18636363636363637
