0 0.792 0.8110944527736131 0.276 0.18590704647676162
0 0.524 0.8035982008995503 0.264 0.17991004497751126
0 0.964 0.795352323838081 0.072 0.20239880059970014
0 0.793 0.6341829085457271 0.278 0.18290854572713644
0 0.79 0.45577211394302847 0.284 0.17691154422788605
0 0.51 0.45652173913043476 0.268 0.1724137931034483
0 0.512 0.27961019490254874 0.272 0.18140929535232383
0 0.522 0.0937031484257871 0.272 0.1874062968515742
0 0.23 0.27586206896551724 0.284 0.17991004497751126
0 0.233 0.4535232383808096 0.266 0.1724137931034483
0 0.204 0.6484257871064468 0.34 0.22338830584707647
0 0.229 0.8388305847076462 0.33 0.2413793103448276
0 0.928 0.25487256371814093 0.076 0.014992503748125937
0 0.986 0.25337331334332835 0.028 0.017991004497751123
0 0.965 0.49775112443778113 0.07 0.053973013493253376
0 0.02 0.8748125937031485 0.04 0.0704647676161919
0 0.02 0.8275862068965517 0.04 0.07496251874062969
0 0.017 0.780359820089955 0.034 0.06146926536731634
0 0.017 0.7331334332833583 0.034 0.06296851574212893
0 0.018 0.6866566716641679 0.036 0.05997001499250375
0 0.017 0.6394302848575713 0.034 0.05847076461769116
0 0.018 0.5914542728635682 0.036 0.05847076461769116
0 0.017 0.5427286356821589 0.034 0.053973013493253376
0 0.016 0.5014992503748126 0.032 0.034482758620689655
0 0.964 0.6259370314842578 0.072 0.13943028485757122
0 0.243 0.0937031484257871 0.282 0.1874062968515742
0 0.5195172413793104 0.6307191231970223 0.26758620689655177 0.17991004497751134
