0 0.287 0.09730033745781777 0.574 0.1923509561304837
0 0.784 0.11473565804274466 0.432 0.22947131608548932
0 0.286 0.22272215973003376 0.572 0.17547806524184478
0 0.279 0.3458942632170979 0.558 0.14960629921259844
0 0.772 0.2705286839145107 0.428 0.24859392575928008
0 0.255 0.47131608548931386 0.51 0.12823397075365578
0 0.246 0.5911136107986502 0.492 0.14510686164229472
0 0.239 0.7154105736782902 0.478 0.15523059617547807
0 0.23 0.8329583802024747 0.46 0.16310461192350956
0 0.202 0.9341957255343082 0.404 0.13160854893138357
0 0.98 0.38357705286839144 0.04 0.21822272215973004
0 0.733 0.44713160854893136 0.462 0.156355455568054
0 0.707 0.5989876265466817 0.438 0.1608548931383577
0 0.698 0.7350956130483689 0.46 0.2080989876265467
0 0.674 0.8655793025871766 0.432 0.24859392575928008
0 0.624 0.9280089988751407 0.456 0.1439820022497188
0 0.962 0.6046119235095613 0.076 0.2215973003374578
0 0.944 0.8262092238470191 0.112 0.2440944881889764
0 0.927 0.9561304836895388 0.146 0.08773903262092239
0 0.986 0.16366704161979753 0.028 0.21484814398200225
