0 0.169 0.7998500749625187 0.338 0.280359820089955
0 0.526 0.8013493253373314 0.392 0.2623688155922039
0 0.865 0.7946026986506747 0.27 0.2638680659670165
0 0.848 0.5434782608695652 0.304 0.25037481259370314
0 0.514 0.5427286356821589 0.372 0.24887556221889057
0 0.162 0.5322338830584707 0.324 0.25487256371814093
0 0.208 0.29535232383808097 0.384 0.2608695652173913
0 0.574 0.3103448275862069 0.356 0.2368815592203898
0 0.572 0.095952023988006 0.344 0.191904047976012
0 0.871 0.30134932533733133 0.258 0.24287856071964017
0 0.868 0.09295352323838081 0.264 0.18590704647676162
