0 0.274 0.19087837837837837 0.248 0.16554054054054054
0 0.521 0.18862612612612611 0.254 0.16554054054054054
0 0.769 0.1858108108108108 0.27 0.17342342342342343
0 0.277 0.34797297297297297 0.234 0.14864864864864866
0 0.516 0.34684684684684686 0.24 0.15090090090090091
0 0.756 0.34797297297297297 0.252 0.1554054054054054
0 0.288 0.4938063063063063 0.236 0.14076576576576577
0 0.524 0.49268018018018017 0.232 0.14076576576576577
0 0.758 0.4971846846846847 0.232 0.14527027027027026
0 0.751 0.6362612612612613 0.226 0.13513513513513514
0 0.523 0.6306306306306306 0.226 0.13513513513513514
0 0.294 0.6311936936936937 0.224 0.13175675675675674
0 0.299 0.7584459459459459 0.214 0.12725225225225226
0 0.519 0.7601351351351351 0.226 0.13063063063063063
0 0.74 0.7657657657657657 0.216 0.12837837837837837
0 0.054 0.22409909909909909 0.108 0.11036036036036036
0 0.061 0.32882882882882886 0.122 0.1036036036036036
0 0.065 0.43018018018018017 0.13 0.0990990990990991
0 0.076 0.5253378378378378 0.152 0.09797297297297297
0 0.077 0.6165540540540541 0.154 0.09572072072072071
0 0.167 0.6109234234234234 0.03 0.08896396396396396
0 0.166 0.5225225225225225 0.036 0.0945945945945946
0 0.15 0.42849099099099097 0.052 0.09572072072072071
0 0.131 0.22691441441441443 0.07 0.10698198198198199
0 0.138 0.330518018018018 0.06 0.10247747747747747
0 0.151 0.42905405405405406 0.05 0.09684684684684684
