0 0.2195945945945946 0.07045454545454545 0.28378378378378377 0.1409090909090909
0 0.030405405405405407 0.05454545454545454 0.060810810810810814 0.10909090909090909
0 0.11317567567567567 0.2409090909090909 0.22635135135135134 0.2636363636363636
0 0.3547297297297297 0.24545454545454545 0.25675675675675674 0.2545454545454545
0 0.5945945945945946 0.26590909090909093 0.22297297297297297 0.2318181818181818
0 0.8361486486486487 0.2636363636363636 0.2533783783783784 0.22727272727272727
0 0.785472972972973 0.08863636363636364 0.23986486486486486 0.17727272727272728
0 0.5253378378378378 0.07954545454545454 0.26013513513513514 0.1590909090909091
0 0.0929054054054054 0.4863636363636364 0.1858108108108108 0.24545454545454545
0 0.30236486486486486 0.4863636363636364 0.24662162162162163 0.24545454545454545
0 0.5371621621621622 0.48409090909090907 0.21621621621621623 0.22272727272727272
0 0.7533783783783784 0.4863636363636364 0.22297297297297297 0.22727272727272727
0 0.9324324324324325 0.48863636363636365 0.13513513513513514 0.2318181818181818
0 0.9324324324324325 0.7090909090909091 0.13513513513513514 0.20909090909090908
0 0.9324324324324325 0.9090909090909091 0.13513513513513514 0.18181818181818182
0 0.7533783783783784 0.7068181818181818 0.22297297297297297 0.22272727272727272
0 0.7533783783783784 0.9090909090909091 0.22297297297297297 0.18181818181818182
0 0.5337837837837838 0.7136363636363636 0.22297297297297297 0.23636363636363636
0 0.5320945945945946 0.9136363636363637 0.2195945945945946 0.17272727272727273
0 0.30405405405405406 0.7272727272727273 0.24324324324324326 0.24545454545454545
0 0.2939189189189189 0.9227272727272727 0.23648648648648649 0.15454545454545454
0 0.08952702702702703 0.7227272727272728 0.17905405405405406 0.22727272727272727
0 0.08952702702702703 0.9136363636363637 0.17905405405405406 0.16363636363636364
