0 0.065 0.08998875140607424 0.13 0.17997750281214847
0 0.065 0.2924634420697413 0.13 0.25196850393700787
0 0.078 0.5028121484814398 0.152 0.2407199100112486
0 0.063 0.7097862767154106 0.126 0.18222722159730034
0 0.092 0.8430821147356581 0.184 0.1766029246344207
0 0.099 0.954443194600675 0.194 0.08886389201349831
0 0.473 0.08773903262092239 0.698 0.17547806524184478
0 0.458 0.2879640044994376 0.656 0.26996625421822273
0 0.442 0.5174353205849269 0.604 0.2249718785151856
0 0.43 0.7092238470191226 0.56 0.19910011248593926
0 0.435 0.8503937007874016 0.51 0.20697412823397077
0 0.43 0.9431946006749157 0.476 0.11136107986501688
0 0.898 0.08548931383577053 0.204 0.17097862767154107
0 0.873 0.29865016872890887 0.254 0.2643419572553431
0 0.849 0.5185601799775028 0.298 0.22722159730033745
0 0.84 0.7047244094488189 0.316 0.20359955005624297
0 0.835 0.8475815523059618 0.326 0.1766029246344207
0 0.831 0.9415073115860517 0.338 0.11473565804274466
