0 0.135 0.32661290322580644 0.102 0.09408602150537634
0 0.228 0.3400537634408602 0.076 0.08870967741935484
0 0.315 0.353494623655914 0.082 0.08333333333333333
0 0.391 0.36155913978494625 0.066 0.07795698924731183
0 0.456 0.3655913978494624 0.06 0.07526881720430108
0 0.518 0.3682795698924731 0.06 0.06989247311827956
0 0.596 0.31586021505376344 0.1 0.07795698924731183
0 0.672 0.3225806451612903 0.068 0.08064516129032258
0 0.728 0.3279569892473118 0.068 0.06989247311827956
0 0.78 0.30510752688172044 0.06 0.12096774193548387
0 0.85 0.23387096774193547 0.128 0.13440860215053763
0 0.876 0.31048387096774194 0.136 0.1424731182795699
0 0.554 0.385752688172043 0.068 0.08333333333333333
0 0.62 0.38844086021505375 0.068 0.07795698924731183
0 0.682 0.3951612903225806 0.064 0.07526881720430108
0 0.743 0.3978494623655914 0.07 0.07526881720430108
0 0.799 0.3763440860215054 0.07 0.11827956989247312
0 0.897 0.3951612903225806 0.13 0.14516129032258066
0 0.128 0.4099462365591398 0.1 0.08870967741935484
0 0.215 0.41935483870967744 0.078 0.08602150537634409
0 0.295 0.42876344086021506 0.074 0.08333333333333333
0 0.374 0.43548387096774194 0.072 0.08064516129032258
0 0.456 0.44086021505376344 0.072 0.07526881720430108
0 0.554 0.4381720430107527 0.092 0.026881720430107527
0 0.635 0.4475806451612903 0.066 0.04032258064516129
0 0.695 0.45564516129032256 0.054 0.0456989247311828
0 0.893 0.4529569892473118 0.074 0.08870967741935484
0 0.122 0.4838709677419355 0.1 0.06989247311827956
0 0.211 0.4986559139784946 0.078 0.07258064516129033
0 0.291 0.5026881720430108 0.078 0.07526881720430108
0 0.369 0.5053763440860215 0.078 0.05913978494623656
0 0.421 0.5228494623655914 0.082 0.02956989247311828
0 0.456 0.4932795698924731 0.068 0.02956989247311828
0 0.547 0.5161290322580645 0.142 0.13440860215053763
0 0.659 0.532258064516129 0.106 0.12903225806451613
0 0.786 0.5067204301075269 0.152 0.18548387096774194
0 0.951 0.3870967741935484 0.05 0.0913978494623656
0 0.922 0.4798387096774194 0.108 0.09946236559139784
0 0.121 0.581989247311828 0.122 0.13709677419354838
0 0.245 0.5994623655913979 0.13 0.12903225806451613
0 0.364 0.5967741935483871 0.108 0.12365591397849462
0 0.447 0.5887096774193549 0.07 0.10215053763440861
0 0.095 0.7231182795698925 0.134 0.15591397849462366
0 0.233 0.7325268817204301 0.138 0.1424731182795699
0 0.365 0.7311827956989247 0.114 0.13978494623655913
0 0.491 0.6827956989247311 0.154 0.1935483870967742
0 0.617 0.6599462365591398 0.118 0.1424731182795699
0 0.719 0.6599462365591398 0.11 0.13709677419354838
0 0.852 0.6276881720430108 0.2 0.19623655913978494
0 0.944 0.5725806451612904 0.06 0.1881720430107527
0 0.092 0.8870967741935484 0.132 0.16666666666666666
0 0.239 0.8844086021505376 0.15 0.16129032258064516
0 0.373 0.8776881720430108 0.122 0.1586021505376344
0 0.507 0.8333333333333334 0.17 0.20430107526881722
0 0.636 0.8104838709677419 0.124 0.1586021505376344
0 0.739 0.803763440860215 0.122 0.15591397849462366
0 0.876 0.771505376344086 0.2 0.20430107526881722
0 0.517 0.9301075268817204 0.166 0.07526881720430108
0 0.656 0.9247311827956989 0.12 0.0913978494623656
0 0.762 0.9206989247311828 0.116 0.10483870967741936
0 0.89 0.8991935483870968 0.172 0.13709677419354838
