0 0.123 0.8198653198653199 0.134 0.07744107744107744
0 0.027 0.6992143658810326 0.054 0.11672278338945005
0 0.125 0.7390572390572391 0.142 0.17845117845117844
0 0.285 0.8097643097643098 0.186 0.23007856341189675
0 0.531 0.8658810325476992 0.282 0.24579124579124578
0 0.486 0.9640852974186308 0.184 0.06958473625140292
0 0.683 0.9769921436588104 0.25 0.04601571268237935
0 0.838 0.9135802469135802 0.324 0.1728395061728395
0 0.835 0.7485970819304153 0.322 0.30976430976430974
0 0.519 0.6896745230078564 0.278 0.250280583613917
0 0.295 0.6475869809203143 0.214 0.2132435465768799
0 0.023 0.5757575757575758 0.046 0.12570145903479238
0 0.021 0.4500561167227834 0.038 0.13692480359147025
0 0.097 0.45342312008978675 0.142 0.15488215488215487
0 0.267 0.4696969696969697 0.198 0.1829405162738496
0 0.5 0.4730639730639731 0.276 0.22783389450056116
0 0.813 0.49214365881032546 0.366 0.2951739618406285
0 0.817 0.18911335578002245 0.362 0.3176206509539843
0 0.492 0.24074074074074073 0.3 0.25252525252525254
0 0.251 0.2856341189674523 0.198 0.19865319865319866
0 0.08 0.29797979797979796 0.152 0.16722783389450055
0 0.074 0.1425364758698092 0.14 0.19528619528619529
0 0.228 0.10830527497194165 0.22 0.21212121212121213
0 0.511 0.08417508417508418 0.374 0.16835016835016836
0 0.11571122994652404 0.6049802841246691 0.15935828877005348 0.1692504366301157
