0 0.847 0.4150197628458498 0.246 0.3359683794466403
0 0.644 0.7480237154150198 0.256 0.4051383399209486
0 0.392 0.758893280632411 0.252 0.3952569169960474
0 0.15 0.7608695652173914 0.276 0.391304347826087
0 0.627 0.4031620553359684 0.23 0.30434782608695654
0 0.401 0.41304347826086957 0.222 0.2964426877470356
0 0.185 0.4189723320158103 0.238 0.2885375494071146
0 0.611 0.14130434782608695 0.21 0.23517786561264822
0 0.403 0.1492094861660079 0.21 0.2391304347826087
0 0.21 0.15612648221343872 0.216 0.233201581027668
