0 0.2180232558139535 0.08636363636363636 0.436046511627907 0.17272727272727273
0 0.563953488372093 0.09772727272727273 0.2558139534883721 0.18636363636363637
0 0.5436046511627907 0.2590909090909091 0.22674418604651161 0.14545454545454545
0 0.2180232558139535 0.2431818181818182 0.42441860465116277 0.15
0 0.22965116279069767 0.37727272727272726 0.38953488372093026 0.11818181818181818
0 0.5261627906976745 0.3840909090909091 0.21511627906976744 0.10454545454545454
0 0.8866279069767442 0.04090909090909091 0.22674418604651161 0.08181818181818182
0 0.8284883720930233 0.16136363636363638 0.3430232558139535 0.2863636363636364
0 0.8197674418604651 0.32272727272727275 0.36046511627906974 0.23636363636363636
0 0.6366279069767442 0.39545454545454545 0.05232558139534884 0.09090909090909091
0 0.8226744186046512 0.5795454545454546 0.3430232558139535 0.2590909090909091
0 0.35174418604651164 0.5795454545454546 0.563953488372093 0.2590909090909091
0 0.046511627906976744 0.575 0.08139534883720931 0.2590909090909091
0 0.8168604651162791 0.8363636363636363 0.3546511627906977 0.2636363636363636
0 0.3633720930232558 0.8386363636363636 0.5406976744186046 0.2681818181818182
0 0.061046511627906974 0.8409090909090909 0.11046511627906977 0.2727272727272727
0 0.8313953488372093 0.9818181818181818 0.32558139534883723 0.03636363636363636
0 0.375 0.9840909090909091 0.5290697674418605 0.031818181818181815
0 0.05232558139534884 0.9886363636363636 0.10465116279069768 0.022727272727272728
