0 0.41770833333333335 0.090625 0.18125 0.159375
0 0.625 0.10078125 0.19166666666666668 0.1453125
0 0.515625 0.13359375 0.027083333333333334 0.0640625
0 0.3375 0.2359375 0.125 0.146875
0 0.4625 0.23828125 0.125 0.1421875
0 0.5802083333333333 0.2390625 0.12291666666666666 0.1375
0 0.6989583333333333 0.24375 0.13125 0.1375
0 0.7125 0.41796875 0.2 0.2078125
0 0.6822916666666666 0.31328125 0.12708333333333333 0.0140625
0 0.5291666666666667 0.421875 0.16666666666666666 0.203125
0 0.6875 0.52734375 0.24166666666666667 0.0328125
0 0.5114583333333333 0.534375 0.10625 0.01875
0 0.21145833333333333 0.321875 0.20625 0.021875
0 0.234375 0.3078125 0.08125 0.009375
0 0.36875 0.325 0.14583333333333334 0.01875
0 0.3854166666666667 0.3140625 0.12916666666666668 0.009375
0 0.33958333333333335 0.459375 0.24583333333333332 0.26875
0 0.13541666666666666 0.459375 0.2708333333333333 0.26875
0 0.7489583333333333 0.6625 0.3104166666666667 0.25625
0 0.4625 0.6703125 0.29583333333333334 0.253125
0 0.159375 0.69375 0.3104166666666667 0.203125
0 0.7229166666666667 0.87890625 0.19166666666666668 0.1828125
0 0.5333333333333333 0.88203125 0.1875 0.1796875
0 0.3375 0.8890625 0.19583333333333333 0.184375
0 0.14166666666666666 0.8875 0.2125 0.184375
