0 0.53 0.3123123123123123 0.192 0.18018018018018017
0 0.721 0.18768768768768768 0.126 0.14714714714714713
0 0.713 0.32882882882882886 0.126 0.14114114114114115
0 0.363 0.22072072072072071 0.142 0.12912912912912913
0 0.362 0.3408408408408408 0.14 0.11711711711711711
0 0.715 0.4864864864864865 0.194 0.1921921921921922
0 0.714 0.6726726726726727 0.192 0.18618618618618618
0 0.71 0.8558558558558559 0.188 0.1921921921921922
0 0.523 0.4924924924924925 0.19 0.18018018018018017
0 0.343 0.487987987987988 0.174 0.17717717717717718
0 0.347 0.6636636636636637 0.178 0.17417417417417416
0 0.529 0.6696696696696697 0.182 0.18018018018018017
0 0.52 0.8453453453453453 0.184 0.1831831831831832
0 0.341 0.8363363363363363 0.17 0.17717717717717718
