0 0.1 0.05909090909090909 0.2 0.11818181818181818
0 0.3393939393939394 0.06363636363636363 0.3393939393939394 0.12727272727272726
0 0.6727272727272727 0.06363636363636363 0.32727272727272727 0.12727272727272726
0 0.9090909090909091 0.05 0.18181818181818182 0.1
0 0.13636363636363635 0.2409090909090909 0.2727272727272727 0.2545454545454545
0 0.41818181818181815 0.2545454545454545 0.4 0.2545454545454545
0 0.793939393939394 0.2409090909090909 0.4 0.2818181818181818
0 0.9272727272727272 0.15 0.14545454545454545 0.10909090909090909
0 0.9666666666666667 0.2909090909090909 0.06666666666666667 0.16363636363636364
0 0.1393939393939394 0.43636363636363634 0.2787878787878788 0.14545454545454545
0 0.4212121212121212 0.4431818181818182 0.3333333333333333 0.1409090909090909
0 0.7454545454545455 0.4431818181818182 0.3393939393939394 0.1409090909090909
0 0.9363636363636364 0.4431818181818182 0.12727272727272726 0.1409090909090909
0 0.1484848484848485 0.5659090909090909 0.296969696969697 0.10454545454545454
0 0.4303030303030303 0.5659090909090909 0.2909090909090909 0.10454545454545454
0 0.7181818181818181 0.5659090909090909 0.296969696969697 0.09545454545454546
0 0.9090909090909091 0.5636363636363636 0.18181818181818182 0.10909090909090909
0 0.9030303030303031 0.6636363636363637 0.19393939393939394 0.09090909090909091
0 0.696969696969697 0.6613636363636364 0.26666666666666666 0.08636363636363636
0 0.4393939393939394 0.6636363636363637 0.2606060606060606 0.09090909090909091
0 0.17575757575757575 0.6613636363636364 0.2787878787878788 0.09545454545454546
0 0.03333333333333333 0.6272727272727273 0.06666666666666667 0.15454545454545454
0 0.07878787878787878 0.8 0.15757575757575756 0.09090909090909091
0 0.23939393939393938 0.8045454545454546 0.21212121212121213 0.09090909090909091
0 0.4393939393939394 0.8113636363636364 0.21212121212121213 0.09545454545454546
0 0.6424242424242425 0.8113636363636364 0.20606060606060606 0.09545454545454546
0 0.8424242424242424 0.8068181818181818 0.21818181818181817 0.09545454545454546
0 0.08787878787878788 0.875 0.17575757575757575 0.05909090909090909
0 0.25757575757575757 0.8772727272727273 0.2 0.05454545454545454
0 0.44242424242424244 0.8818181818181818 0.19393939393939394 0.05454545454545454
0 0.6333333333333333 0.8795454545454545 0.18787878787878787 0.05
0 0.8212121212121212 0.8818181818181818 0.21212121212121213 0.05454545454545454
0 0.1 0.9204545454545454 0.15151515151515152 0.04090909090909091
0 0.2727272727272727 0.9227272727272727 0.19393939393939394 0.045454545454545456
0 0.45151515151515154 0.9272727272727272 0.17575757575757575 0.045454545454545456
0 0.10303030303030303 0.9590909090909091 0.14545454545454545 0.03636363636363636
0 0.27575757575757576 0.9590909090909091 0.2 0.03636363636363636
0 0.45151515151515154 0.9613636363636363 0.16363636363636364 0.031818181818181815
0 0.6242424242424243 0.9295454545454546 0.18181818181818182 0.05
0 0.6242424242424243 0.9681818181818181 0.18181818181818182 0.02727272727272727
0 0.8121212121212121 0.925 0.19393939393939394 0.05
0 0.8 0.9659090909090909 0.19393939393939394 0.031818181818181815
0 0.9575757575757575 0.8363636363636363 0.08484848484848485 0.11818181818181818
0 0.9484848484848485 0.9204545454545454 0.10303030303030303 0.05
0 0.9424242424242424 0.9568181818181818 0.11515151515151516 0.04090909090909091
