0 0.469 0.5566037735849056 0.294 0.8867924528301887
0 0.817 0.738544474393531 0.198 0.3557951482479784
0 0.794 0.4029649595687331 0.184 0.33153638814016173
0 0.781 0.11859838274932614 0.174 0.2371967654986523
0 0.665 0.7425876010781671 0.15 0.3477088948787062
0 0.641 0.4056603773584906 0.146 0.33153638814016173
0 0.615 0.12129380053908356 0.174 0.24258760107816713
0 0.442 0.05929919137466307 0.168 0.11859838274932614
0 0.27 0.12398921832884097 0.168 0.24797843665768193
0 0.263 0.4191374663072776 0.158 0.33692722371967654
0 0.274 0.7628032345013477 0.168 0.3611859838274933
0 0.097 0.7964959568733153 0.194 0.3692722371967655
0 0.095 0.444743935309973 0.19 0.3504043126684636
0 0.09 0.13611859838274934 0.18 0.2722371967654987
