0 0.822 0.081 0.356 0.162
0 0.826 0.204 0.348 0.168
0 0.825 0.348 0.35 0.156
0 0.836 0.502 0.328 0.156
0 0.824 0.645 0.352 0.198
0 0.821 0.788 0.358 0.22
0 0.812 0.903 0.376 0.194
0 0.709 0.963 0.194 0.07
0 0.423 0.964 0.206 0.072
0 0.47 0.907 0.316 0.186
0 0.499 0.695 0.31 0.17
0 0.492 0.812 0.296 0.192
0 0.51 0.582 0.328 0.148
0 0.515 0.464 0.33 0.128
0 0.474 0.045 0.248 0.082
0 0.295 0.041 0.146 0.082
0 0.279 0.099 0.15 0.094
0 0.266 0.167 0.16 0.094
0 0.25 0.303 0.148 0.074
0 0.246 0.365 0.144 0.054
0 0.253 0.239 0.15 0.086
0 0.332 0.367 0.04 0.062
0 0.336 0.237 0.02 0.054
0 0.5 0.114 0.312 0.168
0 0.5 0.226 0.316 0.148
0 0.503 0.339 0.314 0.13
0 0.322 0.455 0.06 0.106
0 0.32 0.556 0.064 0.1
0 0.309 0.653 0.078 0.106
0 0.308 0.747 0.076 0.106
0 0.315 0.835 0.062 0.102
0 0.303 0.93 0.046 0.104
0 0.147 0.56 0.294 0.128
0 0.148 0.447 0.296 0.118
0 0.134 0.672 0.268 0.144
0 0.137 0.78 0.274 0.152
0 0.14 0.95 0.28 0.1
0 0.142 0.883 0.284 0.166
