0 0.040625 0.1453125 0.08125 0.171875
0 0.20520833333333333 0.14609375 0.26875 0.1734375
0 0.4666666666666667 0.1515625 0.25833333333333336 0.175
0 0.05625 0.315625 0.1125 0.16875
0 0.23020833333333332 0.3171875 0.24791666666666667 0.16875
0 0.4739583333333333 0.31953125 0.24791666666666667 0.1609375
0 0.06041666666666667 0.47578125 0.12083333333333333 0.1546875
0 0.23020833333333332 0.47578125 0.23541666666666666 0.1546875
0 0.46875 0.4765625 0.2375 0.153125
0 0.3645833333333333 0.53046875 0.07916666666666666 0.0921875
0 0.5520833333333334 0.5265625 0.08333333333333333 0.078125
0 0.10208333333333333 0.66796875 0.20416666666666666 0.2359375
0 0.025 0.87265625 0.05 0.1734375
0 0.18333333333333332 0.87109375 0.2875 0.1734375
0 0.2947916666666667 0.66875 0.3020833333333333 0.23125
0 0.4635416666666667 0.86875 0.27708333333333335 0.175
0 0.7229166666666667 0.1546875 0.2625 0.175
0 0.9197916666666667 0.16015625 0.16041666666666668 0.1734375
0 0.7197916666666667 0.32109375 0.25625 0.1609375
0 0.9145833333333333 0.32421875 0.16666666666666666 0.1609375
0 0.7 0.478125 0.2375 0.153125
0 0.9010416666666666 0.4796875 0.19791666666666666 0.15625
0 0.590625 0.6671875 0.29375 0.228125
0 0.84375 0.66640625 0.30833333333333335 0.2296875
0 0.7354166666666667 0.86953125 0.275 0.1734375
0 0.93125 0.8671875 0.1375 0.171875
