0 0.808 0.25733333333333336 0.14 0.25866666666666666
0 0.824 0.5213333333333333 0.12 0.264
0 0.836 0.7973333333333333 0.128 0.288
0 0.713 0.8 0.154 0.32
0 0.703 0.5173333333333333 0.134 0.26666666666666666
0 0.686 0.2813333333333333 0.112 0.22133333333333333
0 0.677 0.14133333333333334 0.178 0.10133333333333333
0 0.298 0.144 0.088 0.07466666666666667
0 0.395 0.17866666666666667 0.134 0.021333333333333333
0 0.587 0.26666666666666666 0.086 0.16533333333333333
0 0.503 0.268 0.086 0.152
0 0.421 0.26266666666666666 0.086 0.15733333333333333
0 0.334 0.2613333333333333 0.092 0.16
0 0.237 0.24533333333333332 0.114 0.18133333333333335
0 0.133 0.24533333333333332 0.106 0.176
0 0.592 0.43333333333333335 0.088 0.17866666666666667
0 0.503 0.43066666666666664 0.098 0.17866666666666667
0 0.41 0.428 0.1 0.184
0 0.313 0.4266666666666667 0.102 0.18133333333333335
0 0.59 0.612 0.096 0.184
0 0.497 0.6133333333333333 0.098 0.18133333333333335
0 0.593 0.8 0.094 0.18666666666666668
0 0.5 0.8013333333333333 0.096 0.19466666666666665
0 0.402 0.808 0.104 0.208
0 0.402 0.612 0.1 0.18933333333333333
0 0.303 0.6133333333333333 0.106 0.18666666666666668
0 0.292 0.812 0.116 0.21066666666666667
0 0.215 0.42533333333333334 0.106 0.18933333333333333
0 0.112 0.4186666666666667 0.116 0.18666666666666668
0 0.062 0.6093333333333333 0.112 0.2
0 0.184 0.6106666666666667 0.14 0.20266666666666666
0 0.172 0.8013333333333333 0.152 0.232
0 0.052 0.8093333333333333 0.104 0.21066666666666667
