0 0.1404703859681474 0.1521413158760926 0.18385892217452493 0.30208828585012615
0 0.14114833184637204 0.4726986797352155 0.18629952733613367 0.35950700362067073
0 0.141603911476539 0.8246918772629191 0.1870154381835389 0.34521084006875624
0 0.3302450638760606 0.8067713857294372 0.19155225200061826 0.38105182313572034
0 0.3227022380349332 0.1349522729766302 0.1773506417435683 0.2699045459532604
0 0.3279851628723285 0.44485479268087963 0.1860864586315488 0.3617592748027531
0 0.5020911387993378 0.12548262548262548 0.18266346357310892 0.25096525096525096
0 0.5084703568627938 0.42513009904314253 0.1916877232726322 0.3659560181299312
0 0.5218511557276043 0.796961557831123 0.20475734076849356 0.3902971294275642
0 0.7213184132239634 0.8024928655363438 0.2221834974296419 0.3896088635219071
0 0.6970462664459354 0.42659895920765484 0.20786915445798437 0.36973308712439146
0 0.6887999601687848 0.12338425381903642 0.19635544380686842 0.24592915897263723
0 0.8820435902861624 0.11226288400201442 0.20693561035113703 0.22368641933859323
0 0.8935759718194153 0.41610710088970954 0.20884004032910547 0.3747691791170052
0 0.9035337756257857 0.8 0.18892443271636444 0.3945945945945946
