0 0.116 0.21066666666666667 0.132 0.24
0 0.237 0.20666666666666667 0.138 0.24266666666666667
0 0.364 0.212 0.124 0.24266666666666667
0 0.486 0.20266666666666666 0.128 0.24533333333333332
0 0.614 0.20666666666666667 0.124 0.23733333333333334
0 0.741 0.20266666666666666 0.126 0.24
0 0.869 0.208 0.138 0.25066666666666665
0 0.094 0.4653333333333333 0.14 0.2693333333333333
0 0.225 0.464 0.142 0.2773333333333333
0 0.353 0.468 0.13 0.2693333333333333
0 0.486 0.464 0.132 0.272
0 0.621 0.464 0.13 0.272
0 0.751 0.46 0.134 0.2693333333333333
0 0.885 0.468 0.138 0.27466666666666667
0 0.904 0.752 0.144 0.2986666666666667
0 0.765 0.744 0.138 0.2986666666666667
0 0.626 0.7493333333333333 0.132 0.29333333333333333
0 0.485 0.748 0.138 0.296
0 0.346 0.7426666666666667 0.14 0.296
0 0.207 0.748 0.15 0.2906666666666667
0 0.074 0.7453333333333333 0.148 0.2906666666666667
