0 0.968 0.6023936170212766 0.044 0.17287234042553193
0 0.963 0.42686170212765956 0.05 0.17287234042553193
0 0.93 0.6077127659574468 0.056 0.19414893617021275
0 0.872 0.6117021276595744 0.072 0.22872340425531915
0 0.918 0.40691489361702127 0.052 0.19680851063829788
0 0.865 0.3896276595744681 0.07 0.22606382978723405
0 0.788 0.3523936170212766 0.088 0.27393617021276595
0 0.797 0.6236702127659575 0.086 0.26861702127659576
0 0.649 0.6901595744680851 0.23 0.31648936170212766
0 0.399 0.7965425531914894 0.306 0.375
0 0.124 0.8151595744680851 0.248 0.3696808510638298
0 0.178 0.49867021276595747 0.348 0.27925531914893614
0 0.438 0.4574468085106383 0.184 0.31382978723404253
0 0.706 0.42686170212765956 0.096 0.21010638297872342
0 0.699 0.24867021276595744 0.09 0.18882978723404256
0 0.597 0.3816489361702128 0.142 0.2845744680851064
0 0.563 0.19547872340425532 0.19 0.19414893617021275
0 0.402 0.21675531914893617 0.24 0.2526595744680851
0 0.169 0.20877659574468085 0.338 0.39095744680851063
