0 0.27 0.8316666666666667 0.54 0.33666666666666667
0 0.2675 0.385 0.535 0.71
0 0.26375 0.09833333333333333 0.5275 0.19666666666666666
0 0.6675 0.81 0.255 0.38
0 0.6625 0.43333333333333335 0.255 0.44666666666666666
0 0.65625 0.145 0.2525 0.29
0 0.86 0.17166666666666666 0.15 0.33666666666666667
0 0.86375 0.45666666666666667 0.1475 0.32
0 0.86875 0.7683333333333333 0.1475 0.35
0 0.97 0.71 0.06 0.26
0 0.96875 0.4666666666666667 0.0625 0.24666666666666667
0 0.965 0.23166666666666666 0.07 0.25666666666666665
