0 0.37244897959183676 0.10227272727272728 0.41836734693877553 0.20454545454545456
0 0.6819727891156463 0.10681818181818181 0.20068027210884354 0.21363636363636362
0 0.08503401360544217 0.08409090909090909 0.17006802721088435 0.16818181818181818
0 0.09693877551020408 0.49772727272727274 0.19387755102040816 0.6772727272727272
0 0.37755102040816324 0.45681818181818185 0.42857142857142855 0.5772727272727273
0 0.6870748299319728 0.37727272727272726 0.19047619047619047 0.35454545454545455
0 0.09863945578231292 0.8772727272727273 0.19727891156462585 0.24545454545454545
0 0.38945578231292516 0.7840909090909091 0.41836734693877553 0.4318181818181818
0 0.6921768707482994 0.675 0.20068027210884354 0.39545454545454545
0 0.6785714285714286 0.865909090909091 0.1870748299319728 0.2681818181818182
