0 0.1995639534883721 0.13285878503846496 0.24622093023255814 0.2639490671146874
0 0.19011627906976744 0.4423468034308958 0.2552325581395349 0.38243876558493234
0 0.19578488372093028 0.7586877708020161 0.25494186046511635 0.42709346538155457
0 0.45152671755725193 0.14454474211244303 0.23740458015267174 0.28908948422488606
0 0.4610687022900764 0.4530810089106899 0.2305343511450382 0.35468609409920765
0 0.4547709923664122 0.7938350796737584 0.21870229007633582 0.3279830493716077
0 0.6698473282442748 0.7871593184918585 0.21145038167938934 0.31347052506312945
0 0.6778625954198474 0.4530810089106899 0.2206106870229007 0.3535250921545294
0 0.6795801526717556 0.1425129887092561 0.22328244274809164 0.2850259774185122
0 0.8763358778625954 0.44640524772879 0.20610687022900762 0.3599106028502598
0 0.8572519083969464 0.7778713029344325 0.19847328244274806 0.30302150756102514
