0 0.877 0.23273273273273273 0.246 0.27927927927927926
0 0.885 0.5037537537537538 0.23 0.2627627627627628
0 0.892 0.7627627627627628 0.216 0.24924924924924924
0 0.876 0.9421921921921922 0.204 0.11561561561561562
0 0.536 0.22672672672672672 0.44 0.2912912912912913
0 0.558 0.5 0.432 0.26426426426426425
0 0.572 0.7454954954954955 0.408 0.24174174174174173
0 0.571 0.9316816816816816 0.406 0.13663663663663664
0 0.183 0.9309309309309309 0.366 0.13813813813813813
0 0.181 0.7402402402402403 0.362 0.24324324324324326
0 0.163 0.48873873873873874 0.326 0.25975975975975973
0 0.16 0.2222222222222222 0.32 0.27627627627627627
