0 0.178 0.14479638009049775 0.356 0.2895927601809955
0 0.454 0.14479638009049775 0.216 0.2895927601809955
0 0.084 0.47285067873303166 0.168 0.3755656108597285
0 0.246 0.4660633484162896 0.224 0.37104072398190047
0 0.184 0.8088235294117647 0.368 0.332579185520362
0 0.094 0.9830316742081447 0.184 0.033936651583710405
0 0.276 0.9796380090497737 0.18 0.04072398190045249
0 0.658 0.1425339366515837 0.208 0.2850678733031674
0 0.88 0.1334841628959276 0.24 0.2669683257918552
0 0.551 0.4638009049773756 0.418 0.37104072398190047
0 0.86 0.4468325791855204 0.224 0.3597285067873303
0 0.968 0.4445701357466063 0.064 0.3597285067873303
0 0.546 0.7986425339366516 0.384 0.33031674208144796
0 0.864 0.7828054298642534 0.272 0.3393665158371041
0 0.451 0.9785067873303167 0.17 0.042986425339366516
0 0.62 0.9717194570135747 0.172 0.05656108597285068
0 0.805 0.9705882352941176 0.194 0.058823529411764705
0 0.951 0.9751131221719457 0.098 0.049773755656108594
