0 0.114 0.072 0.192 0.144
0 0.258 0.036 0.124 0.072
0 0.337 0.009333333333333334 0.034 0.018666666666666668
0 0.062 0.20666666666666667 0.124 0.17866666666666667
0 0.229 0.15866666666666668 0.226 0.22666666666666666
0 0.615 0.108 0.558 0.216
0 0.945 0.15333333333333332 0.11 0.2
0 0.065 0.3546666666666667 0.13 0.16533333333333333
0 0.238 0.33866666666666667 0.224 0.18666666666666668
0 0.62 0.2906666666666667 0.552 0.24
0 0.946 0.30266666666666664 0.108 0.184
0 0.946 0.484 0.104 0.17333333333333334
0 0.623 0.5346666666666666 0.546 0.264
0 0.068 0.5066666666666667 0.136 0.14933333333333335
0 0.24 0.5266666666666666 0.216 0.17866666666666667
0 0.628 0.7453333333333333 0.54 0.3333333333333333
0 0.073 0.6546666666666666 0.146 0.15733333333333333
0 0.251 0.6986666666666667 0.222 0.208
0 0.081 0.7893333333333333 0.15 0.18133333333333335
0 0.089 0.912 0.142 0.176
0 0.062 0.9773333333333334 0.088 0.04533333333333334
0 0.262 0.8586666666666667 0.22 0.24533333333333332
0 0.267 0.9466666666666667 0.218 0.10666666666666667
0 0.631 0.8733333333333333 0.53 0.25333333333333335
0 0.947 0.6333333333333333 0.106 0.216
0 0.943 0.784 0.102 0.24533333333333332
0 0.945 0.892 0.098 0.216
0 0.857 0.9533333333333334 0.086 0.09333333333333334
