0 0.7620967741935484 0.16363636363636364 0.47580645161290325 0.3
0 0.7580645161290323 0.45681818181818185 0.4838709677419355 0.2772727272727273
0 0.7540322580645161 0.7 0.49193548387096775 0.2818181818181818
0 0.7540322580645161 0.8886363636363637 0.49193548387096775 0.22272727272727272
0 0.32661290322580644 0.18181818181818182 0.3951612903225806 0.2636363636363636
0 0.3346774193548387 0.4340909090909091 0.3790322580645161 0.2318181818181818
0 0.3387096774193548 0.6477272727272727 0.3548387096774194 0.2318181818181818
0 0.33064516129032256 0.85 0.3387096774193548 0.24545454545454545
0 0.06451612903225806 0.20227272727272727 0.12903225806451613 0.2318181818181818
0 0.07661290322580645 0.42272727272727273 0.1532258064516129 0.20909090909090908
0 0.0846774193548387 0.6227272727272727 0.1693548387096774 0.2
0 0.07661290322580645 0.8090909090909091 0.1532258064516129 0.2
