0 0.488 0.2986666666666667 0.1 0.128
0 0.592 0.296 0.116 0.128
0 0.7 0.288 0.104 0.128
0 0.028 0.3253333333333333 0.056 0.096
0 0.095 0.324 0.09 0.09866666666666667
0 0.177 0.324 0.082 0.09333333333333334
0 0.274 0.324 0.124 0.088
0 0.388 0.31866666666666665 0.108 0.07733333333333334
0 0.029 0.4146666666666667 0.058 0.08266666666666667
0 0.097 0.4146666666666667 0.086 0.088
0 0.179 0.4106666666666667 0.082 0.08533333333333333
0 0.26 0.408 0.084 0.09066666666666667
0 0.318 0.4066666666666667 0.04 0.088
0 0.391 0.4093333333333333 0.11 0.11466666666666667
0 0.521 0.412 0.158 0.11466666666666667
0 0.678 0.4066666666666667 0.16 0.12533333333333332
0 0.793 0.412 0.078 0.104
0 0.872 0.4146666666666667 0.088 0.104
0 0.947 0.412 0.106 0.10933333333333334
0 0.053 0.49866666666666665 0.106 0.08533333333333333
0 0.053 0.584 0.106 0.08533333333333333
0 0.055 0.664 0.11 0.08
0 0.04 0.7426666666666667 0.08 0.07733333333333334
0 0.044 0.8213333333333334 0.088 0.08
0 0.109 0.7413333333333333 0.066 0.08
0 0.111 0.82 0.062 0.07733333333333334
0 0.149 0.49733333333333335 0.106 0.08266666666666667
0 0.116 0.584 0.028 0.08533333333333333
0 0.118 0.664 0.028 0.07466666666666667
0 0.202 0.524 0.152 0.14666666666666667
0 0.21 0.644 0.164 0.12
0 0.339 0.52 0.218 0.144
0 0.369 0.6426666666666667 0.17 0.11733333333333333
0 0.524 0.528 0.164 0.11733333333333333
0 0.505 0.636 0.11 0.10933333333333334
0 0.682 0.52 0.16 0.12266666666666666
0 0.609 0.6346666666666667 0.11 0.112
0 0.71 0.6306666666666667 0.104 0.10933333333333334
0 0.71 0.7333333333333333 0.104 0.10666666666666667
0 0.609 0.74 0.11 0.10933333333333334
0 0.505 0.744 0.11 0.10666666666666667
0 0.37 0.7493333333333333 0.168 0.11733333333333333
0 0.213 0.756 0.166 0.10933333333333334
0 0.191 0.864 0.11 0.112
0 0.296 0.86 0.108 0.10933333333333334
0 0.403 0.8573333333333333 0.11 0.11466666666666667
0 0.53 0.8506666666666667 0.152 0.11733333333333333
0 0.682 0.84 0.16 0.112
0 0.197 0.956 0.11 0.088
0 0.301 0.9573333333333334 0.106 0.08533333333333333
0 0.404 0.9533333333333334 0.104 0.09333333333333334
0 0.532 0.948 0.156 0.104
0 0.684 0.9426666666666667 0.156 0.11466666666666667
0 0.814 0.512 0.116 0.10133333333333333
0 0.934 0.5093333333333333 0.132 0.10133333333333333
0 0.793 0.608 0.07 0.09066666666666667
0 0.87 0.6053333333333333 0.092 0.096
0 0.957 0.6 0.086 0.096
0 0.812 0.7 0.108 0.09866666666666667
0 0.932 0.6933333333333334 0.136 0.096
0 0.792 0.7893333333333333 0.068 0.09066666666666667
0 0.868 0.7866666666666666 0.092 0.09066666666666667
0 0.953 0.7826666666666666 0.094 0.09333333333333334
0 0.933 0.8746666666666667 0.134 0.096
0 0.813 0.8773333333333333 0.114 0.096
0 0.905 0.172 0.038 0.09333333333333334
0 0.962 0.14933333333333335 0.076 0.10133333333333333
0 0.971 0.22666666666666666 0.058 0.10666666666666667
0 0.977 0.31333333333333335 0.046 0.09333333333333334
0 0.792 0.22266666666666668 0.024 0.06133333333333333
0 0.815 0.212 0.026 0.072
0 0.841 0.20133333333333334 0.03 0.072
0 0.872 0.192 0.036 0.08
0 0.853 0.26266666666666666 0.03 0.072
0 0.882 0.256 0.036 0.07466666666666667
0 0.919 0.24533333333333332 0.054 0.08533333333333333
0 0.861 0.3293333333333333 0.038 0.072
0 0.895 0.328 0.038 0.07466666666666667
0 0.933 0.32 0.05 0.09066666666666667
0 0.799 0.2786666666666667 0.022 0.06133333333333333
0 0.823 0.2733333333333333 0.038 0.072
0 0.812 0.33466666666666667 0.024 0.06133333333333333
0 0.832 0.3333333333333333 0.028 0.064
0 0.777 0.23066666666666666 0.022 0.06133333333333333
0 0.759 0.24 0.022 0.058666666666666666
0 0.761 0.28933333333333333 0.022 0.056
0 0.78 0.284 0.024 0.056
0 0.766 0.34 0.028 0.050666666666666665
0 0.786 0.336 0.032 0.058666666666666666
