0 0.78 0.8548931383577053 0.424 0.08098987626546682
0 0.844 0.7862767154105736 0.312 0.08548931383577053
0 0.799 0.7120359955005624 0.402 0.08323959505061868
0 0.859 0.6293588301462317 0.282 0.09111361079865017
0 0.171 0.6231721034870641 0.342 0.08323959505061868
0 0.216 0.703037120359955 0.432 0.07874015748031496
0 0.177 0.7784026996625422 0.334 0.08098987626546682
0 0.254 0.8548931383577053 0.416 0.0719910011248594
0 0.519 0.7525309336332958 0.366 0.14173228346456693
0 0.526 0.6029246344206974 0.356 0.13498312710911137
0 0.811 0.5399325084364455 0.378 0.10123734533183353
0 0.219 0.5393700787401575 0.438 0.0843644544431946
0 0.865 0.46006749156355453 0.27 0.0922384701912261
0 0.526 0.43025871766029244 0.364 0.14285714285714285
0 0.169 0.453318335208099 0.338 0.09898762654668167
0 0.806 0.3678290213723285 0.388 0.10123734533183353
0 0.228 0.3610798650168729 0.456 0.09448818897637795
0 0.869 0.2705286839145107 0.262 0.1046119235095613
0 0.561 0.2637795275590551 0.394 0.11136107986501688
0 0.173 0.25984251968503935 0.346 0.10798650168728909
0 0.798 0.16141732283464566 0.404 0.11136107986501688
0 0.229 0.15748031496062992 0.458 0.11473565804274466
0 0.544 0.327896512935883 0.092 0.021372328458942633
0 0.535 0.34870641169853767 0.154 0.02249718785151856
0 0.424 0.0922384701912261 0.048 0.015748031496062992
0 0.445 0.09336332958380203 0.054 0.020247469066366704
0 0.367 0.09336332958380203 0.066 0.020247469066366704
0 0.436 0.0719910011248594 0.068 0.02249718785151856
0 0.369 0.07142857142857142 0.07 0.023622047244094488
0 0.441 0.050056242969628795 0.066 0.023622047244094488
0 0.367 0.048931383577052866 0.066 0.023622047244094488
0 0.436 0.025871766029246346 0.068 0.024746906636670417
0 0.435 0.007874015748031496 0.074 0.015748031496062992
0 0.238 0.08323959505061868 0.052 0.01799775028121485
0 0.222 0.06524184476940383 0.084 0.01799775028121485
0 0.187 0.08323959505061868 0.054 0.01799775028121485
0 0.236 0.046681664791901015 0.056 0.023622047244094488
0 0.157 0.06524184476940383 0.058 0.01799775028121485
0 0.156 0.09617547806524185 0.056 0.012373453318335208
0 0.184 0.047244094488188976 0.052 0.020247469066366704
0 0.152 0.049493813273340834 0.06 0.024746906636670417
0 0.15 0.027559055118110236 0.056 0.019122609673790775
0 0.174 0.010686164229471317 0.04 0.021372328458942633
0 0.138 0.008998875140607425 0.036 0.01799775028121485
0 0.841 0.078177727784027 0.05 0.048368953880764905
0 0.806 0.08661417322834646 0.028 0.04274465691788527
0 0.917 0.07705286839145106 0.074 0.03937007874015748
0 0.69 0.05849268841394826 0.028 0.08323959505061868
0 0.47 0.1782902137232846 0.024 0.06411698537682789
0 0.581 0.18222722159730034 0.03 0.06299212598425197
