0 0.07 0.075 0.14 0.15
0 0.041 0.286 0.082 0.28
0 0.046 0.488 0.092 0.132
0 0.041 0.607 0.082 0.11
0 0.068 0.719 0.136 0.118
0 0.072 0.816 0.144 0.132
0 0.325 0.065 0.342 0.13
0 0.547 0.068 0.098 0.136
0 0.951 0.076 0.094 0.152
0 0.756 0.098 0.34 0.196
0 0.949 0.173 0.098 0.042
0 0.944 0.265 0.112 0.194
0 0.94 0.434 0.12 0.192
0 0.935 0.575 0.13 0.198
0 0.938 0.723 0.124 0.186
0 0.931 0.851 0.138 0.174
0 0.697 0.263 0.43 0.258
0 0.266 0.257 0.44 0.234
0 0.298 0.139 0.36 0.03
0 0.218 0.462 0.296 0.2
0 0.499 0.468 0.27 0.188
0 0.759 0.477 0.27 0.19
0 0.704 0.628 0.396 0.196
0 0.265 0.616 0.402 0.216
0 0.264 0.805 0.252 0.166
0 0.513 0.725 0.246 0.306
0 0.757 0.796 0.254 0.144
0 0.694 0.908 0.344 0.18
0 0.347 0.935 0.362 0.126
