0 0.898 0.9391304347826087 0.164 0.12173913043478261
0 0.906 0.7956521739130434 0.188 0.17101449275362318
0 0.904 0.636231884057971 0.192 0.17681159420289855
0 0.907 0.4652173913043478 0.182 0.18840579710144928
0 0.915 0.2811594202898551 0.17 0.2028985507246377
0 0.918 0.09855072463768116 0.164 0.19710144927536233
0 0.75 0.11014492753623188 0.18 0.1855072463768116
0 0.739 0.2898550724637681 0.186 0.17971014492753623
0 0.688 0.4681159420289855 0.264 0.17681159420289855
0 0.685 0.6376811594202898 0.258 0.17391304347826086
0 0.683 0.8028985507246377 0.258 0.1681159420289855
0 0.729 0.9405797101449276 0.174 0.11884057971014493
0 0.555 0.9405797101449276 0.178 0.11884057971014493
0 0.386 0.9376811594202898 0.18 0.1246376811594203
0 0.208 0.9376811594202898 0.172 0.1246376811594203
0 0.061 0.9405797101449276 0.122 0.11884057971014493
0 0.166 0.7971014492753623 0.264 0.1681159420289855
0 0.02 0.7956521739130434 0.04 0.17101449275362318
0 0.163 0.6246376811594203 0.266 0.16521739130434782
0 0.426 0.7985507246376812 0.264 0.17681159420289855
0 0.422 0.6260869565217392 0.272 0.1855072463768116
0 0.418 0.45362318840579713 0.264 0.18840579710144928
0 0.058 0.2811594202898551 0.116 0.1855072463768116
0 0.016 0.6289855072463768 0.032 0.17391304347826086
0 0.561 0.2855072463768116 0.182 0.19420289855072465
0 0.573 0.10144927536231885 0.182 0.19710144927536233
0 0.383 0.2782608695652174 0.194 0.1855072463768116
0 0.148 0.4579710144927536 0.272 0.17391304347826086
0 0.2 0.2782608695652174 0.176 0.1855072463768116
0 0.058 0.09565217391304348 0.116 0.19130434782608696
0 0.206 0.09710144927536232 0.188 0.19420289855072465
0 0.3876363636363636 0.09156785243741766 0.17890909090909088 0.18313570487483533
