0 0.672 0.03858784893267652 0.332 0.07717569786535304
0 0.383 0.041050903119868636 0.234 0.08210180623973727
0 0.128 0.048440065681444995 0.256 0.09688013136288999
0 0.082 0.18144499178981938 0.164 0.18555008210180624
0 0.33 0.17405582922824303 0.336 0.18719211822660098
0 0.617 0.1683087027914614 0.222 0.18226600985221675
0 0.868 0.16666666666666666 0.26 0.18226600985221675
0 0.919 0.3472906403940887 0.162 0.1724137931034483
0 0.67 0.34811165845648606 0.324 0.1839080459770115
0 0.383 0.3563218390804598 0.23 0.180623973727422
0 0.136 0.35714285714285715 0.272 0.18226600985221675
0 0.092 0.5311986863711001 0.184 0.16912972085385877
0 0.338 0.5270935960591133 0.32 0.17077175697865354
0 0.608 0.5205254515599343 0.212 0.16420361247947454
0 0.861 0.5155993431855501 0.278 0.16748768472906403
0 0.916 0.6756978653530378 0.168 0.15270935960591134
0 0.675 0.6814449917898193 0.302 0.16748768472906403
0 0.863 0.8333333333333334 0.274 0.1625615763546798
0 0.62 0.8399014778325123 0.204 0.15270935960591134
0 0.359 0.8489326765188834 0.314 0.15763546798029557
0 0.413 0.6904761904761905 0.218 0.1724137931034483
0 0.156 0.69376026272578 0.312 0.16584564860426929
0 0.101 0.8489326765188834 0.202 0.1477832512315271
0 0.908 0.9548440065681445 0.184 0.08702791461412152
0 0.659 0.9564860426929392 0.294 0.08702791461412152
0 0.415 0.9622331691297209 0.198 0.0755336617405583
0 0.15 0.9614121510673235 0.3 0.07717569786535304
