0 0.09666666666666666 0.6333333333333333 0.19333333333333333 0.37333333333333335
0 0.25333333333333335 0.41 0.17333333333333334 0.2733333333333333
0 0.4 0.43333333333333335 0.17333333333333334 0.24
0 0.5766666666666667 0.41 0.16666666666666666 0.26
0 0.46 0.18 0.29333333333333333 0.26666666666666666
0 0.8 0.13 0.4 0.26
0 0.7766666666666666 0.41 0.23333333333333334 0.32666666666666666
0 0.92 0.4066666666666667 0.14666666666666667 0.32
0 0.92 0.6766666666666666 0.14666666666666667 0.23333333333333334
0 0.7666666666666667 0.68 0.2 0.21333333333333335
0 0.58 0.67 0.18666666666666668 0.26
0 0.22 0.65 0.21333333333333335 0.35333333333333333
0 0.4 0.6733333333333333 0.2 0.28
0 0.1 0.91 0.2 0.18
0 0.27 0.9033333333333333 0.20666666666666667 0.18
0 0.44 0.9 0.2 0.17333333333333334
0 0.5966666666666667 0.8866666666666667 0.18 0.18666666666666668
0 0.7666666666666667 0.88 0.17333333333333334 0.18666666666666668
0 0.9266666666666666 0.88 0.14666666666666667 0.17333333333333334
