0 0.168 0.12266666666666666 0.336 0.24533333333333332
0 0.538 0.018666666666666668 0.308 0.037333333333333336
0 0.528 0.144 0.308 0.23466666666666666
0 0.836 0.13733333333333334 0.328 0.27466666666666667
0 0.091 0.31866666666666665 0.182 0.216
0 0.317 0.32666666666666666 0.294 0.23733333333333334
0 0.653 0.33066666666666666 0.294 0.24
0 0.891 0.3546666666666667 0.218 0.192
0 0.109 0.496 0.218 0.192
0 0.348 0.496 0.268 0.19733333333333333
0 0.632 0.5026666666666667 0.268 0.20533333333333334
0 0.876 0.5133333333333333 0.248 0.18933333333333333
0 0.121 0.6453333333333333 0.242 0.192
0 0.367 0.6453333333333333 0.258 0.21866666666666668
0 0.62 0.6733333333333333 0.248 0.14133333333333334
0 0.866 0.6653333333333333 0.268 0.18933333333333333
0 0.129 0.784 0.258 0.17066666666666666
0 0.376 0.816 0.248 0.16
0 0.625 0.8106666666666666 0.238 0.17066666666666666
0 0.849 0.816 0.238 0.13333333333333333
0 0.151 0.9053333333333333 0.246 0.15733333333333333
0 0.391 0.9386666666666666 0.234 0.12266666666666666
0 0.618 0.936 0.228 0.128
0 0.832 0.9333333333333333 0.232 0.13333333333333333
0 0.162 0.9893333333333333 0.212 0.021333333333333333
0 0.82 0.9906666666666667 0.2 0.018666666666666668
0 0.973 0.8 0.054 0.096
0 0.969 0.888 0.062 0.09066666666666667
0 0.99 0.7133333333333334 0.02 0.088
