0 0.125 0.276 0.122 0.164
0 0.246 0.274 0.124 0.164
0 0.363 0.274 0.122 0.168
0 0.485 0.273 0.122 0.166
0 0.634 0.281 0.176 0.146
0 0.812 0.277 0.184 0.15
0 0.768 0.48 0.188 0.144
0 0.592 0.483 0.172 0.138
0 0.423 0.476 0.126 0.16
0 0.297 0.475 0.13 0.162
0 0.17 0.467 0.124 0.178
0 0.386 0.643 0.184 0.146
0 0.222 0.642 0.216 0.148
0 0.579 0.641 0.194 0.134
0 0.751 0.642 0.214 0.136
0 0.402 0.792 0.136 0.16
0 0.269 0.792 0.134 0.156
0 0.177 0.796 0.054 0.156
0 0.128 0.826 0.048 0.096
0 0.579 0.944 0.162 0.112
0 0.397 0.904 0.162 0.068
0 0.241 0.902 0.166 0.068
0 0.396 0.956 0.164 0.044
0 0.236 0.958 0.16 0.048
0 0.396 0.99 0.16 0.02
0 0.237 0.987 0.162 0.026
0 0.238 0.904 0.16 0.068
0 0.775 0.989 0.166 0.022
0 0.776 0.967 0.164 0.026
0 0.776 0.938 0.168 0.032
0 0.774 0.909 0.168 0.03
0 0.77 0.875 0.172 0.042
0 0.594 0.842 0.164 0.032
0 0.761 0.843 0.17 0.03
0 0.761 0.793 0.17 0.074
0 0.594 0.795 0.168 0.07
0 0.668 0.764 0.18 0.068
0 0.592 0.737 0.128 0.05
0 0.711 0.737 0.11 0.05
0 0.046 0.531 0.076 0.038
0 0.046 0.567 0.076 0.034
0 0.048 0.598 0.076 0.032
0 0.048 0.628 0.076 0.028
0 0.048 0.656 0.076 0.028
0 0.09 0.532 0.016 0.036
0 0.091 0.566 0.014 0.032
0 0.092 0.596 0.016 0.032
0 0.093 0.627 0.014 0.03
0 0.092 0.657 0.012 0.03
0 0.005 0.656 0.01 0.028
0 0.006 0.627 0.012 0.03
0 0.005 0.597 0.01 0.03
0 0.005 0.566 0.01 0.032
0 0.013 0.532 0.026 0.04
