0 0.246 0.10044977511244378 0.492 0.20089955022488756
0 0.745 0.10494752623688156 0.51 0.2098950524737631
0 0.21 0.2983508245877061 0.42 0.1889055472263868
0 0.7 0.29760119940029983 0.512 0.1904047976011994
0 0.96 0.30509745127436283 0.08 0.18440779610194902
0 0.942 0.4737631184407796 0.116 0.17691154422788605
0 0.926 0.616191904047976 0.148 0.17391304347826086
0 0.918 0.7503748125937032 0.164 0.1664167916041979
0 0.916 0.868815592203898 0.168 0.15442278860569716
0 0.903 0.9475262368815592 0.194 0.10494752623688156
0 0.678 0.47226386806596704 0.456 0.15292353823088456
0 0.227 0.47301349325337333 0.454 0.19940029985007496
0 0.665 0.6131934032983508 0.438 0.13493253373313344
0 0.226 0.6401799100449775 0.452 0.1679160419790105
0 0.229 0.7691154422788605 0.458 0.13493253373313344
0 0.648 0.7301349325337332 0.396 0.11094452773613193
0 0.659 0.8395802098950524 0.39 0.14992503748125938
0 0.641 0.9505247376311844 0.366 0.09895052473763119
0 0.229 0.8860569715142429 0.438 0.13193403298350825
0 0.25 0.9550224887556222 0.4 0.08995502248875563
