0 0.178 0.11940298507462686 0.352 0.23880597014925373
0 0.173 0.40298507462686567 0.346 0.3880597014925373
0 0.169 0.7223880597014926 0.334 0.417910447761194
0 0.159 0.8985074626865671 0.318 0.20298507462686566
0 0.474 0.13134328358208955 0.244 0.2626865671641791
0 0.463 0.3850746268656716 0.238 0.3164179104477612
0 0.449 0.6611940298507463 0.23 0.28955223880597014
0 0.443 0.8731343283582089 0.254 0.2537313432835821
0 0.645 0.3537313432835821 0.138 0.33134328358208953
0 0.633 0.682089552238806 0.142 0.35522388059701493
0 0.625 0.9029850746268657 0.13 0.19402985074626866
0 0.787 0.7194029850746269 0.202 0.3701492537313433
0 0.758 0.9149253731343283 0.148 0.1701492537313433
