0 0.189 0.1454272863568216 0.378 0.2608695652173913
0 0.519 0.13118440779610194 0.53 0.25037481259370314
0 0.527 0.32233883058470764 0.482 0.1409295352323838
0 0.148 0.33883058470764615 0.296 0.13793103448275862
0 0.874 0.315592203898051 0.248 0.136431784107946
0 0.842 0.13343328335832083 0.316 0.23388305847076463
0 0.734 0.012743628185907047 0.224 0.025487256371814093
0 0.859 0.43778110944527737 0.282 0.11394302848575712
0 0.517 0.44002998500749624 0.438 0.12143928035982009
0 0.137 0.4550224887556222 0.274 0.11244377811094453
0 0.13 0.5502248875562219 0.26 0.08095952023988005
0 0.147 0.6191904047976012 0.294 0.10194902548725637
0 0.153 0.7001499250374813 0.306 0.09295352323838081
0 0.16 0.7638680659670165 0.32 0.06446776611694154
0 0.163 0.8103448275862069 0.326 0.06446776611694154
0 0.163 0.8463268365817092 0.326 0.07646176911544228
0 0.194 0.8770614692653673 0.284 0.11394302848575712
0 0.196 0.9617691154422788 0.272 0.06746626686656672
0 0.024 0.9175412293853074 0.048 0.08095952023988005
0 0.036 0.9647676161919041 0.072 0.0704647676161919
0 0.467 0.5269865067466267 0.402 0.11544227886056972
0 0.472 0.6229385307346327 0.372 0.0944527736131934
0 0.509 0.7008995502248876 0.342 0.07946026986506746
0 0.509 0.7616191904047976 0.318 0.06296851574212893
0 0.513 0.8185907046476761 0.302 0.05997001499250375
0 0.497 0.8493253373313343 0.286 0.08545727136431784
0 0.505 0.9137931034482759 0.278 0.06746626686656672
0 0.471 0.9460269865067467 0.29 0.08395802098950525
0 0.82 0.6244377811094453 0.356 0.0944527736131934
0 0.828 0.5412293853073463 0.344 0.09895052473763119
0 0.839 0.7053973013493253 0.322 0.0704647676161919
0 0.828 0.7631184407796102 0.34 0.07496251874062969
0 0.826 0.8268365817091454 0.312 0.06146926536731634
0 0.804 0.8748125937031485 0.304 0.05547226386806597
0 0.796 0.9250374812593704 0.292 0.06596701649175413
