0 0.124 0.11466666666666667 0.208 0.22933333333333333
0 0.317 0.112 0.194 0.224
0 0.509 0.11066666666666666 0.182 0.216
0 0.72 0.10666666666666667 0.24 0.21333333333333335
0 0.919 0.104 0.162 0.20266666666666666
0 0.187 0.344 0.286 0.24
0 0.458 0.332 0.264 0.24266666666666667
0 0.673 0.32133333333333336 0.162 0.22666666666666666
0 0.831 0.30933333333333335 0.17 0.224
0 0.952 0.2986666666666667 0.096 0.21333333333333335
0 0.155 0.5626666666666666 0.194 0.21866666666666668
0 0.324 0.5533333333333333 0.176 0.21066666666666667
0 0.493 0.54 0.166 0.20533333333333334
0 0.694 0.52 0.244 0.21333333333333335
0 0.904 0.5013333333333333 0.192 0.21333333333333335
0 0.208 0.76 0.268 0.21866666666666668
0 0.458 0.732 0.24 0.21066666666666667
0 0.652 0.708 0.152 0.18933333333333333
0 0.803 0.6973333333333334 0.15 0.184
0 0.936 0.6866666666666666 0.128 0.18933333333333333
0 0.19 0.9173333333333333 0.304 0.16533333333333333
0 0.48 0.9053333333333333 0.28 0.18933333333333333
0 0.684 0.88 0.212 0.18666666666666668
0 0.893 0.864 0.214 0.18133333333333335
0 0.666 0.9813333333333333 0.096 0.037333333333333336
0 0.786 0.976 0.144 0.048
0 0.929 0.968 0.142 0.064
0 0.038 0.604 0.072 0.12
0 0.033 0.5226666666666666 0.066 0.058666666666666666
0 0.043 0.3893333333333333 0.038 0.06933333333333333
