0 0.88 0.9683441558441559 0.236 0.0633116883116883
0 0.943 0.8993506493506493 0.114 0.09090909090909091
0 0.949 0.8157467532467533 0.102 0.09577922077922078
0 0.83 0.8262987012987013 0.136 0.09740259740259741
0 0.826 0.9131493506493507 0.128 0.09577922077922078
0 0.886 0.7313311688311688 0.228 0.10551948051948051
0 0.95 0.6371753246753247 0.1 0.09253246753246754
0 0.833 0.6444805194805194 0.138 0.09415584415584416
0 0.887 0.5527597402597403 0.226 0.10551948051948051
0 0.954 0.45616883116883117 0.092 0.09415584415584416
0 0.839 0.46185064935064934 0.138 0.09902597402597403
0 0.884 0.3628246753246753 0.232 0.10227272727272728
0 0.884 0.26136363636363635 0.232 0.10064935064935066
0 0.953 0.1599025974025974 0.094 0.09902597402597403
0 0.834 0.15827922077922077 0.144 0.10227272727272728
0 0.95 0.05762987012987013 0.1 0.10227272727272728
0 0.828 0.05357142857142857 0.144 0.10714285714285714
0 0.617 0.9797077922077922 0.274 0.040584415584415584
0 0.687 0.9237012987012987 0.138 0.10714285714285714
0 0.541 0.9439935064935064 0.142 0.10876623376623376
0 0.556 0.8522727272727273 0.144 0.1038961038961039
0 0.695 0.8376623376623377 0.134 0.10064935064935066
0 0.623 0.7491883116883117 0.29 0.1185064935064935
0 0.612 0.6550324675324676 0.284 0.11525974025974026
0 0.696 0.5535714285714286 0.14 0.10064935064935066
0 0.55 0.5592532467532467 0.156 0.09902597402597403
0 0.697 0.4569805194805195 0.138 0.10227272727272728
0 0.546 0.461038961038961 0.156 0.1038961038961039
0 0.616 0.3547077922077922 0.296 0.10551948051948051
0 0.612 0.24594155844155843 0.3 0.10876623376623376
0 0.68 0.14285714285714285 0.152 0.10714285714285714
0 0.523 0.13717532467532467 0.166 0.11525974025974026
0 0.677 0.044642857142857144 0.154 0.08928571428571429
0 0.522 0.040584415584415584 0.156 0.08116883116883117
0 0.389 0.9521103896103896 0.158 0.09253246753246754
0 0.405 0.8612012987012987 0.154 0.11525974025974026
0 0.235 0.859577922077922 0.182 0.15097402597402598
0 0.229 0.9618506493506493 0.162 0.0762987012987013
0 0.318 0.7702922077922078 0.312 0.125
0 0.308 0.6704545454545454 0.32 0.12012987012987013
0 0.386 0.5616883116883117 0.164 0.10714285714285714
0 0.216 0.5689935064935064 0.176 0.11201298701298701
0 0.378 0.4569805194805195 0.172 0.11201298701298701
0 0.202 0.461038961038961 0.18 0.10714285714285714
0 0.268 0.351461038961039 0.344 0.11201298701298701
0 0.364 0.2418831168831169 0.176 0.11688311688311688
0 0.188 0.237012987012987 0.192 0.12337662337662338
0 0.267 0.11931818181818182 0.35 0.1314935064935065
0 0.267 0.033279220779220776 0.35 0.0633116883116883
0 0.07 0.9772727272727273 0.14 0.045454545454545456
0 0.071 0.9147727272727273 0.142 0.10876623376623376
0 0.068 0.8125 0.136 0.11201298701298701
0 0.061 0.7045454545454546 0.122 0.12012987012987013
0 0.055 0.5917207792207793 0.11 0.12175324675324675
0 0.055 0.4715909090909091 0.11 0.1185064935064935
0 0.05 0.3522727272727273 0.1 0.12012987012987013
0 0.042 0.2288961038961039 0.084 0.12337662337662338
0 0.048 0.10470779220779221 0.096 0.12824675324675325
