0 0.15757575757575756 0.17045454545454544 0.3151515151515151 0.2318181818181818
0 0.5212121212121212 0.17727272727272728 0.42424242424242425 0.22727272727272727
0 0.8606060606060606 0.17045454545454544 0.2787878787878788 0.2318181818181818
0 0.8484848484848485 0.38181818181818183 0.30303030303030304 0.19090909090909092
0 0.5060606060606061 0.3840909090909091 0.38181818181818183 0.19545454545454546
0 0.16363636363636364 0.3840909090909091 0.32727272727272727 0.19545454545454546
0 0.17575757575757575 0.5590909090909091 0.3515151515151515 0.16363636363636364
0 0.5151515151515151 0.5613636363636364 0.3515151515151515 0.1590909090909091
0 0.8424242424242424 0.5590909090909091 0.3151515151515151 0.16363636363636364
0 0.8363636363636363 0.7136363636363636 0.32727272727272727 0.14545454545454545
0 0.509090909090909 0.7136363636363636 0.32727272727272727 0.14545454545454545
0 0.8242424242424242 0.85 0.32727272727272727 0.12727272727272726
0 0.5121212121212121 0.8522727272727273 0.3212121212121212 0.12272727272727273
0 0.19696969696969696 0.8522727272727273 0.3212121212121212 0.1318181818181818
0 0.17575757575757575 0.7136363636363636 0.3393939393939394 0.14545454545454545
