0 0.228 0.20212765957446807 0.148 0.2553191489361702
0 0.366 0.2154255319148936 0.136 0.25
0 0.503 0.19946808510638298 0.13 0.2553191489361702
0 0.632 0.2074468085106383 0.132 0.2553191489361702
0 0.76 0.20877659574468085 0.132 0.2526595744680851
0 0.233 0.4720744680851064 0.142 0.27925531914893614
0 0.372 0.48404255319148937 0.14 0.28191489361702127
0 0.511 0.46675531914893614 0.138 0.27925531914893614
0 0.646 0.4720744680851064 0.14 0.27925531914893614
0 0.778 0.47074468085106386 0.144 0.2765957446808511
0 0.226 0.7699468085106383 0.156 0.31648936170212766
0 0.374 0.7819148936170213 0.148 0.31382978723404253
0 0.517 0.7579787234042553 0.15 0.30319148936170215
0 0.665 0.761968085106383 0.15 0.3058510638297872
0 0.805 0.7606382978723404 0.15 0.30319148936170215
