0 0.145 0.21771771771771772 0.118 0.27927927927927926
0 0.334 0.22672672672672672 0.276 0.27927927927927926
0 0.609 0.23123123123123124 0.274 0.2822822822822823
0 0.36 0.07357357357357357 0.332 0.02702702702702703
0 0.638 0.07807807807807808 0.224 0.03003003003003003
0 0.919 0.17117117117117117 0.034 0.06606606606606606
0 0.916 0.23423423423423423 0.036 0.06606606606606606
0 0.972 0.18018018018018017 0.056 0.07807807807807808
0 0.969 0.24624624624624625 0.058 0.07807807807807808
0 0.903 0.4039039039039039 0.098 0.26126126126126126
0 0.868 0.5855855855855856 0.04 0.17417417417417416
0 0.863 0.6921921921921922 0.03 0.13513513513513514
0 0.804 0.23123123123123124 0.132 0.27627627627627627
0 0.802 0.4984984984984985 0.116 0.25225225225225223
0 0.797 0.6576576576576577 0.102 0.06606606606606606
0 0.695 0.6516516516516516 0.106 0.05405405405405406
0 0.591 0.6501501501501501 0.102 0.057057057057057055
0 0.488 0.6516516516516516 0.104 0.06006006006006006
0 0.379 0.6471471471471472 0.106 0.057057057057057055
0 0.271 0.6441441441441441 0.106 0.06306306306306306
0 0.164 0.6441441441441441 0.104 0.06306306306306306
0 0.698 0.4924924924924925 0.116 0.26426426426426425
0 0.592 0.4954954954954955 0.112 0.25225225225225223
0 0.482 0.4924924924924925 0.108 0.25225225225225223
0 0.372 0.4924924924924925 0.108 0.25225225225225223
0 0.264 0.49099099099099097 0.112 0.24924924924924924
0 0.157 0.4864864864864865 0.114 0.25225225225225223
