0 0.8969804618117229 0.04133333333333333 0.20603907637655416 0.08
0 0.8863232682060391 0.15333333333333332 0.22735346358792186 0.144
0 0.8809946714031972 0.29533333333333334 0.23801065719360567 0.13733333333333334
0 0.8836589698046181 0.4266666666666667 0.23268206039076378 0.13066666666666665
0 0.8641207815275311 0.552 0.27175843694493784 0.13066666666666665
0 0.8543516873889876 0.6706666666666666 0.2912966252220249 0.11466666666666667
0 0.9413854351687388 0.784 0.1172291296625222 0.112
0 0.9342806394316163 0.8966666666666666 0.1172291296625222 0.11866666666666667
0 0.9378330373001776 0.9753333333333334 0.12433392539964476 0.04933333333333333
0 0.7300177619893428 0.9833333333333333 0.2912966252220249 0.030666666666666665
0 0.3383658969804618 0.958 0.4955595026642984 0.084
0 0.08259325044404973 0.95 0.16518650088809947 0.09466666666666666
0 0.2753108348134991 0.8666666666666667 0.2024866785079929 0.112
0 0.2744227353463588 0.7586666666666667 0.22202486678507993 0.10933333333333334
0 0.28507992895204265 0.6513333333333333 0.27175843694493784 0.10533333333333333
0 0.08969804618117229 0.8586666666666667 0.17939609236234458 0.11466666666666667
0 0.08259325044404973 0.7526666666666667 0.16518650088809947 0.10533333333333333
0 0.07726465364120781 0.6406666666666667 0.15452930728241562 0.11866666666666667
0 0.5710479573712256 0.648 0.27886323268206037 0.09333333333333334
0 0.5603907637655418 0.5433333333333333 0.2895204262877442 0.124
0 0.27175843694493784 0.54 0.2841918294849023 0.12266666666666666
0 0.06838365896980461 0.5213333333333333 0.13676731793960922 0.12533333333333332
0 0.5701598579040853 0.42733333333333334 0.29484902309058614 0.12933333333333333
0 0.27264653641207814 0.4266666666666667 0.2895204262877442 0.12266666666666666
0 0.0763765541740675 0.39666666666666667 0.152753108348135 0.12666666666666668
0 0.056838365896980464 0.2673333333333333 0.11367673179396093 0.13733333333333334
0 0.023978685612788632 0.128 0.047957371225577264 0.144
0 0.27797513321492007 0.166 0.30728241563055064 0.14
0 0.283303730017762 0.2986666666666667 0.28596802841918295 0.128
0 0.5870337477797514 0.3006666666666667 0.3037300177619893 0.12933333333333333
0 0.5950266429840142 0.16133333333333333 0.31616341030195383 0.144
0 0.58348134991119 0.044 0.325044404973357 0.08533333333333333
0 0.2655417406749556 0.04933333333333333 0.3108348134991119 0.096
