0 0.6066666666666667 0.42333333333333334 0.4266666666666667 0.22
0 0.19833333333333333 0.4083333333333333 0.39666666666666667 0.21666666666666667
0 0.91 0.20833333333333334 0.18 0.24333333333333335
0 0.9033333333333333 0.44166666666666665 0.19333333333333333 0.23
0 0.8966666666666666 0.6433333333333333 0.20666666666666667 0.22
0 0.5883333333333334 0.63 0.42333333333333334 0.22666666666666666
0 0.18833333333333332 0.605 0.37666666666666665 0.21666666666666667
0 0.59 0.205 0.47333333333333333 0.23666666666666666
0 0.8983333333333333 0.8283333333333334 0.20333333333333334 0.18333333333333332
0 0.6 0.8066666666666666 0.3933333333333333 0.18666666666666668
0 0.21333333333333335 0.7833333333333333 0.38666666666666666 0.18666666666666668
0 0.18 0.195 0.36 0.23
0 0.31166666666666665 0.04666666666666667 0.29 0.09333333333333334
0 0.085 0.041666666666666664 0.17 0.08333333333333333
0 0.6 0.04666666666666667 0.3 0.09333333333333334
0 0.8716666666666667 0.04833333333333333 0.25666666666666665 0.09
