0 0.87 0.436 0.26 0.216
0 0.868 0.23 0.264 0.224
0 0.892 0.626 0.216 0.172
0 0.894 0.785 0.212 0.178
0 0.897 0.921 0.206 0.158
0 0.879 0.065 0.242 0.13
0 0.268 0.096 0.536 0.192
0 0.255 0.402 0.51 0.456
0 0.263 0.75 0.526 0.5
0 0.461 0.886 0.186 0.228
0 0.185 0.969 0.346 0.062
0 0.598 0.08 0.136 0.16
0 0.561 0.31 0.134 0.324
0 0.578 0.56 0.132 0.344
0 0.605 0.785 0.162 0.354
0 0.683 0.649 0.102 0.258
0 0.728 0.816 0.112 0.28
0 0.648 0.262 0.056 0.232
0 0.658 0.468 0.044 0.232
0 0.7 0.242 0.076 0.2
0 0.695 0.074 0.082 0.148
