0 0.028 0.2866666666666667 0.056 0.10933333333333334
0 0.027 0.3933333333333333 0.054 0.10933333333333334
0 0.03 0.5386666666666666 0.06 0.192
0 0.019 0.724 0.038 0.19466666666666665
0 0.044 0.6973333333333334 0.036 0.18933333333333333
0 0.031 0.8826666666666667 0.062 0.19733333333333333
0 0.806 0.32 0.024 0.10666666666666667
0 0.8 0.424 0.032 0.10133333333333333
0 0.785 0.528 0.05 0.10666666666666667
0 0.778 0.6186666666666667 0.048 0.10666666666666667
0 0.774 0.724 0.04 0.10933333333333334
0 0.845 0.272 0.054 0.15466666666666667
0 0.932 0.23466666666666666 0.136 0.21333333333333335
0 0.84 0.42 0.052 0.15733333333333333
0 0.93 0.4266666666666667 0.14 0.20266666666666666
0 0.832 0.5653333333333334 0.06 0.18133333333333335
0 0.811 0.796 0.05 0.18933333333333333
0 0.82 0.6853333333333333 0.06 0.16533333333333333
0 0.921 0.612 0.158 0.21066666666666667
0 0.918 0.788 0.164 0.22666666666666666
0 0.916 0.8986666666666666 0.168 0.20266666666666666
0 0.185 0.20533333333333334 0.266 0.21866666666666668
0 0.435 0.212 0.246 0.216
0 0.678 0.216 0.244 0.224
0 0.611 0.424 0.366 0.21333333333333335
0 0.243 0.4066666666666667 0.382 0.216
0 0.177 0.5933333333333334 0.246 0.2
0 0.411 0.604 0.23 0.19466666666666665
0 0.64 0.6133333333333333 0.232 0.18666666666666668
0 0.239 0.7773333333333333 0.362 0.19466666666666665
0 0.585 0.792 0.334 0.18666666666666668
0 0.181 0.932 0.238 0.136
0 0.409 0.9066666666666666 0.222 0.18666666666666668
0 0.634 0.94 0.232 0.12
