0 0.8375 0.035493827160493825 0.24166666666666667 0.07098765432098765
0 0.6625 0.037037037037037035 0.11666666666666667 0.07407407407407407
0 0.14583333333333334 0.05401234567901234 0.20833333333333334 0.10802469135802469
0 0.425 0.05246913580246913 0.35 0.10493827160493827
0 0.88125 0.12191358024691358 0.1625 0.13271604938271606
0 0.8395833333333333 0.23919753086419754 0.22083333333333333 0.12037037037037036
0 0.6541666666666667 0.16358024691358025 0.13333333333333333 0.17901234567901234
0 0.46875 0.2006172839506173 0.22916666666666666 0.18518518518518517
0 0.20416666666666666 0.19753086419753085 0.30833333333333335 0.17901234567901234
0 0.17083333333333334 0.36574074074074076 0.2 0.16358024691358025
0 0.42291666666666666 0.37191358024691357 0.30416666666666664 0.1697530864197531
0 0.225 0.5185185185185185 0.2833333333333333 0.15432098765432098
0 0.46458333333333335 0.5308641975308642 0.20416666666666666 0.16049382716049382
0 0.18541666666666667 0.654320987654321 0.17083333333333334 0.1419753086419753
0 0.4125 0.6682098765432098 0.275 0.14506172839506173
0 0.23333333333333334 0.7808641975308642 0.25 0.13580246913580246
0 0.47291666666666665 0.7978395061728395 0.17916666666666667 0.13271604938271606
0 0.2 0.8904320987654321 0.16666666666666666 0.13271604938271606
0 0.4041666666666667 0.9104938271604939 0.25 0.13580246913580246
0 0.6458333333333334 0.9151234567901234 0.15 0.12037037037037036
0 0.8020833333333334 0.9259259259259259 0.1625 0.13580246913580246
0 0.6625 0.8024691358024691 0.16666666666666666 0.12962962962962962
0 0.8291666666666667 0.8055555555555556 0.16666666666666666 0.11728395061728394
0 0.675 0.6743827160493827 0.175 0.14506172839506173
0 0.85625 0.6805555555555556 0.19583333333333333 0.15123456790123457
0 0.8375 0.31635802469135804 0.14166666666666666 0.14506172839506173
0 0.7020833333333333 0.3487654320987654 0.20416666666666666 0.19753086419753085
0 0.6854166666666667 0.5246913580246914 0.19583333333333333 0.1728395061728395
0 0.8729166666666667 0.5061728395061729 0.2125 0.20987654320987653
0 0.9270833333333334 0.3425925925925926 0.04583333333333333 0.08024691358024691
0 0.98125 0.3487654320987654 0.0375 0.07407407407407407
0 0.9791666666666666 0.4058641975308642 0.041666666666666664 0.040123456790123455
0 0.725 0.13117283950617284 0.15 0.12654320987654322
