0 0.017 0.05399325084364454 0.034 0.10798650168728909
0 0.124 0.12879640044994375 0.212 0.17885264341957255
0 0.249 0.18953880764904388 0.066 0.043869516310461196
0 0.086 0.19966254218222723 0.172 0.2508436445444319
0 0.325 0.2840269966254218 0.334 0.172103487064117
0 0.065 0.34195725534308213 0.13 0.18672665916760406
0 0.296 0.36389201349831274 0.348 0.10911136107986502
0 0.045 0.46794150731158607 0.09 0.14173228346456693
0 0.163 0.47412823397075365 0.218 0.11361079865016872
0 0.034 0.5978627671541057 0.068 0.14510686164229472
0 0.162 0.5916760404949382 0.248 0.12373453318335208
0 0.018 0.7238470191226096 0.032 0.11361079865016872
0 0.151 0.7221597300337458 0.246 0.1372328458942632
0 0.132 0.8571428571428571 0.26 0.15748031496062992
0 0.443 0.2440944881889764 0.158 0.0922384701912261
0 0.571 0.3329583802024747 0.194 0.09898762654668167
0 0.569 0.421822272215973 0.194 0.0922384701912261
0 0.435 0.46569178852643417 0.346 0.12823397075365578
0 0.535 0.5674915635545557 0.534 0.18110236220472442
0 0.543 0.7474690663667042 0.558 0.19010123734533182
0 0.257 0.8655793025871766 0.03 0.14960629921259844
0 0.544 0.9038245219347582 0.58 0.1923509561304837
0 0.768 0.31664791901012374 0.204 0.09561304836895389
0 0.77 0.4077615298087739 0.212 0.10011248593925759
0 0.637 0.47412823397075365 0.062 0.012373453318335208
0 0.772 0.5056242969628797 0.216 0.1046119235095613
0 0.935 0.3138357705286839 0.13 0.08773903262092239
0 0.934 0.40382452193475815 0.128 0.09673790776152981
0 0.937 0.5022497187851519 0.122 0.1046119235095613
0 0.839 0.6119235095613048 0.082 0.10798650168728909
0 0.94 0.609673790776153 0.12 0.11698537682789652
0 0.848 0.7227221597300337 0.076 0.1203599550056243
0 0.939 0.7260967379077615 0.118 0.1203599550056243
0 0.864 0.8177727784026997 0.088 0.0719910011248594
0 0.928 0.8807649043869517 0.14 0.1889763779527559
