0 0.1388888888888889 0.028125 0.18 0.05625
0 0.4022222222222222 0.053125 0.3466666666666667 0.10625
0 0.6877777777777778 0.068125 0.24666666666666667 0.13625
0 0.13666666666666666 0.13 0.2733333333333333 0.215
0 0.3788888888888889 0.156875 0.24222222222222223 0.19375
0 0.58 0.178125 0.18222222222222223 0.16625
0 0.7433333333333333 0.193125 0.14888888888888888 0.14875
0 0.7433333333333333 0.330625 0.14444444444444443 0.13625
0 0.5822222222222222 0.33 0.1688888888888889 0.15
0 0.38555555555555554 0.33 0.2288888888888889 0.17
0 0.14444444444444443 0.3275 0.28888888888888886 0.195
0 0.15333333333333332 0.511875 0.30666666666666664 0.19375
0 0.4022222222222222 0.490625 0.21777777777777776 0.16625
0 0.5888888888888889 0.4725 0.1688888888888889 0.1475
0 0.7411111111111112 0.456875 0.14444444444444443 0.13375
0 0.8922222222222222 0.45375 0.15777777777777777 0.1275
0 0.9844444444444445 0.454375 0.03111111111111111 0.12875
0 0.9866666666666667 0.581875 0.02666666666666667 0.12125
0 0.9855555555555555 0.7025 0.028888888888888888 0.1225
0 0.9844444444444445 0.81875 0.03111111111111111 0.1175
0 0.9811111111111112 0.928125 0.03777777777777778 0.11125
0 0.9788888888888889 0.988125 0.042222222222222223 0.02375
0 0.16111111111111112 0.674375 0.32222222222222224 0.20625
0 0.4166666666666667 0.631875 0.21555555555555556 0.17375
0 0.5944444444444444 0.600625 0.1711111111111111 0.15375
0 0.7433333333333333 0.57375 0.14 0.135
0 0.8911111111111111 0.575 0.16444444444444445 0.135
0 0.16666666666666666 0.83 0.3333333333333333 0.215
0 0.4288888888888889 0.7725 0.20444444444444446 0.1875
0 0.6033333333333334 0.726875 0.1622222222222222 0.16375
0 0.7488888888888889 0.6875 0.14222222222222222 0.145
0 0.8922222222222222 0.68875 0.1711111111111111 0.14
0 0.17444444444444446 0.934375 0.3488888888888889 0.13125
0 0.43444444444444447 0.90375 0.20222222222222222 0.1875
0 0.6077777777777778 0.846875 0.1622222222222222 0.17125
0 0.4488888888888889 0.965625 0.19555555555555557 0.06625
0 0.62 0.936875 0.16 0.12375
0 0.8277777777777777 0.8225 0.2822222222222222 0.1975
0 0.8311111111111111 0.936875 0.27111111111111114 0.12625
0 0.9055555555555556 0.3225 0.18888888888888888 0.1375
0 0.9711111111111111 0.080625 0.057777777777777775 0.09375
0 0.9511111111111111 0.191875 0.09777777777777778 0.13875
0 0.8788888888888889 0.076875 0.13111111111111112 0.14375
0 0.8622222222222222 0.203125 0.09333333333333334 0.13125
