0 0.041 0.8093093093093093 0.082 0.1981981981981982
0 0.108 0.7747747747747747 0.216 0.2042042042042042
0 0.204 0.7372372372372372 0.236 0.18018018018018017
0 0.043 0.9421921921921922 0.086 0.11561561561561562
0 0.153 0.918918918918919 0.138 0.16216216216216217
0 0.274 0.8813813813813813 0.12 0.17117117117117117
0 0.19 0.987987987987988 0.056 0.024024024024024024
0 0.277 0.9624624624624625 0.114 0.07507507507507508
0 0.383 0.9617117117117117 0.106 0.07657657657657657
0 0.527 0.9744744744744744 0.186 0.05105105105105105
0 0.425 0.8821321321321322 0.186 0.17267267267267267
0 0.639 0.8986486486486487 0.262 0.1966966966966967
0 0.389 0.7454954954954955 0.118 0.14264264264264265
0 0.584 0.7642642642642643 0.28 0.17717717717717718
0 0.681 0.9812312312312312 0.058 0.03753753753753754
0 0.747 0.9542042042042042 0.078 0.08858858858858859
0 0.8 0.9301801801801802 0.076 0.13963963963963963
0 0.793 0.8273273273273273 0.09 0.15315315315315314
0 0.748 0.728978978978979 0.072 0.16066066066066065
0 0.806 0.7034534534534534 0.06 0.14564564564564564
0 0.8992871287128713 0.6667112657211667 0.14257425742574265 0.15006095204115008
0 0.8893168316831683 0.5646760622008146 0.15063366336633657 0.12290012785062294
0 0.614 0.6178678678678678 0.252 0.16366366366366367
0 0.777 0.5938438438438438 0.09 0.13963963963963963
0 0.843 0.44144144144144143 0.038 0.04504504504504504
0 0.83 0.37762762762762764 0.056 0.0915915915915916
0 0.831 0.2057057057057057 0.062 0.09309309309309309
0 0.83 0.12612612612612611 0.064 0.09009009009009009
0 0.729 0.47147147147147145 0.07 0.13513513513513514
0 0.787 0.4677177177177177 0.054 0.12462462462462462
0 0.56 0.4752252252252252 0.28 0.15465465465465467
0 0.401 0.6178678678678678 0.182 0.14564564564564564
0 0.246 0.6043543543543544 0.14 0.12162162162162163
0 0.368 0.48123123123123124 0.112 0.13363363363363365
0 0.263 0.4827327327327327 0.102 0.12162162162162163
0 0.19 0.4872372372372372 0.056 0.11861861861861862
0 0.762 0.3385885885885886 0.088 0.13663663663663664
0 0.772 0.2222222222222222 0.06 0.13813813813813813
0 0.711 0.19744744744744744 0.078 0.16066066066066065
0 0.598 0.3228228228228228 0.264 0.16816816816816818
0 0.384 0.34384384384384387 0.176 0.15615615615615616
0 0.226 0.36036036036036034 0.14 0.13813813813813813
0 0.536 0.17267267267267267 0.288 0.1981981981981982
0 0.345 0.21171171171171171 0.11 0.15015015015015015
0 0.247 0.23423423423423423 0.11 0.14114114114114115
0 0.173 0.2484984984984985 0.05 0.12762762762762764
0 0.255 0.11411411411411411 0.238 0.17117117117117117
0 0.476 0.07357357357357357 0.216 0.12612612612612611
0 0.692 0.08633633633633633 0.216 0.17267267267267267
0 0.9301075268817204 0.19562573326014188 0.13691756272401437 0.10601999849311679
0 0.9075268817204301 0.2849623817365753 0.182078853046595 0.10063827268128343
0 0.9293906810035841 0.37133908101650037 0.13548387096774195 0.09148933880116673
0 0.9297491039426522 0.46013755691175046 0.13189964157706083 0.08826030331406677
0 0.8765148514851485 0.7864299943507865 0.08514851485148517 0.1456902447001457
0 0.9458217821782179 0.744060892575744 0.053465346534653464 0.12190408230012197
0 0.8715643564356435 0.9023875360509024 0.06930693069306926 0.1442036095501443
0 0.8844871794871795 0.9562447062447063 0.0910256410256411 0.08373758373758367
0 0.9415384615384615 0.8484445984445984 0.07948717948717944 0.15303765303765302
0 0.9646153846153845 0.9268884268884269 0.06410256410256397 0.14437514437514443
0 0.976153846153846 0.5471817971817972 0.04102564102564088 0.08373758373758375
