0 0.471 0.5442278860569715 0.47 0.5727136431784108
0 0.296 0.651424287856072 0.592 0.5712143928035982
0 0.558 0.14917541229385306 0.468 0.2983508245877061
0 0.047 0.26686656671664166 0.094 0.2158920539730135
0 0.37 0.6499250374812594 0.604 0.7001499250374813
0 0.295 0.1454272863568216 0.074 0.2368815592203898
0 0.131 0.2098950524737631 0.262 0.2938530734632684
0 0.851 0.2383808095952024 0.298 0.35082458770614694
0 0.827 0.5082458770614693 0.346 0.30884557721139433
0 0.807 0.6956521739130435 0.386 0.2698650674662669
0 0.254 0.9092953523238381 0.508 0.18140929535232383
