0 0.8055555555555556 0.27 0.17555555555555555 0.22666666666666666
0 0.6444444444444445 0.27 0.1688888888888889 0.22666666666666666
0 0.48 0.2683333333333333 0.16444444444444445 0.23
0 0.31555555555555553 0.26666666666666666 0.17333333333333334 0.23333333333333334
0 0.8277777777777777 0.5066666666666667 0.19333333333333333 0.24666666666666667
0 0.6611111111111111 0.5083333333333333 0.18 0.25666666666666665
0 0.4888888888888889 0.5133333333333333 0.17333333333333334 0.26
0 0.31555555555555553 0.5133333333333333 0.17333333333333334 0.26
0 0.1411111111111111 0.535 0.18444444444444444 0.24333333333333335
0 0.8222222222222222 0.7383333333333333 0.17333333333333334 0.21
0 0.6555555555555556 0.7433333333333333 0.17333333333333334 0.21333333333333335
0 0.4866666666666667 0.7466666666666667 0.1688888888888889 0.22
0 0.31333333333333335 0.7533333333333333 0.17333333333333334 0.22
0 0.13777777777777778 0.7533333333333333 0.18222222222222223 0.23333333333333334
