0 0.265 0.1401799100449775 0.502 0.19640179910044978
0 0.736 0.14992503748125938 0.464 0.191904047976012
0 0.271 0.3275862068965517 0.49 0.1934032983508246
0 0.737 0.32233883058470764 0.462 0.18290854572713644
0 0.251 0.5044977511244377 0.502 0.19940029985007496
0 0.737 0.48950524737631185 0.458 0.18140929535232383
0 0.26 0.6821589205397302 0.488 0.22188905547226387
0 0.74 0.6529235382308846 0.44 0.18440779610194902
0 0.286 0.848575712143928 0.472 0.18590704647676162
0 0.73 0.8050974512743628 0.436 0.17991004497751126
