0 0.04 0.088 0.08 0.176
0 0.227 0.093 0.318 0.186
0 0.54 0.102 0.308 0.196
0 0.845 0.116 0.31 0.18
0 0.788 0.013 0.204 0.026
0 0.938 0.015 0.084 0.03
0 0.567 0.009 0.218 0.018
0 0.115 0.263 0.23 0.174
0 0.338 0.27 0.228 0.176
0 0.567 0.283 0.23 0.174
0 0.805 0.289 0.242 0.166
0 0.953 0.291 0.094 0.166
0 0.048 0.424 0.096 0.152
0 0.23 0.428 0.292 0.156
0 0.533 0.437 0.274 0.158
0 0.813 0.447 0.294 0.15
0 0.972 0.449 0.056 0.154
0 0.021 0.573 0.042 0.142
0 0.139 0.573 0.226 0.142
0 0.352 0.573 0.208 0.138
0 0.556 0.58 0.208 0.14
0 0.768 0.588 0.216 0.136
0 0.93 0.593 0.14 0.138
0 0.053 0.707 0.106 0.13
0 0.229 0.705 0.27 0.13
0 0.519 0.708 0.254 0.136
0 0.78 0.719 0.264 0.13
0 0.949 0.722 0.102 0.128
0 0.033 0.83 0.066 0.116
0 0.151 0.829 0.202 0.114
0 0.348 0.812 0.192 0.16
0 0.54 0.83 0.192 0.12
0 0.752 0.837 0.2 0.118
0 0.917 0.842 0.166 0.112
0 0.065 0.94 0.13 0.108
0 0.244 0.94 0.244 0.108
0 0.507 0.944 0.242 0.108
0 0.753 0.927 0.262 0.142
0 0.936 0.946 0.128 0.104
