0 0.1 0.1225 0.2 0.225
0 0.35333333333333333 0.1425 0.30666666666666664 0.185
0 0.6233333333333333 0.1475 0.34 0.165
0 0.8933333333333333 0.145 0.21333333333333335 0.16
0 0.12666666666666668 0.3475 0.25333333333333335 0.225
0 0.54 0.35 0.5866666666666667 0.25
0 0.9166666666666666 0.3175 0.16666666666666666 0.195
0 0.14333333333333334 0.5675 0.2866666666666667 0.235
0 0.56 0.565 0.5466666666666666 0.23
0 0.15333333333333332 0.7775 0.30666666666666664 0.205
0 0.5533333333333333 0.765 0.5466666666666666 0.2
0 0.15666666666666668 0.9325 0.31333333333333335 0.135
0 0.56 0.93 0.5066666666666667 0.13
0 0.9166666666666666 0.4875 0.16666666666666666 0.155
0 0.91 0.64 0.16666666666666666 0.16
0 0.94 0.72 0.10666666666666667 0.21
0 0.8966666666666666 0.86 0.19333333333333333 0.27
