0 0.149 0.078 0.274 0.156
0 0.006 0.104 0.012 0.132
0 0.14 0.204 0.28 0.188
0 0.142 0.361 0.284 0.166
0 0.105 0.52 0.21 0.156
0 0.104 0.67 0.208 0.18
0 0.103 0.829 0.198 0.166
0 0.054 0.856 0.108 0.22
0 0.051 0.976 0.102 0.048
0 0.197 0.952 0.19 0.096
0 0.323 0.824 0.23 0.16
0 0.365 0.943 0.15 0.114
0 0.323 0.675 0.234 0.158
0 0.324 0.52 0.232 0.152
0 0.361 0.37 0.154 0.156
0 0.364 0.222 0.156 0.164
0 0.366 0.076 0.152 0.152
0 0.488 0.077 0.088 0.154
0 0.486 0.211 0.088 0.186
0 0.482 0.369 0.088 0.162
0 0.464 0.528 0.052 0.152
0 0.466 0.68 0.052 0.168
0 0.466 0.829 0.056 0.166
0 0.464 0.943 0.052 0.114
0 0.543 0.961 0.126 0.078
0 0.519 0.858 0.062 0.188
0 0.521 0.697 0.062 0.178
0 0.521 0.531 0.058 0.162
0 0.652 0.357 0.256 0.178
0 0.659 0.174 0.262 0.208
0 0.665 0.058 0.27 0.116
0 0.898 0.059 0.204 0.118
0 0.893 0.188 0.214 0.196
0 0.892 0.362 0.216 0.192
0 0.702 0.538 0.312 0.184
0 0.702 0.72 0.304 0.2
0 0.697 0.895 0.302 0.21
0 0.696 0.991 0.16 0.018
0 0.89 0.979 0.22 0.042
0 0.925 0.883 0.15 0.178
0 0.927 0.716 0.146 0.176
0 0.928 0.543 0.144 0.178
