0 0.8651877133105802 0.2431818181818182 0.2696245733788396 0.35909090909090907
0 0.6552901023890785 0.24772727272727274 0.23890784982935154 0.35
0 0.4300341296928328 0.24772727272727274 0.22525597269624573 0.35
0 0.22866894197952217 0.2431818181818182 0.2525597269624573 0.35
0 0.07849829351535836 0.24772727272727274 0.15699658703071673 0.3409090909090909
0 0.8208191126279863 0.5454545454545454 0.22866894197952217 0.23636363636363636
0 0.6228668941979523 0.5363636363636364 0.18771331058020477 0.21818181818181817
0 0.4351535836177474 0.5340909090909091 0.18088737201365188 0.21363636363636362
0 0.2525597269624573 0.5318181818181819 0.20477815699658702 0.21818181818181817
0 0.09385665529010238 0.5318181818181819 0.18771331058020477 0.21818181818181817
0 0.6109215017064846 0.7318181818181818 0.17064846416382254 0.18181818181818182
0 0.44368600682593856 0.7318181818181818 0.16382252559726962 0.17272727272727273
0 0.2815699658703072 0.7295454545454545 0.17406143344709898 0.16818181818181818
0 0.12627986348122866 0.7272727272727273 0.18430034129692832 0.17272727272727273
0 0.60580204778157 0.9045454545454545 0.15358361774744028 0.15454545454545454
0 0.4453924914675768 0.8954545454545455 0.14675767918088736 0.14545454545454545
0 0.3037542662116041 0.884090909090909 0.15699658703071673 0.1409090909090909
0 0.1689419795221843 0.8795454545454545 0.14675767918088736 0.1318181818181818
0 0.7764505119453925 0.7340909090909091 0.18771331058020477 0.19545454545454546
0 0.757679180887372 0.9068181818181819 0.16382252559726962 0.15
