0 0.125250501002004 0.25603217158176944 0.218436873747495 0.1742627345844504
0 0.13026052104208416 0.39812332439678283 0.20841683366733466 0.13672922252010725
0 0.1282565130260521 0.517426273458445 0.2124248496993988 0.13404825737265416
0 0.12424849699398798 0.6353887399463807 0.22044088176352705 0.13941018766756033
0 0.12625250501002003 0.7520107238605898 0.2124248496993988 0.13136729222520108
0 0.12625250501002003 0.8646112600536193 0.20841683366733466 0.13672922252010725
0 0.34168336673346694 0.2801608579088472 0.21042084168336672 0.16353887399463807
0 0.3406813627254509 0.41420911528150134 0.20841683366733466 0.13136729222520108
0 0.343687374749499 0.5294906166219839 0.21442885771543085 0.13136729222520108
0 0.33867735470941884 0.6420911528150134 0.2124248496993988 0.13672922252010725
0 0.3366733466933868 0.7426273458445041 0.20841683366733466 0.1554959785522788
0 0.33266533066132264 0.8485254691689008 0.20841683366733466 0.15281501340482573
0 0.5420841683366734 0.3042895442359249 0.17034068136272545 0.13136729222520108
0 0.5370741482965932 0.4155495978552279 0.17234468937875752 0.11796246648793565
0 0.5350701402805611 0.5214477211796247 0.17234468937875752 0.11528150134048257
0 0.5290581162324649 0.6260053619302949 0.17234468937875752 0.11528150134048257
0 0.5240480961923848 0.7238605898123325 0.17034068136272545 0.10723860589812333
0 0.5190380761523046 0.82171581769437 0.1683366733466934 0.10455764075067024
0 0.718436873747495 0.30831099195710454 0.17835671342685372 0.11796246648793565
0 0.7104208416833667 0.42091152815013405 0.1743486973947896 0.10187667560321716
0 0.7104208416833667 0.5254691689008043 0.1743486973947896 0.10723860589812333
0 0.7024048096192385 0.628686327077748 0.17835671342685372 0.10455764075067024
0 0.6953907815631263 0.7292225201072386 0.17635270541082165 0.10187667560321716
0 0.6913827655310621 0.8297587131367292 0.17234468937875752 0.09919571045576407
0 0.8607214428857716 0.8364611260053619 0.17034068136272545 0.10187667560321716
0 0.8707414829659319 0.7372654155495979 0.1743486973947896 0.10723860589812333
0 0.8797595190380761 0.6367292225201072 0.17635270541082165 0.10991957104557641
0 0.8867735470941884 0.5268096514745308 0.17835671342685372 0.1260053619302949
0 0.8717434869739479 0.4195710455764075 0.14829659318637275 0.08847184986595175
0 0.872745490981964 0.33109919571045576 0.13827655310621242 0.10991957104557641
