0 0.234 0.239880059970015 0.24 0.191904047976012
0 0.421 0.2331334332833583 0.226 0.19640179910044978
0 0.163 0.46401799100449775 0.286 0.2593703148425787
0 0.374 0.4587706146926537 0.272 0.2698650674662669
0 0.618 0.22413793103448276 0.208 0.19940029985007496
0 0.829 0.21739130434782608 0.222 0.20089955022488756
0 0.604 0.4542728635682159 0.248 0.272863568215892
0 0.851 0.44677661169415295 0.258 0.2818590704647676
0 1.094 0.4460269865067466 0.312 0.28335832083958024
0 1.038 0.20764617691154422 0.256 0.20839580209895053
