0 0.8340909090909091 0.11136363636363636 0.33181818181818185 0.17727272727272728
0 0.8318181818181818 0.275 0.33636363636363636 0.16818181818181818
0 0.8318181818181818 0.4340909090909091 0.33636363636363636 0.16818181818181818
0 0.8363636363636363 0.5863636363636363 0.32727272727272727 0.16363636363636364
0 0.8363636363636363 0.7454545454545455 0.32727272727272727 0.16363636363636364
0 0.8431818181818181 0.9 0.31363636363636366 0.14545454545454545
0 0.4113636363636364 0.13863636363636364 0.4863636363636364 0.17727272727272728
0 0.4159090909090909 0.29772727272727273 0.4863636363636364 0.16818181818181818
0 0.42272727272727273 0.45454545454545453 0.4818181818181818 0.16363636363636364
0 0.4340909090909091 0.615909090909091 0.4772727272727273 0.16818181818181818
0 0.43636363636363634 0.7727272727272727 0.4727272727272727 0.15454545454545454
0 0.45 0.9181818181818182 0.4727272727272727 0.15454545454545454
0 0.08409090909090909 0.16136363636363638 0.16818181818181818 0.16818181818181818
0 0.08863636363636364 0.32045454545454544 0.17727272727272728 0.1590909090909091
0 0.09318181818181819 0.4772727272727273 0.18636363636363637 0.17272727272727273
0 0.09772727272727273 0.634090909090909 0.19545454545454546 0.1409090909090909
0 0.10681818181818181 0.7795454545454545 0.21363636363636362 0.1590909090909091
0 0.10909090909090909 0.925 0.21818181818181817 0.15
