0 0.129 0.31466666666666665 0.182 0.144
0 0.249 0.3466666666666667 0.062 0.13333333333333333
0 0.048 0.432 0.096 0.31466666666666665
0 0.185 0.4746666666666667 0.166 0.176
0 0.115 0.696 0.194 0.26666666666666666
0 0.29 0.688 0.24 0.26666666666666666
0 0.333 0.3453333333333333 0.114 0.13066666666666665
0 0.451 0.3373333333333333 0.13 0.15733333333333333
0 0.325 0.4866666666666667 0.126 0.14666666666666667
0 0.451 0.492 0.13 0.15733333333333333
0 0.468 0.6466666666666666 0.124 0.16266666666666665
0 0.575 0.336 0.094 0.12266666666666666
0 0.669 0.3586666666666667 0.098 0.14666666666666667
0 0.593 0.4826666666666667 0.15 0.16533333333333333
0 0.599 0.6506666666666666 0.142 0.18133333333333335
0 0.743 0.6533333333333333 0.15 0.192
0 0.914 0.6666666666666666 0.172 0.32
0 0.813 0.444 0.194 0.184
0 0.773 0.5546666666666666 0.102 0.037333333333333336
0 0.837 0.5413333333333333 0.026 0.06933333333333333
0 0.509 0.328 0.146 0.14933333333333335
