0 0.046 0.2837465564738292 0.092 0.15426997245179064
0 0.289 0.16804407713498623 0.466 0.3305785123966942
0 0.312 0.5110192837465565 0.44 0.35537190082644626
0 0.07 0.6170798898071626 0.14 0.24242424242424243
0 0.084 0.837465564738292 0.168 0.22589531680440772
0 0.335 0.8305785123966942 0.398 0.33884297520661155
0 0.737 0.16804407713498623 0.43 0.33608815426997246
0 0.72 0.5 0.4 0.3333333333333333
0 0.758 0.7713498622589532 0.448 0.24242424242424243
0 0.764 0.9297520661157025 0.464 0.1349862258953168
0 0.945 0.47796143250688705 0.106 0.768595041322314
