0 0.9409005628517824 0.36833333333333335 0.06566604127579738 0.09
0 0.1397748592870544 0.435 0.06566604127579738 0.09666666666666666
0 0.13227016885553472 0.5116666666666667 0.03564727954971857 0.07
0 0.01876172607879925 0.51 0.0375234521575985 0.12666666666666668
0 0.5984990619136961 0.145 0.1801125703564728 0.15666666666666668
0 0.6716697936210131 0.335 0.2589118198874296 0.23
0 0.4849906191369606 0.34833333333333333 0.17823639774859287 0.24333333333333335
0 0.6641651031894934 0.5233333333333333 0.2176360225140713 0.16666666666666666
0 0.350844277673546 0.35833333333333334 0.0900562851782364 0.06333333333333334
0 0.4849906191369606 0.5366666666666666 0.15196998123827393 0.19333333333333333
0 0.6923076923076923 0.675 0.13133208255159476 0.15
0 0.5553470919324578 0.6933333333333334 0.1425891181988743 0.17333333333333334
0 0.4090056285178236 0.6933333333333334 0.14634146341463414 0.17333333333333334
0 0.28142589118198874 0.5083333333333333 0.2589118198874296 0.23666666666666666
0 0.24953095684803 0.7083333333333334 0.1575984990619137 0.15666666666666668
0 0.2626641651031895 0.865 0.14634146341463414 0.16333333333333333
0 0.4071294559099437 0.86 0.13883677298311445 0.15333333333333332
0 0.5469043151969981 0.85 0.14071294559099437 0.14666666666666667
0 0.6763602251407129 0.83 0.1294559099437148 0.14666666666666667
