0 0.1175 0.24817518248175183 0.155 0.30656934306569344
0 0.2775 0.2518248175182482 0.185 0.27007299270072993
0 0.445 0.2518248175182482 0.16 0.25547445255474455
0 0.6 0.25547445255474455 0.15 0.23357664233576642
0 0.13 0.5364963503649635 0.15 0.2846715328467153
0 0.29 0.5291970802919708 0.2 0.29927007299270075
0 0.47 0.5145985401459854 0.18 0.2846715328467153
0 0.1425 0.791970802919708 0.145 0.27007299270072993
0 0.1525 0.9525547445255474 0.125 0.0948905109489051
0 0.3125 0.7956204379562044 0.195 0.2773722627737226
0 0.315 0.9379562043795621 0.19 0.12408759124087591
0 0.4825 0.927007299270073 0.145 0.145985401459854
0 0.485 0.7591240875912408 0.16 0.23357664233576642
0 0.5975 0.4781021897810219 0.145 0.2116788321167883
0 0.6075 0.6751824817518248 0.095 0.2116788321167883
0 0.595 0.864963503649635 0.09 0.18248175182481752
0 0.035 0.635036496350365 0.07 0.17518248175182483
0 0.045 0.8321167883211679 0.09 0.21897810218978103
0 0.79 0.4708029197080292 0.17 0.22627737226277372
0 0.775 0.6715328467153284 0.17 0.21897810218978103
0 0.94 0.7408759124087592 0.12 0.25547445255474455
0 0.74 0.44525547445255476 0.17 0.23357664233576642
0 0.6775 0.6532846715328468 0.055 0.18248175182481752
0 0.66 0.8211678832116789 0.06 0.2116788321167883
0 0.815 0.8102189781021898 0.15 0.11678832116788321
0 0.7175 0.8065693430656934 0.055 0.10948905109489052
0 0.705 0.927007299270073 0.07 0.145985401459854
0 0.79 0.4708029197080292 0.17 0.22627737226277372
0 0.8725 0.6058394160583942 0.035 0.17518248175182483
0 0.7175 0.7992700729927007 0.055 0.12408759124087591
