0 0.358 0.1478494623655914 0.244 0.16666666666666666
0 0.603 0.14650537634408603 0.246 0.17473118279569894
0 0.252 0.3387096774193548 0.272 0.1989247311827957
0 0.513 0.33198924731182794 0.258 0.20698924731182797
0 0.77 0.3225806451612903 0.272 0.1989247311827957
0 0.234 0.581989247311828 0.288 0.30913978494623656
0 0.519 0.5389784946236559 0.282 0.239247311827957
0 0.79 0.5672043010752689 0.292 0.3064516129032258
0 0.688 0.7997311827956989 0.312 0.29301075268817206
0 0.386 0.8104838709677419 0.304 0.30913978494623656
