0 0.09141104294478528 0.25202122864947896 0.18282208588957055 0.13122273219218614
0 0.08159509202453988 0.36316197729356187 0.16237218813905932 0.12417104331269949
0 0.08384458077709611 0.47982143897376467 0.1652351738241309 0.12693039983075952
0 0.0932515337423313 0.5820709277263209 0.18323108384458078 0.13459527904759278
0 0.2521472392638037 0.45728669407627476 0.1427402862985685 0.09657747813209967
0 0.2689161554192229 0.5400673896180744 0.14355828220858896 0.11497318825249953
0 0.26625766871165646 0.3611691086971851 0.1537832310838446 0.09872364431281291
0 0.26646216768916153 0.2635185474747289 0.15910020449897752 0.11619956892719284
0 0.35280898876404493 0.4412119782805227 0.06441947565543069 0.08282375666099533
0 0.35337078651685394 0.5202454952299131 0.03033707865168543 0.07412024324916199
0 0.450374531835206 0.5459348977196795 0.12322097378277153 0.08956196059273736
0 0.4567415730337079 0.45384611065253894 0.12921348314606745 0.09349257955292013
0 0.450561797752809 0.35740556687948155 0.1340823970037453 0.09826547400457074
0 0.43352059925093633 0.25549023241188396 0.13520599250936327 0.10331912695337725
0 0.5704119850187266 0.25478833616899416 0.13857677902621726 0.104161402444845
0 0.5868913857677903 0.3586689801166832 0.1340823970037453 0.10191533446759762
0 0.5928838951310862 0.4539864899011169 0.13183520599250936 0.09658092302163522
0 0.5795880149812734 0.5420042787594967 0.12397003745318352 0.09630016452447931
0 0.7152317880794701 0.2516953443807897 0.1589403973509933 0.09167601629648754
0 0.9014282560706401 0.24443407435355172 0.1931434878587197 0.12282600421643484
0 0.9312295805739513 0.36339446170954254 0.1335408388520972 0.11517420097898068
0 0.7695364238410596 0.3678624264026926 0.1977924944812362 0.12080052688887344
0 0.754083885209713 0.4752590592121158 0.19337748344370856 0.1264268527987662
0 0.9230618101545254 0.4721612703581983 0.1498763796909493 0.116736333819845
0 0.9152317880794701 0.5806699299356943 0.16512141280353204 0.11219555785021401
0 0.7467991169977924 0.5709065996802922 0.18940397350993385 0.1356937425327071
0 0.35990180032733227 0.35653204494315854 0.033715220949263484 0.08490026672424836
0 0.35294964028776976 0.2697572077270717 0.025611510791366924 0.087366388748072
0 0.18518518518518523 0.5519462490976734 0.03654320987654321 0.09032520776648717
0 0.17333333333333334 0.4582893738316028 0.01777777777777777 0.09550780165472818
0 0.17111111111111113 0.36407722064893483 0.02024691358024691 0.09587798693245972
