0 0.739 0.136431784107946 0.522 0.272863568215892
0 0.733 0.40104947526236884 0.518 0.25037481259370314
0 0.703 0.6334332833583208 0.454 0.1934032983508246
0 0.691 0.8163418290854573 0.414 0.1724137931034483
0 0.679 0.9505247376311844 0.382 0.095952023988006
0 0.239 0.14167916041979012 0.478 0.28335832083958024
0 0.232 0.41379310344827586 0.464 0.25487256371814093
0 0.237 0.6416791604197901 0.474 0.19790104947526238
0 0.269 0.8253373313343328 0.426 0.1634182908545727
0 0.296 0.9557721139430285 0.392 0.08845577211394302
