0 0.051 0.212 0.102 0.2853333333333333
0 0.186 0.21333333333333335 0.168 0.288
0 0.344 0.21866666666666668 0.168 0.288
0 0.51 0.22266666666666668 0.164 0.28
0 0.675 0.216 0.174 0.29333333333333333
0 0.837 0.22 0.178 0.2906666666666667
0 0.956 0.21733333333333332 0.088 0.296
0 0.954 0.448 0.092 0.17066666666666666
0 0.828 0.4493333333333333 0.164 0.168
0 0.67 0.4493333333333333 0.16 0.17333333333333334
0 0.512 0.45066666666666666 0.156 0.176
0 0.354 0.45066666666666666 0.156 0.176
0 0.194 0.45066666666666666 0.172 0.176
0 0.059 0.4493333333333333 0.118 0.17866666666666667
0 0.064 0.624 0.128 0.17066666666666666
0 0.2 0.6253333333333333 0.16 0.17333333333333334
0 0.359 0.632 0.166 0.18666666666666668
0 0.52 0.6333333333333333 0.164 0.18933333333333333
0 0.685 0.6306666666666667 0.17 0.19466666666666665
0 0.846 0.6306666666666667 0.188 0.19466666666666665
0 0.958 0.632 0.084 0.19733333333333333
0 0.959 0.812 0.082 0.168
0 0.845 0.808 0.17 0.16533333333333333
0 0.685 0.8133333333333334 0.166 0.16533333333333333
0 0.524 0.8093333333333333 0.16 0.168
0 0.358 0.804 0.16 0.168
0 0.203 0.796 0.158 0.16266666666666665
0 0.065 0.788 0.13 0.15733333333333333
0 0.959 0.948 0.082 0.104
0 0.839 0.9426666666666667 0.166 0.10933333333333334
0 0.681 0.948 0.154 0.104
0 0.522 0.9466666666666667 0.156 0.10666666666666667
0 0.367 0.9426666666666667 0.154 0.11466666666666667
0 0.217 0.9373333333333334 0.154 0.12533333333333332
0 0.074 0.932 0.148 0.136
