0 0.145 0.12968515742128936 0.274 0.1424287856071964
0 0.14 0.2556221889055472 0.28 0.1454272863568216
0 0.143 0.3905547226386807 0.286 0.1454272863568216
0 0.19 0.5344827586206896 0.176 0.15142428785607195
0 0.057 0.532983508245877 0.114 0.15442278860569716
0 0.179 0.691904047976012 0.194 0.1664167916041979
0 0.051 0.6941529235382309 0.102 0.1679160419790105
0 0.145 0.8575712143928036 0.29 0.18590704647676162
0 0.364 0.8478260869565217 0.168 0.1634182908545727
0 0.527 0.8418290854572713 0.158 0.16041979010494753
0 0.67 0.8313343328335832 0.152 0.15442278860569716
0 0.815 0.8268365817091454 0.158 0.14842578710644677
0 0.942 0.8253373313343328 0.116 0.14842578710644677
0 0.891 0.9482758620689655 0.218 0.10344827586206896
0 0.653 0.9505247376311844 0.27 0.09895052473763119
0 0.375 0.9587706146926537 0.286 0.08245877061469266
0 0.117 0.9655172413793104 0.234 0.06896551724137931
0 0.374 0.6896551724137931 0.16 0.15592203898050974
0 0.53 0.6889055472263869 0.156 0.15742128935532235
0 0.676 0.6829085457271364 0.144 0.1454272863568216
0 0.813 0.684407796101949 0.15 0.13943028485757122
0 0.934 0.6836581709145427 0.132 0.1409295352323838
0 0.412 0.5464767616191905 0.256 0.136431784107946
0 0.661 0.5472263868065967 0.25 0.13493253373313344
0 0.888 0.5517241379310345 0.224 0.13193403298350825
0 0.886 0.4257871064467766 0.228 0.12593703148425786
0 0.662 0.42128935532233885 0.228 0.13493253373313344
0 0.422 0.411544227886057 0.256 0.13943028485757122
0 0.885 0.3118440779610195 0.134 0.11694152923538231
0 0.762 0.30359820089955025 0.14 0.12143928035982009
0 0.629 0.29610194902548725 0.13 0.12443778110944528
0 0.5 0.2901049475262369 0.136 0.13343328335832083
0 0.36 0.280359820089955 0.148 0.13793103448275862
0 0.347 0.15742128935532235 0.146 0.12893553223388307
0 0.487 0.1664167916041979 0.138 0.12893553223388307
0 0.619 0.18065967016491755 0.13 0.12143928035982009
0 0.747 0.1874062968515742 0.138 0.1199400299850075
0 0.869 0.19865067466266867 0.134 0.12743628185907047
0 0.834 0.023238380809595203 0.196 0.046476761619190406
0 0.843 0.08770614692653673 0.214 0.12743628185907047
0 0.635 0.06596701649175413 0.218 0.12593703148425786
0 0.404 0.05247376311844078 0.244 0.10494752623688156
