0 0.763 0.30265848670756645 0.326 0.2822085889570552
0 0.776 0.5797546012269938 0.328 0.26380368098159507
0 0.796 0.843558282208589 0.34 0.2965235173824131
0 0.462 0.2955010224948875 0.312 0.37014314928425357
0 0.467 0.6042944785276073 0.298 0.26789366053169733
0 0.488 0.8537832310838446 0.304 0.2556237218813906
0 0.207 0.1329243353783231 0.322 0.25766871165644173
0 0.184 0.36400817995910023 0.264 0.24948875255623723
0 0.193 0.6053169734151329 0.266 0.25766871165644173
0 0.2 0.8466257668711656 0.272 0.2331288343558282
