0 0.12433537832310838 0.028513350686619882 0.15787321063394683 0.05641351103589311
0 0.11779141104294479 0.09872364431281291 0.16441717791411042 0.17046691378237264
0 0.0852760736196319 0.238224446059179 0.10593047034764826 0.14471291961381272
0 0.20388548057259714 0.22258809245683905 0.12310838445807769 0.15452396501135934
0 0.31656441717791417 0.07695538733700635 0.22167689161554194 0.15145801332462605
0 0.34642126789366057 0.20557206059546915 0.15869120654396726 0.17138669928839265
0 0.08323108384458078 0.3714400468477418 0.10674846625766872 0.13152932736085943
0 0.20061349693251537 0.3646949531369285 0.13456032719836403 0.14011399208371275
0 0.3519427402862986 0.3581031570104518 0.16891615541922295 0.15513715534870598
0 0.015337423312883436 0.3768054622995251 0.02985685071574642 0.10546873802362625
0 0.12106339468302658 0.5060353258953345 0.16687116564417181 0.1370480403969794
0 0.31349693251533745 0.5143133954495146 0.2139059304703477 0.15605694085472605
0 0.12474437627811862 0.6371047605031841 0.1537832310838446 0.14532610995115935
0 0.3104294478527607 0.6620922667500606 0.2159509202453988 0.17199988962573934
0 0.020040899795501024 0.4818143075701413 0.04008179959100205 0.10025662015617963
0 0.024130879345603276 0.5819176301419843 0.047443762781186095 0.10056321532485289
0 0.02392638036809816 0.6835539285571939 0.04621676891615542 0.1051621428549529
0 0.11370143149284255 0.7604998114439713 0.15950920245398773 0.1707545000505882
0 0.07362044989775052 0.883147383363533 0.10715910020449898 0.16402841524023265
0 0.18669856850715752 0.9143928035982009 0.13456032719836405 0.1706146926536731
0 0.07498568507157463 0.9632821625996818 0.10197137014314929 0.07043717405101119
0 0.16952965235173825 0.9840171938570593 0.09038854805725972 0.028513350686619823
0 0.29856850715746425 0.8075716742855567 0.2110429447852761 0.1943813369388925
0 0.3205128205128205 0.9325756702068546 0.16550116550116548 0.1310533544416603
0 0.5737762237762238 0.3420492550927334 0.27342657342657345 0.18924104381375748
0 0.5601398601398602 0.1729904278629916 0.26993006993006996 0.21545171470208951
0 0.5181818181818183 0.058842956144305465 0.1734265734265735 0.11768591228861093
0 0.7130952380952381 0.042612622260298424 0.21964285714285722 0.0843328335832084
0 0.8641188959660296 0.12859812132150486 0.2666666666666666 0.2202720295903004
0 0.8580233545647559 0.3205117186629615 0.2799532908704883 0.21523633087914643
0 0.5114649681528662 0.517893919282397 0.17452229299363062 0.16997870491505845
0 0.7129511677282379 0.5263291920918521 0.22505307855626325 0.19194224543779065
0 0.5050955414012739 0.6837345658381001 0.17537154989384288 0.18334781653759114
0 0.5384288747346072 0.8594428900199582 0.2675159235668789 0.2266382732200778
0 0.5359108280254777 0.9517311407990273 0.26417834394904455 0.09353921765232034
0 0.8416751592356688 0.8971406016736855 0.3126496815286624 0.20272029590300392
0 0.7040339702760086 0.7106319451739099 0.21910828025477713 0.21040435196414534
0 0.9055201698513801 0.7368927001467419 0.1847133757961783 0.22472840013114453
0 0.9076433121019108 0.5361968697180073 0.1804670912951168 0.21040435196414525
0 0.9164576271186441 0.014992503748125937 0.16308474576271192 0.029985007496251874
0 0.01810699588477366 0.775538156847502 0.0345679012345679 0.09439724582153364
0 0.009465020576131687 0.8696269149375929 0.018930041152263374 0.1067367550792505
0 0.013786008230452675 0.9567376805424448 0.02757201646090535 0.08352613816548526
