0 0.273 0.12368815592203898 0.378 0.24737631184407796
0 0.271 0.3118440779610195 0.338 0.14392803598200898
0 0.304 0.4295352323838081 0.324 0.1634182908545727
0 0.582 0.3028485757121439 0.236 0.20089955022488756
0 0.609 0.4542728635682159 0.214 0.13493253373313344
0 0.818 0.39730134932533734 0.248 0.239880059970015
0 0.83 0.5929535232383808 0.236 0.1904047976011994
0 0.609 0.6019490254872564 0.214 0.1664167916041979
0 0.81 0.7466266866566716 0.216 0.13493253373313344
0 0.796 0.8703148425787106 0.188 0.12743628185907047
0 0.607 0.7488755622188905 0.186 0.13043478260869565
0 0.609 0.8718140929535232 0.182 0.1184407796101949
0 0.431 0.8590704647676162 0.182 0.14392803598200898
0 0.257 0.8650674662668666 0.186 0.12593703148425786
0 0.23 0.7406296851574213 0.2 0.13493253373313344
0 0.204 0.5802098950524738 0.22 0.191904047976012
0 0.402 0.5697151424287856 0.204 0.20089955022488756
