0 0.158 0.38133333333333336 0.176 0.21866666666666668
0 0.25 0.19333333333333333 0.204 0.184
0 0.305 0.384 0.146 0.19733333333333333
0 0.424 0.376 0.144 0.19733333333333333
0 0.508 0.372 0.204 0.19466666666666665
0 0.216 0.5813333333333334 0.188 0.19733333333333333
0 0.388 0.56 0.164 0.18133333333333335
0 0.533 0.548 0.142 0.168
0 0.178 0.7426666666666667 0.164 0.23733333333333334
0 0.321 0.74 0.126 0.18933333333333333
0 0.438 0.7173333333333334 0.108 0.176
0 0.543 0.6946666666666667 0.11 0.16266666666666665
0 0.201 0.9133333333333333 0.182 0.17333333333333334
0 0.372 0.8786666666666667 0.164 0.184
0 0.517 0.836 0.138 0.15733333333333333
0 0.673 0.22133333333333333 0.178 0.16533333333333333
0 0.81 0.22533333333333333 0.116 0.168
0 0.9 0.236 0.104 0.152
0 0.687 0.37333333333333335 0.21 0.176
0 0.822 0.37733333333333335 0.092 0.14666666666666667
0 0.892 0.37466666666666665 0.08 0.136
0 0.664 0.5186666666666667 0.136 0.168
0 0.781 0.5133333333333333 0.106 0.136
0 0.867 0.504 0.094 0.13333333333333333
0 0.67 0.656 0.156 0.17066666666666666
0 0.783 0.64 0.102 0.144
0 0.859 0.6226666666666667 0.078 0.12533333333333332
0 0.639 0.78 0.114 0.14666666666666667
0 0.785 0.7573333333333333 0.19 0.17066666666666666
0 0.985 0.5693333333333334 0.03 0.17333333333333334
0 0.965 0.752 0.07 0.2613333333333333
0 0.552 0.21733333333333332 0.088 0.14666666666666667
0 0.482 0.216 0.06 0.128
0 0.035 0.11866666666666667 0.07 0.168
0 0.031 0.292 0.062 0.17866666666666667
0 0.041 0.448 0.082 0.14933333333333335
0 0.112 0.27066666666666667 0.1 0.22133333333333333
0 0.171 0.11733333333333333 0.182 0.12266666666666666
0 0.286 0.008 0.064 0.016
0 0.347 0.012 0.058 0.024
0 0.412 0.02 0.076 0.04
0 0.296 0.044 0.076 0.06133333333333333
0 0.364 0.052 0.06 0.06666666666666667
0 0.421 0.06 0.058 0.06666666666666667
0 0.29 0.09466666666666666 0.064 0.04533333333333334
0 0.35 0.10266666666666667 0.06 0.06133333333333333
0 0.414 0.11066666666666666 0.072 0.056
0 0.376 0.15733333333333333 0.048 0.058666666666666666
0 0.426 0.16533333333333333 0.052 0.05333333333333334
0 0.367 0.20666666666666667 0.03 0.056
0 0.417 0.21066666666666667 0.07 0.05333333333333334
0 0.376 0.25466666666666665 0.048 0.056
0 0.427 0.256 0.054 0.042666666666666665
0 0.515 0.068 0.13 0.12
0 0.526 0.13866666666666666 0.148 0.037333333333333336
