0 0.163 0.7890466531440162 0.326 0.17849898580121704
0 0.487 0.795131845841785 0.33 0.17038539553752535
0 0.825 0.8174442190669371 0.346 0.17849898580121704
0 0.748 0.6166328600405679 0.504 0.24746450304259635
0 0.25 0.6308316430020284 0.488 0.1744421906693712
0 0.827 0.4776876267748479 0.346 0.18864097363083165
0 0.49 0.46247464503042596 0.352 0.17849898580121704
0 0.158 0.45030425963488846 0.316 0.1947261663286004
0 0.273 0.2799188640973631 0.522 0.19066937119675456
0 0.16 0.09330628803245436 0.32 0.18661257606490872
0 0.495 0.0973630831643002 0.362 0.19066937119675456
0 0.836 0.10141987829614604 0.328 0.2028397565922921
0 0.765 0.29006085192697767 0.47 0.2028397565922921
