0 0.16333333333333333 0.16428571428571428 0.32666666666666666 0.32857142857142857
0 0.4083333333333333 0.20714285714285716 0.15666666666666668 0.21428571428571427
0 0.59 0.1619047619047619 0.20666666666666667 0.24761904761904763
0 0.8416666666666667 0.18333333333333332 0.2966666666666667 0.36666666666666664
0 0.09166666666666666 0.45714285714285713 0.18333333333333332 0.3142857142857143
0 0.26166666666666666 0.4714285714285714 0.18333333333333332 0.3142857142857143
0 0.4766666666666667 0.4523809523809524 0.24 0.37142857142857144
0 0.7983333333333333 0.43333333333333335 0.4033333333333333 0.44761904761904764
0 0.08333333333333333 0.7714285714285715 0.16666666666666666 0.3238095238095238
0 0.30666666666666664 0.8047619047619048 0.31333333333333335 0.3904761904761905
0 0.7066666666666667 0.8214285714285714 0.5066666666666667 0.35714285714285715
0 0.9766666666666667 0.8261904761904761 0.04666666666666667 0.3476190476190476
0 0.08 0.9523809523809523 0.16 0.09523809523809523
0 0.24833333333333332 0.9571428571428572 0.18333333333333332 0.08571428571428572
