0 0.86171875 0.2995310668229777 0.1859375 0.07151230949589683
0 0.64453125 0.223915592028136 0.2015625 0.07737397420867527
0 0.48671875 0.2250879249706917 0.1140625 0.09378663540445487
0 0.3703125 0.21101992966002345 0.121875 0.07502930832356389
0 0.7125 0.30011723329425555 0.1125 0.07971864009378664
0 0.590625 0.2901524032825322 0.121875 0.06916764361078546
0 0.403125 0.28194607268464245 0.215625 0.09026963657678781
0 0.16171875 0.33939038686987105 0.2359375 0.08792497069167643
0 0.36015625 0.3505275498241501 0.1203125 0.07502930832356389
0 0.48046875 0.35990621336459555 0.1140625 0.08440797186400938
0 0.63828125 0.3593200468933177 0.1984375 0.0738569753810082
0 0.81640625 0.365767878077374 0.1234375 0.07268464243845252
0 0.93046875 0.3733880422039859 0.1046875 0.07620164126611957
0 0.40234375 0.42379835873388044 0.2078125 0.07854630715123095
0 0.23125 0.42145369284876905 0.13125 0.08089097303634232
0 0.1 0.41500586166471276 0.1375 0.08675263774912075
0 0.58984375 0.4284876905041032 0.1234375 0.0738569753810082
0 0.70546875 0.43376318874560377 0.1109375 0.07502930832356389
0 0.85546875 0.4343493552168816 0.1921875 0.0738569753810082
0 0.925 0.5064478311840562 0.1125 0.07268464243845252
0 0.8125 0.5052754982415005 0.125 0.07268464243845252
0 0.63671875 0.5005861664712778 0.1984375 0.07502930832356389
0 0.478125 0.5029308323563892 0.11875 0.08206330597889801
0 0.35390625 0.49824150058616645 0.1265625 0.07971864009378664
0 0.1453125 0.49648300117233296 0.2375 0.08089097303634232
0 0.86328125 0.5779601406799532 0.1984375 0.07268464243845252
0 0.71015625 0.5762016412661196 0.1171875 0.0738569753810082
0 0.590625 0.5756154747948418 0.125 0.07502930832356389
0 0.38828125 0.5762016412661196 0.2171875 0.07854630715123095
0 0.21484375 0.5756154747948418 0.1359375 0.07971864009378664
0 0.0796875 0.5738569753810082 0.14375 0.08323563892145369
0 0.340625 0.6553341148886284 0.128125 0.08206330597889801
0 0.46875 0.6547479484173505 0.128125 0.08089097303634232
0 0.63203125 0.6524032825322391 0.2015625 0.07854630715123095
0 0.821875 0.6524032825322391 0.128125 0.07620164126611957
0 0.93828125 0.6512309495896834 0.1171875 0.0738569753810082
0 0.1234375 0.6570926143024619 0.246875 0.08792497069167643
0 0.2 0.7409144196951934 0.140625 0.08206330597889801
0 0.3953125 0.7344665885111371 0.228125 0.08323563892145369
0 0.5859375 0.7286049237983587 0.121875 0.07620164126611957
0 0.70546875 0.7256740914419695 0.1171875 0.07268464243845252
0 0.86171875 0.723915592028136 0.1984375 0.06916764361078546
0 0.06484375 0.7432590855803048 0.1296875 0.08440797186400938
0 0.98125 0.44079718640093785 0.0375 0.06799531066822978
0 0.98671875 0.5779601406799532 0.0265625 0.07268464243845252
0 0.98671875 0.5070339976553341 0.0265625 0.07151230949589683
