0 0.3122866894197952 0.08409090909090909 0.14675767918088736 0.07727272727272727
0 0.3054607508532423 0.1590909090909091 0.15358361774744028 0.08181818181818182
0 0.29692832764505117 0.2431818181818182 0.15699658703071673 0.08636363636363636
0 0.2901023890784983 0.32727272727272727 0.16382252559726962 0.08181818181818182
0 0.2832764505119454 0.4090909090909091 0.16382252559726962 0.09090909090909091
0 0.2764505119453925 0.5 0.17064846416382254 0.1
0 0.2645051194539249 0.5931818181818181 0.17406143344709898 0.10454545454545454
0 0.257679180887372 0.6931818181818182 0.17406143344709898 0.11363636363636363
0 0.24914675767918087 0.7977272727272727 0.17747440273037543 0.11363636363636363
0 0.2354948805460751 0.9113636363636364 0.18430034129692832 0.12272727272727273
0 0.4522184300341297 0.08409090909090909 0.13993174061433447 0.07727272727272727
0 0.5938566552901023 0.08409090909090909 0.15017064846416384 0.07727272727272727
0 0.742320819112628 0.08181818181818182 0.14675767918088736 0.08181818181818182
0 0.44880546075085326 0.16136363636363638 0.14675767918088736 0.07727272727272727
0 0.5972696245733788 0.16136363636363638 0.15017064846416384 0.08636363636363636
0 0.7406143344709898 0.16136363636363638 0.14334470989761092 0.07727272727272727
0 0.447098976109215 0.23863636363636365 0.15017064846416384 0.07727272727272727
0 0.4453924914675768 0.32272727272727275 0.15358361774744028 0.09090909090909091
0 0.44197952218430037 0.4068181818181818 0.16040955631399317 0.09545454545454546
0 0.43686006825938567 0.5045454545454545 0.16382252559726962 0.1
0 0.5972696245733788 0.23863636363636365 0.15017064846416384 0.08636363636363636
0 0.5955631399317406 0.32045454545454544 0.15358361774744028 0.08636363636363636
0 0.5972696245733788 0.4090909090909091 0.15699658703071673 0.09090909090909091
0 0.5972696245733788 0.4954545454545455 0.15699658703071673 0.09090909090909091
0 0.7474402730375427 0.2340909090909091 0.15017064846416384 0.08636363636363636
0 0.4300341296928328 0.5954545454545455 0.16382252559726962 0.09090909090909091
0 0.4249146757679181 0.6886363636363636 0.17406143344709898 0.10454545454545454
0 0.4197952218430034 0.7977272727272727 0.17747440273037543 0.11363636363636363
0 0.4112627986348123 0.9136363636363637 0.18088737201365188 0.11818181818181818
0 0.5972696245733788 0.5909090909090909 0.16382252559726962 0.1
0 0.5938566552901023 0.6931818181818182 0.17064846416382254 0.10454545454545454
0 0.5887372013651877 0.7954545454545454 0.17406143344709898 0.10909090909090909
0 0.7627986348122867 0.7909090909090909 0.18771331058020477 0.11818181818181818
0 0.5870307167235495 0.9090909090909091 0.17747440273037543 0.11818181818181818
0 0.7662116040955631 0.9045454545454545 0.18088737201365188 0.10909090909090909
0 0.7474402730375427 0.3181818181818182 0.15017064846416384 0.08181818181818182
0 0.7525597269624573 0.40454545454545454 0.15358361774744028 0.09090909090909091
0 0.7593856655290102 0.4909090909090909 0.16723549488054607 0.09090909090909091
0 0.7627986348122867 0.5818181818181818 0.16723549488054607 0.10909090909090909
0 0.764505119453925 0.6840909090909091 0.17064846416382254 0.09545454545454546
0 0.447098976109215 0.5 0.89419795221843 1.0
