0 0.723 0.3452054794520548 0.286 0.18082191780821918
0 0.786 0.5191780821917809 0.148 0.16712328767123288
0 0.717 0.6876712328767123 0.274 0.1643835616438356
0 0.768 0.8424657534246576 0.14 0.15616438356164383
0 0.665 0.18082191780821918 0.27 0.1917808219178082
0 0.479 0.5136986301369864 0.166 0.18356164383561643
0 0.638 0.5164383561643836 0.156 0.1780821917808219
0 0.38 0.3273972602739726 0.288 0.19452054794520549
0 0.313 0.5123287671232877 0.166 0.1863013698630137
0 0.366 0.6945205479452055 0.276 0.1780821917808219
0 0.307 0.8671232876712329 0.162 0.1726027397260274
0 0.464 0.8273972602739726 0.148 0.2356164383561644
0 0.613 0.8232876712328767 0.174 0.2273972602739726
0 0.713 0.9465753424657535 0.266 0.10684931506849316
0 0.377 0.9698630136986301 0.27 0.06027397260273973
0 0.419 0.14520547945205478 0.218 0.18082191780821918
0 0.177 0.4506849315068493 0.114 0.11232876712328767
0 0.179 0.35753424657534244 0.114 0.07397260273972603
0 0.208 0.5561643835616439 0.04 0.1095890410958904
0 0.178 0.663013698630137 0.096 0.1095890410958904
0 0.088 0.5616438356164384 0.172 0.11506849315068493
0 0.191 0.2863013698630137 0.09 0.0684931506849315
0 0.089 0.3561643835616438 0.062 0.07671232876712329
0 0.104 0.7726027397260274 0.172 0.1095890410958904
0 0.056 0.6712328767123288 0.112 0.10410958904109589
0 0.05 0.8794520547945206 0.1 0.10410958904109589
0 0.177 0.8684931506849315 0.098 0.09863013698630137
0 0.208 0.7657534246575343 0.036 0.10136986301369863
