0 0.5848806366047745 0.8333333333333334 0.1246684350132626 0.3333333333333333
0 0.46021220159151194 0.8315602836879432 0.129973474801061 0.33687943262411346
0 0.3421750663129973 0.8262411347517731 0.14854111405835543 0.3262411347517731
0 0.3753315649867374 0.5283687943262412 0.129973474801061 0.2695035460992908
0 0.47877984084880637 0.5354609929078015 0.1246684350132626 0.2624113475177305
0 0.583554376657825 0.5372340425531915 0.11671087533156499 0.26595744680851063
0 0.7029177718832891 0.8546099290780141 0.1220159151193634 0.2907801418439716
0 0.8103448275862069 0.8581560283687943 0.14588859416445624 0.28368794326241137
0 0.9244031830238727 0.8634751773049646 0.15119363395225463 0.2730496453900709
0 0.21618037135278514 0.8173758865248227 0.1724137931034483 0.33687943262411346
0 0.09283819628647215 0.8067375886524822 0.17506631299734748 0.31560283687943264
0 0.03580901856763926 0.8014184397163121 0.07161803713527852 0.3191489361702128
0 0.25862068965517243 0.5301418439716312 0.16180371352785147 0.2801418439716312
0 0.29310344827586204 0.30141843971631205 0.13527851458885942 0.22695035460992907
0 0.3249336870026525 0.10283687943262411 0.11405835543766578 0.1702127659574468
0 0.23872679045092837 0.10283687943262411 0.1220159151193634 0.1702127659574468
0 0.1976127320954907 0.2872340425531915 0.13527851458885942 0.20567375886524822
0 0.15384615384615385 0.10106382978723404 0.1220159151193634 0.16666666666666666
0 0.10610079575596817 0.2872340425531915 0.13262599469496023 0.20567375886524822
0 0.14854111405835543 0.5177304964539007 0.15915119363395225 0.2624113475177305
0 0.0649867374005305 0.5177304964539007 0.129973474801061 0.2624113475177305
0 0.39389920424403185 0.2925531914893617 0.11405835543766578 0.20921985815602837
0 0.4880636604774536 0.2978723404255319 0.10079575596816977 0.2127659574468085
0 0.5809018567639257 0.2978723404255319 0.10079575596816977 0.2198581560283688
0 0.41909814323607425 0.0975177304964539 0.10079575596816977 0.18085106382978725
0 0.5026525198938993 0.10106382978723404 0.09814323607427056 0.1879432624113475
0 0.5901856763925729 0.09397163120567376 0.09814323607427056 0.1879432624113475
0 0.7082228116710876 0.5407801418439716 0.13262599469496023 0.2872340425531915
0 0.8249336870026526 0.5567375886524822 0.13262599469496023 0.2978723404255319
0 0.9310344827586207 0.5656028368794326 0.13793103448275862 0.30851063829787234
0 0.9045092838196287 0.2978723404255319 0.13793103448275862 0.2198581560283688
0 0.8023872679045093 0.2978723404255319 0.1246684350132626 0.2198581560283688
0 0.6962864721485411 0.31382978723404253 0.1246684350132626 0.24468085106382978
0 0.6896551724137931 0.10106382978723404 0.10610079575596817 0.18085106382978725
0 0.7824933687002652 0.10106382978723404 0.10610079575596817 0.18085106382978725
0 0.8740053050397878 0.09929078014184398 0.11405835543766578 0.1773049645390071
