0 0.7479270315091211 0.23 0.2752902155887231 0.26
0 0.5406301824212272 0.18833333333333332 0.13598673300165837 0.17666666666666667
0 0.4046434494195688 0.18666666666666668 0.13266998341625208 0.18
0 0.2703150912106136 0.19 0.13598673300165837 0.18666666666666668
0 0.7446102819237148 0.39166666666666666 0.2752902155887231 0.21666666666666667
0 0.5381426202321725 0.36833333333333335 0.13432835820895522 0.17666666666666667
0 0.4013266998341625 0.36666666666666664 0.13266998341625208 0.17333333333333334
0 0.269485903814262 0.37 0.12769485903814262 0.18
0 0.8051409618573798 0.5633333333333334 0.14427860696517414 0.19333333333333333
0 0.6650082918739635 0.55 0.13266998341625208 0.18
0 0.5290215588723052 0.5466666666666666 0.13598673300165837 0.17333333333333334
0 0.33001658374792703 0.5466666666666666 0.2620232172470978 0.18
0 0.8043117744610282 0.74 0.13930348258706468 0.19333333333333333
0 0.6650082918739635 0.73 0.13266998341625208 0.17333333333333334
0 0.5290215588723052 0.7266666666666667 0.13598673300165837 0.17333333333333334
0 0.32918739635157546 0.725 0.2570480928689884 0.17666666666666667
0 0.39552238805970147 0.9083333333333333 0.13432835820895522 0.18333333333333332
0 0.5290215588723052 0.9083333333333333 0.12935323383084577 0.18333333333333332
0 0.74212271973466 0.9116666666666666 0.2769485903814262 0.17666666666666667
0 0.26533996683250416 0.9083333333333333 0.13266998341625208 0.18333333333333332
