0 0.265 0.033783783783783786 0.53 0.06756756756756757
0 0.072 0.18693693693693694 0.14 0.24774774774774774
0 0.49 0.18393393393393392 0.684 0.25675675675675674
0 0.763 0.04279279279279279 0.474 0.08558558558558559
0 0.91 0.1921921921921922 0.18 0.24024024024024024
0 0.877 0.4196696696696697 0.246 0.2147147147147147
0 0.827 0.6291291291291291 0.346 0.21021021021021022
0 0.794 0.8183183183183184 0.412 0.21621621621621623
0 0.448 0.4196696696696697 0.652 0.24174174174174173
0 0.068 0.4219219219219219 0.136 0.22522522522522523
0 0.027 0.6396396396396397 0.05 0.2072072072072072
0 0.351 0.6351351351351351 0.618 0.2012012012012012
0 0.295 0.8393393393393394 0.59 0.21621621621621623
0 0.3 0.9669669669669669 0.564 0.06606606606606606
0 0.798 0.9564564564564565 0.404 0.08408408408408409
