0 0.558 0.3447075208913649 0.384 0.19080779944289694
0 0.858 0.34818941504178275 0.284 0.18384401114206128
0 0.86 0.1392757660167131 0.28 0.23676880222841226
0 0.588 0.13649025069637882 0.432 0.23676880222841226
0 0.187 0.13440111420612813 0.374 0.2381615598885794
0 0.184 0.3384401114206128 0.368 0.16991643454038996
0 0.249 0.49442896935933145 0.342 0.14484679665738162
0 0.578 0.4937325905292479 0.312 0.12674094707520892
0 0.858 0.49303621169916434 0.284 0.12534818941504178
0 0.817 0.6023676880222841 0.306 0.12674094707520892
0 0.528 0.6135097493036211 0.284 0.11281337047353761
0 0.229 0.5947075208913649 0.298 0.14206128133704735
0 0.712 0.7068245125348189 0.42 0.0988857938718663
0 0.268 0.6678272980501393 0.436 0.1713091922005571
0 0.676 0.7806406685236769 0.392 0.12395543175487465
0 0.282 0.7994428969359332 0.38 0.09749303621169916
