0 0.035483870967741936 0.023706896551724137 0.07096774193548387 0.04741379310344827
0 0.15806451612903225 0.03017241379310345 0.16774193548387098 0.0603448275862069
0 0.32741935483870965 0.02586206896551724 0.17096774193548386 0.05172413793103448
0 0.5016129032258064 0.028017241379310345 0.1774193548387097 0.05603448275862069
0 0.6903225806451613 0.02586206896551724 0.2 0.05172413793103448
0 0.8951612903225806 0.03017241379310345 0.20967741935483872 0.0603448275862069
0 0.08870967741935484 0.16594827586206898 0.1774193548387097 0.23706896551724138
0 0.27741935483870966 0.16379310344827586 0.2064516129032258 0.23275862068965517
0 0.4854838709677419 0.17025862068965517 0.20967741935483872 0.23706896551724138
0 0.7 0.16594827586206898 0.22580645161290322 0.24568965517241378
0 0.09193548387096774 0.39870689655172414 0.18387096774193548 0.22844827586206898
0 0.2854838709677419 0.39655172413793105 0.2161290322580645 0.23275862068965517
0 0.49838709677419357 0.39870689655172414 0.20967741935483872 0.23706896551724138
0 0.7080645161290322 0.4051724137931034 0.2161290322580645 0.23275862068965517
0 0.16129032258064516 0.6293103448275862 0.3225806451612903 0.23275862068965517
0 0.4854838709677419 0.6314655172413793 0.33225806451612905 0.22844827586206898
0 0.1596774193548387 0.8469827586206896 0.3193548387096774 0.22844827586206898
0 0.4806451612903226 0.8491379310344828 0.32903225806451614 0.23275862068965517
0 0.11129032258064517 0.9806034482758621 0.20967741935483872 0.03879310344827586
0 0.3209677419354839 0.9806034482758621 0.20967741935483872 0.03879310344827586
0 0.5225806451612903 0.9806034482758621 0.2 0.03879310344827586
0 0.7290322580645161 0.9202586206896551 0.2129032258064516 0.15948275862068967
0 0.9016129032258065 0.17672413793103448 0.1967741935483871 0.23275862068965517
0 0.9048387096774193 0.4073275862068966 0.19032258064516128 0.23706896551724138
0 0.8435483870967742 0.6422413793103449 0.31290322580645163 0.2413793103448276
0 0.8419354838709677 0.8362068965517241 0.3161290322580645 0.29310344827586204
0 0.917741935483871 0.9870689655172413 0.16451612903225807 0.02586206896551724
