0 0.768 0.655793025871766 0.304 0.2452193475815523
0 0.935 0.12373453318335208 0.122 0.1844769403824522
0 0.74 0.12935883014623173 0.268 0.1844769403824522
0 0.939 0.2980877390326209 0.118 0.16422947131608548
0 0.744 0.3008998875140607 0.26 0.16760404949381327
0 0.143 0.12092238470191226 0.286 0.2283464566929134
0 0.44 0.1124859392575928 0.344 0.2204724409448819
0 0.441 0.3211473565804274 0.346 0.1968503937007874
0 0.139 0.32733408323959506 0.278 0.20247469066366705
0 0.748 0.4578177727784027 0.252 0.15748031496062992
0 0.938 0.4578177727784027 0.124 0.15748031496062992
0 0.142 0.5118110236220472 0.284 0.1687289088863892
0 0.443 0.4966254218222722 0.334 0.2013498312710911
0 0.158 0.672665916760405 0.292 0.15523059617547807
0 0.449 0.6518560179977503 0.298 0.2170978627671541
0 0.023 0.6721034870641169 0.046 0.15185601799775028
0 0.034 0.8205849268841395 0.068 0.15185601799775028
0 0.184 0.8256467941507312 0.308 0.15523059617547807
0 0.47 0.8025871766029247 0.288 0.2013498312710911
0 0.748 0.84251968503937 0.3 0.20697412823397077
0 0.937 0.6068616422947132 0.126 0.14285714285714285
0 0.949 0.7395950506186727 0.102 0.12485939257592801
