0 0.029 0.10266666666666667 0.058 0.15733333333333333
0 0.113 0.108 0.118 0.152
0 0.237 0.10933333333333334 0.122 0.15466666666666667
0 0.37 0.12133333333333333 0.136 0.15733333333333333
0 0.543 0.112 0.122 0.16
0 0.676 0.11466666666666667 0.12 0.14933333333333335
0 0.838 0.25066666666666665 0.156 0.208
0 0.941 0.2693333333333333 0.118 0.18133333333333335
0 0.022 0.25866666666666666 0.044 0.15466666666666667
0 0.102 0.2613333333333333 0.12 0.15466666666666667
0 0.226 0.2653333333333333 0.128 0.15733333333333333
0 0.352 0.276 0.12 0.15733333333333333
0 0.471 0.272 0.118 0.14933333333333335
0 0.591 0.2693333333333333 0.118 0.15466666666666667
0 0.706 0.2693333333333333 0.12 0.16
0 0.022 0.4146666666666667 0.044 0.15733333333333333
0 0.102 0.41733333333333333 0.124 0.15733333333333333
0 0.229 0.424 0.126 0.16
0 0.354 0.43066666666666664 0.12 0.14666666666666667
0 0.479 0.42533333333333334 0.118 0.152
0 0.603 0.424 0.114 0.14933333333333335
0 0.723 0.42533333333333334 0.114 0.152
0 0.847 0.43066666666666664 0.118 0.152
0 0.953 0.43866666666666665 0.094 0.152
0 0.02 0.576 0.04 0.16
0 0.103 0.5773333333333334 0.126 0.15733333333333333
0 0.23 0.5813333333333334 0.124 0.16
0 0.357 0.5866666666666667 0.122 0.16
0 0.48 0.5826666666666667 0.12 0.152
0 0.605 0.5826666666666667 0.118 0.152
0 0.729 0.5813333333333334 0.126 0.14933333333333335
0 0.851 0.584 0.122 0.15466666666666667
0 0.956 0.5906666666666667 0.088 0.14666666666666667
0 0.021 0.7346666666666667 0.042 0.15733333333333333
0 0.107 0.74 0.13 0.15733333333333333
0 0.235 0.7386666666666667 0.126 0.15466666666666667
0 0.364 0.744 0.12 0.15466666666666667
0 0.488 0.7373333333333333 0.116 0.152
0 0.612 0.736 0.116 0.15466666666666667
0 0.727 0.7386666666666667 0.122 0.15466666666666667
0 0.848 0.7346666666666667 0.116 0.14666666666666667
0 0.953 0.744 0.094 0.15466666666666667
0 0.256 0.9133333333333333 0.512 0.17333333333333334
0 0.608 0.896 0.12 0.16
0 0.727 0.8933333333333333 0.118 0.14933333333333335
0 0.847 0.8866666666666667 0.114 0.14666666666666667
0 0.95 0.896 0.1 0.15466666666666667
