0 0.3412969283276451 0.2431818181818182 0.15017064846416384 0.1318181818181818
0 0.49658703071672355 0.2545454545454545 0.17406143344709898 0.14545454545454545
0 0.21843003412969283 0.275 0.09556313993174062 0.022727272727272728
0 0.2354948805460751 0.3090909090909091 0.16382252559726962 0.045454545454545456
0 0.23720136518771331 0.43636363636363634 0.2150170648464164 0.22727272727272727
0 0.22525597269624573 0.625 0.1296928327645051 0.17727272727272728
0 0.3703071672354949 0.32045454545454544 0.09897610921501707 0.022727272727272728
0 0.42662116040955633 0.42727272727272725 0.18430034129692832 0.20909090909090908
0 0.5614334470989761 0.41818181818181815 0.12627986348122866 0.18181818181818182
0 0.6518771331058021 0.2409090909090909 0.19112627986348124 0.18181818181818182
0 0.8174061433447098 0.24545454545454545 0.16040955631399317 0.17272727272727273
0 0.6689419795221843 0.4113636363636364 0.09556313993174062 0.1590909090909091
0 0.7627986348122867 0.4068181818181818 0.11262798634812286 0.1590909090909091
0 0.8549488054607508 0.4022727272727273 0.09897610921501707 0.15
0 0.34982935153583616 0.6136363636363636 0.11945392491467577 0.17272727272727273
0 0.46757679180887374 0.6022727272727273 0.10921501706484642 0.16818181818181818
0 0.568259385665529 0.5931818181818181 0.10580204778156997 0.16818181818181818
0 0.6825938566552902 0.5590909090909091 0.13651877133105803 0.15454545454545454
0 0.810580204778157 0.5477272727272727 0.14675767918088736 0.1409090909090909
0 0.2627986348122867 0.7863636363636364 0.18430034129692832 0.18181818181818182
0 0.43686006825938567 0.7613636363636364 0.16382252559726962 0.17727272727272728
0 0.5938566552901023 0.7318181818181818 0.15017064846416384 0.19090909090909092
0 0.6979522184300341 0.6863636363636364 0.16723549488054607 0.14545454545454545
0 0.8174061433447098 0.6795454545454546 0.09897610921501707 0.1318181818181818
