0 0.10997938144329897 0.25979381443298966 0.21995876288659794 0.16701030927835048
0 0.10861855670103095 0.4149484536082474 0.10721649484536085 0.1556701030927835
0 0.03214432989690721 0.4031134020618557 0.06428865979381441 0.14222680412371136
0 0.060164948453608244 0.5391752577319587 0.11958762886597936 0.1649484536082474
0 0.04985567010309279 0.6489690721649486 0.06597938144329896 0.1371134020618557
0 0.06255670103092785 0.7466701030927835 0.1251134020618557 0.12934020618556702
0 0.027175257731958766 0.8391752577319587 0.053608247422680395 0.11752577319587625
0 0.08851546391752578 0.8644329896907217 0.08144329896907221 0.1536082474226805
0 0.07923711340206188 0.9412371134020618 0.12061855670103092 0.11340206185567002
0 0.12769072164948456 0.6871134020618557 0.1 0.16597938144329896
0 0.21377319587628868 0.5865979381443299 0.21237113402061852 0.21237113402061858
0 0.23748453608247422 0.2814432989690722 0.21030927835051547 0.18350515463917527
0 0.22923711340206188 0.44123711340206184 0.15051546391752585 0.18350515463917527
0 0.22202061855670105 0.7340206185567011 0.11134020618556702 0.17525773195876287
0 0.2137731958762887 0.8438144329896907 0.18350515463917533 0.18453608247422676
0 0.19779381443298974 0.9139175257731958 0.1721649484536083 0.16804123711340196
0 0.5524329896907215 0.29020618556701033 0.436082474226804 0.2402061855670103
0 0.6225360824742268 0.5010309278350515 0.3721649484536082 0.22680412371134026
0 0.37047422680412373 0.472680412371134 0.14432989690721648 0.20721649484536078
0 0.499340206185567 0.6680412371134021 0.38350515463917534 0.25154639175257737
0 0.3452164948453608 0.7824742268041237 0.1350515463917526 0.1979381443298969
0 0.5854226804123711 0.8216494845360826 0.34536082474226804 0.2577319587628866
0 0.4792371134020618 0.9185567010309278 0.34536082474226804 0.15876288659793805
0 0.8261443298969072 0.2948453608247423 0.17319587628865973 0.2041237113402062
0 0.8282061855670103 0.45773195876288664 0.07422680412371142 0.16288659793814442
0 0.7617113402061856 0.6268041237113402 0.1701030927835052 0.2185567010309278
0 0.7792371134020618 0.7371134020618557 0.07319587628865974 0.1505154639175257
0 0.7302680412371134 0.8829896907216496 0.1670103092783504 0.2278350515463918
0 0.9122268041237113 0.28092783505154645 0.0793814432989691 0.16391752577319588
0 0.9050103092783505 0.4335051546391753 0.11649484536082469 0.14948453608247422
0 0.8673814432989692 0.5649484536082474 0.06597938144329896 0.13608247422680408
0 0.8735670103092784 0.6829896907216495 0.1278350515463917 0.16597938144329896
0 0.8338762886597939 0.8103092783505156 0.06494845360824753 0.1463917525773196
0 0.7529484536082474 0.9448453608247424 0.08041237113402053 0.10206185567010312
0 0.872020618556701 0.9247422680412372 0.11030927835051534 0.14432989690721662
0 0.833360824742268 0.8922680412371135 0.08659793814432987 0.13092783505154637
0 0.9096494845360825 0.7582474226804123 0.10721649484536079 0.16597938144329896
0 0.9404226804123712 0.5427835051546392 0.11515463917525767 0.1536082474226804
0 0.9687731958762887 0.28659793814432993 0.05845360824742261 0.1443298969072165
0 0.9749587628865979 0.4145979381443299 0.04608247422680415 0.11719587628865981
0 0.9014020618556702 0.8391752577319587 0.051546391752577164 0.09690721649484534
0 0.9594948453608247 0.7932886597938145 0.07701030927835041 0.11857731958762883
0 0.938 0.8824742268041238 0.04020618556701038 0.09484536082474233
0 0.9524329896907217 0.6448453608247423 0.06288659793814418 0.12061855670103092
0 0.9735670103092783 0.7149484536082475 0.04742268041237117 0.11237113402061857
