0 0.289 0.528 0.134 0.224
0 0.423 0.5266666666666666 0.122 0.22666666666666666
0 0.13 0.168 0.1 0.23466666666666666
0 0.229 0.16 0.098 0.24
0 0.323 0.15733333333333333 0.098 0.24
0 0.417 0.156 0.098 0.23733333333333334
0 0.51 0.19066666666666668 0.088 0.2693333333333333
0 0.586 0.22533333333333333 0.076 0.2
0 0.679 0.188 0.122 0.2693333333333333
0 0.768 0.17866666666666667 0.12 0.2826666666666667
0 0.875 0.116 0.118 0.10933333333333334
0 0.883 0.23066666666666666 0.118 0.11466666666666667
0 0.864 0.3586666666666667 0.168 0.14133333333333334
0 0.871 0.48 0.17 0.128
0 0.877 0.5906666666666667 0.174 0.12
0 0.889 0.7133333333333334 0.178 0.12
0 0.926 0.844 0.124 0.12533333333333332
0 0.127 0.412 0.102 0.25333333333333335
0 0.229 0.404 0.102 0.248
0 0.326 0.3973333333333333 0.1 0.24
0 0.421 0.3453333333333333 0.098 0.136
0 0.512 0.424 0.084 0.19733333333333333
0 0.532 0.6413333333333333 0.092 0.248
0 0.589 0.4266666666666667 0.078 0.20266666666666666
0 0.669 0.4226666666666667 0.082 0.20533333333333334
0 0.747 0.4186666666666667 0.086 0.20266666666666666
0 0.603 0.6333333333333333 0.078 0.216
0 0.677 0.6306666666666667 0.09 0.216
0 0.756 0.6266666666666667 0.088 0.21333333333333335
0 0.769 0.848 0.206 0.21866666666666668
0 0.584 0.8546666666666667 0.192 0.21066666666666667
0 0.393 0.8786666666666667 0.198 0.216
0 0.433 0.708 0.098 0.13066666666666665
0 0.333 0.648 0.098 0.25066666666666665
0 0.229 0.6533333333333333 0.102 0.256
0 0.125 0.6613333333333333 0.098 0.256
0 0.19 0.884 0.204 0.20533333333333334
