0 0.8924914675767918 0.28863636363636364 0.18771331058020477 0.41363636363636364
0 0.7047781569965871 0.2909090909090909 0.20819112627986347 0.41818181818181815
0 0.5017064846416383 0.28863636363636364 0.20477815699658702 0.41363636363636364
0 0.2986348122866894 0.2863636363636364 0.20136518771331058 0.41818181818181815
0 0.09897610921501707 0.29318181818181815 0.19795221843003413 0.41363636363636364
0 0.09897610921501707 0.7204545454545455 0.19795221843003413 0.42272727272727273
0 0.3003412969283277 0.7090909090909091 0.20477815699658702 0.43636363636363634
0 0.5051194539249146 0.7136363636363636 0.20477815699658702 0.43636363636363634
0 0.7081911262798635 0.7113636363636363 0.20136518771331058 0.4409090909090909
0 0.9027303754266212 0.7068181818181818 0.18771331058020477 0.42272727272727273
