0 0.94 0.54 0.12 0.17333333333333334
0 0.9266666666666666 0.66 0.14666666666666667 0.16
0 0.92 0.7566666666666667 0.16 0.12666666666666668
0 0.7966666666666666 0.19 0.26 0.15333333333333332
0 0.79 0.3233333333333333 0.24666666666666667 0.11333333333333333
0 0.7766666666666666 0.43 0.23333333333333334 0.1
0 0.7633333333333333 0.53 0.23333333333333334 0.1
0 0.7466666666666667 0.62 0.22666666666666666 0.09333333333333334
0 0.7333333333333333 0.7033333333333334 0.21333333333333335 0.08666666666666667
0 0.72 0.7766666666666666 0.2 0.07333333333333333
0 0.71 0.8433333333333334 0.20666666666666667 0.07333333333333333
0 0.5266666666666666 0.056666666666666664 0.32 0.11333333333333333
0 0.53 0.18666666666666668 0.2866666666666667 0.13333333333333333
0 0.53 0.31666666666666665 0.2733333333333333 0.11333333333333333
0 0.53 0.43666666666666665 0.26 0.11333333333333333
0 0.5233333333333333 0.5433333333333333 0.24666666666666667 0.1
0 0.52 0.63 0.22666666666666666 0.1
0 0.5166666666666667 0.7166666666666667 0.22 0.1
0 0.51 0.7966666666666666 0.22 0.08666666666666667
0 0.5033333333333333 0.8666666666666667 0.20666666666666667 0.09333333333333334
0 0.21333333333333335 0.17333333333333334 0.3333333333333333 0.16
0 0.22666666666666666 0.32666666666666666 0.32 0.13333333333333333
0 0.24666666666666667 0.44666666666666666 0.29333333333333333 0.13333333333333333
0 0.25666666666666665 0.55 0.2733333333333333 0.11333333333333333
0 0.2633333333333333 0.6566666666666666 0.26 0.12666666666666668
0 0.2733333333333333 0.7466666666666667 0.24 0.12
0 0.27666666666666667 0.83 0.23333333333333334 0.11333333333333333
0 0.27666666666666667 0.8933333333333333 0.23333333333333334 0.10666666666666667
0 0.07 0.6333333333333333 0.14 0.28
0 0.07666666666666666 0.82 0.15333333333333332 0.17333333333333334
0 0.08 0.92 0.16 0.16
