0 0.23220338983050848 0.3795454545454545 0.46440677966101696 0.5863636363636363
0 0.25084745762711863 0.8068181818181818 0.5016949152542373 0.38636363636363635
0 0.5847457627118644 0.7795454545454545 0.24067796610169492 0.3409090909090909
0 0.5559322033898305 0.42954545454545456 0.25084745762711863 0.35
0 0.6745762711864407 0.29318181818181815 0.26440677966101694 0.25
0 0.7135593220338983 0.4818181818181818 0.13898305084745763 0.2545454545454545
0 0.8033898305084746 0.49772727272727274 0.10847457627118644 0.20454545454545456
0 0.8677966101694915 0.5204545454545455 0.08813559322033898 0.17727272727272728
0 0.9152542372881356 0.5340909090909091 0.06779661016949153 0.1590909090909091
0 0.9508474576271186 0.6727272727272727 0.0711864406779661 0.12727272727272726
0 0.9016949152542373 0.6818181818181818 0.08813559322033898 0.15454545454545454
0 0.7779661016949152 0.7272727272727273 0.22033898305084745 0.2545454545454545
