0 0.951 0.17997750281214847 0.098 0.05399325084364454
0 0.948 0.23284589426321708 0.104 0.05399325084364454
0 0.947 0.28683914510686165 0.106 0.05399325084364454
0 0.948 0.33689538807649044 0.104 0.052868391451068614
0 0.951 0.3858267716535433 0.098 0.049493813273340834
0 0.948 0.4347581552305962 0.104 0.048368953880764905
0 0.941 0.484251968503937 0.118 0.048368953880764905
0 0.943 0.530933633295838 0.114 0.04274465691788527
0 0.943 0.5753655793025871 0.114 0.043869516310461196
0 0.942 0.6186726659167604 0.116 0.04274465691788527
0 0.944 0.6619797525309337 0.112 0.04161979752530934
0 0.943 0.7052868391451068 0.114 0.04274465691788527
0 0.942 0.7485939257592801 0.116 0.04161979752530934
0 0.938 0.7851518560179978 0.124 0.03824521934758155
0 0.782 0.18616422947131608 0.24 0.05961754780652419
0 0.781 0.2390326209223847 0.234 0.05736782902137233
0 0.779 0.2924634420697413 0.23 0.05399325084364454
0 0.781 0.3408323959505062 0.23 0.05174353205849269
0 0.79 0.38976377952755903 0.224 0.04611923509561305
0 0.788 0.43532058492688414 0.22 0.04499437570303712
0 0.772 0.48256467941507314 0.22 0.04499437570303712
0 0.773 0.5275590551181102 0.218 0.04274465691788527
0 0.774 0.5714285714285714 0.216 0.04274465691788527
0 0.778 0.6147356580427447 0.212 0.04161979752530934
0 0.777 0.65748031496063 0.21 0.043869516310461196
0 0.78 0.6991001124859393 0.208 0.043869516310461196
0 0.78 0.7379077615298087 0.204 0.04274465691788527
0 0.77 0.7778402699662542 0.208 0.043869516310461196
0 0.55 0.1940382452193476 0.22 0.05736782902137233
0 0.491 0.17547806524184478 0.106 0.013498312710911136
0 0.551 0.24578177727784026 0.222 0.05511811023622047
0 0.552 0.2958380202474691 0.216 0.049493813273340834
0 0.556 0.344206974128234 0.216 0.047244094488188976
0 0.564 0.38976377952755903 0.216 0.04611923509561305
0 0.56 0.4364454443194601 0.216 0.047244094488188976
0 0.556 0.48256467941507314 0.208 0.04499437570303712
0 0.556 0.5275590551181102 0.208 0.04274465691788527
0 0.561 0.5719910011248593 0.206 0.043869516310461196
0 0.569 0.6141732283464567 0.206 0.04049493813273341
0 0.567 0.6535433070866141 0.206 0.04049493813273341
0 0.569 0.6957255343082115 0.206 0.04161979752530934
0 0.572 0.7350956130483689 0.204 0.043869516310461196
0 0.566 0.7744656917885264 0.2 0.043869516310461196
0 0.327 0.18110236220472442 0.226 0.03374578177727784
0 0.329 0.2064116985376828 0.218 0.021372328458942633
0 0.329 0.24128233970753657 0.222 0.05061867266591676
0 0.334 0.29133858267716534 0.216 0.049493813273340834
0 0.342 0.3391451068616423 0.212 0.04611923509561305
0 0.345 0.38695163104611924 0.214 0.04499437570303712
0 0.346 0.4330708661417323 0.208 0.04499437570303712
0 0.346 0.4780652418447694 0.208 0.04274465691788527
0 0.35 0.5224971878515186 0.204 0.04161979752530934
0 0.353 0.5652418447694039 0.202 0.043869516310461196
0 0.357 0.6074240719910011 0.206 0.04499437570303712
0 0.357 0.6490438695163104 0.198 0.04499437570303712
0 0.362 0.6889763779527559 0.2 0.043869516310461196
0 0.368 0.7294713160854893 0.2 0.043869516310461196
0 0.368 0.7694038245219348 0.196 0.04274465691788527
0 0.108 0.1844769403824522 0.208 0.02699662542182227
0 0.111 0.21597300337457817 0.21 0.024746906636670417
0 0.113 0.24915635545556805 0.218 0.05511811023622047
0 0.114 0.297525309336333 0.228 0.052868391451068614
0 0.129 0.3447694038245219 0.218 0.052868391451068614
0 0.131 0.39201349831271093 0.214 0.04611923509561305
0 0.136 0.437570303712036 0.208 0.04499437570303712
0 0.141 0.48031496062992124 0.206 0.04274465691788527
0 0.148 0.5247469066366705 0.2 0.04161979752530934
0 0.15 0.5669291338582677 0.2 0.04274465691788527
0 0.154 0.6074240719910011 0.2 0.04274465691788527
0 0.162 0.6467941507311586 0.192 0.04274465691788527
0 0.166 0.6861642294713161 0.192 0.04274465691788527
0 0.173 0.7249718785151856 0.194 0.04161979752530934
0 0.174 0.7609673790776152 0.184 0.043869516310461196
0 0.04 0.7570303712035995 0.08 0.0359955005624297
0 0.04 0.7199100112485939 0.08 0.0359955005624297
0 0.035 0.6816647919010124 0.07 0.03824521934758155
0 0.035 0.6422947131608548 0.07 0.04049493813273341
0 0.028 0.6023622047244095 0.056 0.03937007874015748
0 0.027 0.562992125984252 0.054 0.03712035995500562
0 0.025 0.5236220472440944 0.05 0.03937007874015748
0 0.023 0.48200224971878514 0.046 0.04161979752530934
0 0.019 0.4392575928008999 0.038 0.043869516310461196
