0 0.12062043795620438 0.20778588807785886 0.24124087591240875 0.218978102189781
0 0.13375912408759122 0.41678832116788317 0.26386861313868615 0.21459854014598537
0 0.1281021897810219 0.6090024330900242 0.2562043795620438 0.22530413625304133
0 0.13631386861313868 0.7970802919708028 0.24635036496350363 0.2501216545012165
0 0.13402189781021898 0.9390559610705596 0.24395620437956206 0.11655474452554745
0 0.3746350364963503 0.7783454987834549 0.21642335766423354 0.18637469586374694
0 0.3731751824817518 0.9288369829683697 0.214963503649635 0.13699270072992703
0 0.3651459854014598 0.6051094890510949 0.22080291970802918 0.1961070559610705
0 0.3777372262773722 0.41508515815085156 0.2197080291970803 0.18783454987834552
0 0.36532846715328465 0.21581508515815084 0.22700729927007296 0.2116788321167883
0 0.5804744525547445 0.22043795620437956 0.20255474452554745 0.19854014598540146
0 0.5961678832116788 0.40973236009732356 0.19525547445255473 0.18004866180048656
0 0.583029197080292 0.5778588807785888 0.1864963503649635 0.16788321167883213
0 0.5740875912408759 0.7464720194647201 0.1956204379562044 0.19270072992700732
0 0.5726277372262774 0.9139951338199513 0.1897810218978102 0.1666763990267641
0 0.7541970802919706 0.8905109489051094 0.17554744525547436 0.1897810218978102
0 0.7620437956204379 0.7330900243309002 0.20729927007299262 0.18540145985401463
0 0.7669708029197079 0.5695863746958637 0.18503649635036493 0.1639902676399027
0 0.786861313868613 0.40486618004866176 0.19051094890510956 0.17712895377128954
0 0.7722627737226276 0.22603406326034062 0.18832116788321174 0.18150851581508512
0 0.9281970802919708 0.22906082725060825 0.13960583941605842 0.17545498783454982
0 0.9395109489051094 0.399669099756691 0.11697810218978111 0.17000486618004865
0 0.9283795620437957 0.5630170316301703 0.1392408759124088 0.1605839416058394
0 0.9267372262773722 0.7214111922141119 0.14252554744525558 0.16009732360097323
0 0.9147810218978102 0.8654501216545012 0.15218978102189784 0.15133819951338198
