0 0.82 0.49466666666666664 0.152 0.152
0 0.942 0.49866666666666665 0.116 0.14933333333333335
0 0.661 0.6346666666666667 0.162 0.15466666666666667
0 0.81 0.64 0.152 0.13866666666666666
0 0.937 0.64 0.126 0.13866666666666666
0 0.935 0.78 0.13 0.14133333333333334
0 0.806 0.7786666666666666 0.144 0.13866666666666666
0 0.658 0.7733333333333333 0.164 0.15466666666666667
0 0.655 0.9026666666666666 0.158 0.15733333333333333
0 0.797 0.9146666666666666 0.146 0.13333333333333333
0 0.929 0.9146666666666666 0.142 0.13333333333333333
0 0.671 0.48933333333333334 0.166 0.152
0 0.515 0.49733333333333335 0.154 0.15733333333333333
0 0.511 0.64 0.15 0.14933333333333335
0 0.508 0.7826666666666666 0.144 0.14133333333333334
0 0.362 0.7786666666666666 0.152 0.14933333333333335
0 0.358 0.64 0.164 0.14933333333333335
0 0.363 0.4866666666666667 0.166 0.15733333333333333
0 0.199 0.6346666666666667 0.162 0.14933333333333335
0 0.363 0.9173333333333333 0.146 0.144
0 0.503 0.92 0.146 0.13866666666666666
0 0.209 0.7773333333333333 0.166 0.14666666666666667
0 0.211 0.9173333333333333 0.162 0.144
0 0.068 0.9213333333333333 0.136 0.14133333333333334
0 0.064 0.7786666666666666 0.128 0.14933333333333335
0 0.061 0.636 0.122 0.152
0 0.07 0.4706666666666667 0.14 0.17866666666666667
0 0.201 0.476 0.17 0.184
0 0.853 0.2853333333333333 0.198 0.2773333333333333
0 0.949 0.2866666666666667 0.102 0.2906666666666667
0 0.721 0.2773333333333333 0.186 0.272
0 0.605 0.28 0.146 0.2773333333333333
0 0.468 0.276 0.14 0.296
0 0.333 0.27066666666666667 0.138 0.2853333333333333
0 0.167 0.2826666666666667 0.194 0.21333333333333335
0 0.04 0.28 0.08 0.21866666666666668
0 0.036 0.08933333333333333 0.072 0.17866666666666667
0 0.165 0.096 0.194 0.192
0 0.329 0.06666666666666667 0.142 0.13333333333333333
0 0.47 0.06666666666666667 0.144 0.13333333333333333
0 0.611 0.07066666666666667 0.142 0.136
0 0.75 0.07066666666666667 0.14 0.14133333333333334
0 0.887 0.07333333333333333 0.142 0.14666666666666667
0 0.976 0.07333333333333333 0.048 0.14666666666666667
