0 0.148 0.24662668665667167 0.144 0.10944527736131934
0 0.27 0.2556221889055472 0.084 0.12143928035982009
0 0.398 0.25412293853073464 0.14 0.08845577211394302
0 0.642 0.28335832083958024 0.16 0.06896551724137931
0 0.741 0.3575712143928036 0.114 0.0734632683658171
0 0.823 0.3350824587706147 0.098 0.11244377811094453
0 0.929 0.3350824587706147 0.142 0.1184407796101949
0 0.628 0.34557721139430286 0.116 0.09145427286356822
0 0.507 0.34407796101949023 0.122 0.0944527736131934
0 0.388 0.34182908545727136 0.116 0.09295352323838081
0 0.274 0.35157421289355323 0.108 0.0734632683658171
0 0.167 0.34182908545727136 0.11 0.08395802098950525
0 0.056 0.3350824587706147 0.112 0.10044977511244378
0 0.202 0.44302848575712145 0.144 0.08245877061469266
0 0.349 0.44752623688155924 0.166 0.07946026986506746
0 0.499 0.44752623688155924 0.134 0.07946026986506746
0 0.639 0.45652173913043476 0.126 0.06446776611694154
0 0.772 0.4572713643178411 0.144 0.06896551724137931
0 0.923 0.4587706146926537 0.154 0.06896551724137931
0 0.047 0.5434782608695652 0.094 0.08545727136431784
0 0.133 0.5622188905547226 0.094 0.05697151424287856
0 0.24 0.5569715142428786 0.12 0.06446776611694154
0 0.343 0.5577211394302849 0.086 0.06596701649175413
0 0.45 0.5659670164917541 0.152 0.11544227886056972
0 0.598 0.5637181409295352 0.148 0.12293853073463268
0 0.745 0.5704647676161919 0.15 0.11544227886056972
0 0.896 0.5719640179910045 0.16 0.11544227886056972
0 0.987 0.5689655172413793 0.026 0.1184407796101949
0 0.452 0.6814092953523239 0.156 0.12143928035982009
0 0.608 0.6859070464767616 0.156 0.1184407796101949
0 0.762 0.6874062968515742 0.148 0.12143928035982009
0 0.911 0.6904047976011994 0.158 0.12443778110944528
0 0.453 0.802848575712144 0.154 0.12443778110944528
0 0.607 0.8043478260869565 0.154 0.12743628185907047
0 0.765 0.8065967016491754 0.158 0.12293853073463268
0 0.918 0.8103448275862069 0.16 0.12443778110944528
0 0.455 0.931784107946027 0.162 0.13343328335832083
0 0.617 0.9340329835082459 0.158 0.13193403298350825
0 0.775 0.9340329835082459 0.166 0.13193403298350825
0 0.924 0.9340329835082459 0.14 0.13193403298350825
0 0.988 0.9355322338830585 0.024 0.12893553223388307
0 0.045 0.6446776611694153 0.09 0.095952023988006
0 0.148 0.6544227886056971 0.124 0.07946026986506746
0 0.259 0.6491754122938531 0.082 0.08995502248875563
0 0.34 0.6574212893553223 0.092 0.07646176911544228
0 0.271 0.760119940029985 0.07 0.07796101949025487
0 0.341 0.7661169415292354 0.082 0.06896551724137931
