0 0.1848030018761726 0.3233333333333333 0.3696060037523452 0.6466666666666666
0 0.5 0.37333333333333335 0.2682926829268293 0.4866666666666667
0 0.47654784240150094 0.14 0.04127579737335835 0.03333333333333333
0 0.5375234521575984 0.125 0.08067542213883677 0.13
0 0.1904315196998124 0.8033333333333333 0.3808630393996248 0.3933333333333333
0 0.49906191369606 0.7983333333333333 0.2401500938086304 0.4033333333333333
0 0.6894934333958724 0.155 0.2270168855534709 0.31
0 0.8386491557223265 0.19833333333333333 0.0825515947467167 0.2633333333333333
0 0.7101313320825516 0.435 0.17448405253283303 0.2833333333333333
0 0.8189493433395872 0.455 0.054409005628517824 0.25666666666666665
0 0.7045028142589118 0.7183333333333334 0.17823639774859287 0.2966666666666667
0 0.8161350844277674 0.71 0.0525328330206379 0.2733333333333333
0 0.9409005628517824 0.043333333333333335 0.11819887429643527 0.08666666666666667
0 0.9183864915572233 0.225 0.16322701688555347 0.35
0 0.9183864915572233 0.5583333333333333 0.16322701688555347 0.33666666666666667
0 0.9174484052532833 0.8416666666666667 0.1651031894934334 0.31666666666666665
