0 0.147 0.043859649122807015 0.294 0.08771929824561403
0 0.077 0.18421052631578946 0.154 0.1871345029239766
0 0.282 0.2909356725146199 0.34 0.41228070175438597
0 0.103 0.35964912280701755 0.158 0.1695906432748538
0 0.122 0.5087719298245614 0.128 0.15204678362573099
0 0.145 0.6359649122807017 0.122 0.13742690058479531
0 0.176 0.7412280701754386 0.136 0.1023391812865497
0 0.296 0.6023391812865497 0.252 0.26900584795321636
0 0.54 0.5847953216374269 0.252 0.32748538011695905
0 0.396 0.2631578947368421 0.26 0.34502923976608185
0 0.335 0.7807017543859649 0.202 0.12280701754385964
0 0.541 0.814327485380117 0.218 0.14912280701754385
0 0.341 0.8961988304093568 0.19 0.13742690058479531
0 0.53 0.9298245614035088 0.196 0.11695906432748537
0 0.342 0.9590643274853801 0.176 0.08187134502923976
0 0.527 0.9824561403508771 0.182 0.03508771929824561
0 0.787 0.5526315789473685 0.258 0.24561403508771928
0 0.783 0.7748538011695907 0.27 0.25146198830409355
0 0.736 0.935672514619883 0.224 0.1286549707602339
0 0.791 0.2982456140350877 0.262 0.2807017543859649
0 0.578 0.04239766081871345 0.06 0.043859649122807015
0 0.577 0.08771929824561403 0.058 0.05263157894736842
0 0.597 0.13304093567251463 0.074 0.049707602339181284
0 0.603 0.17982456140350878 0.07 0.043859649122807015
0 0.669 0.1301169590643275 0.066 0.05555555555555555
0 0.645 0.039473684210526314 0.058 0.043859649122807015
0 0.652 0.08333333333333333 0.06 0.038011695906432746
0 0.942 0.3961988304093567 0.072 0.10818713450292397
0 0.985 0.39766081871345027 0.03 0.16374269005847952
0 0.502 0.32456140350877194 0.076 0.19883040935672514
