0 0.028186274509803922 0.0784313725490196 0.056372549019607844 0.1503267973856209
0 0.13602941176470587 0.03104575163398693 0.16911764705882354 0.06209150326797386
0 0.2549019607843137 0.02287581699346405 0.06862745098039216 0.0392156862745098
0 0.33578431372549017 0.029411764705882353 0.08823529411764706 0.05228758169934641
0 0.45955882352941174 0.032679738562091505 0.15931372549019607 0.058823529411764705
0 0.6605392156862745 0.027777777777777776 0.12990196078431374 0.049019607843137254
0 0.8615196078431373 0.042483660130718956 0.12990196078431374 0.0784313725490196
0 0.9620098039215687 0.07352941176470588 0.07598039215686274 0.14052287581699346
0 0.9583333333333334 0.2222222222222222 0.08333333333333333 0.16339869281045752
0 0.8725490196078431 0.14215686274509803 0.11274509803921569 0.13398692810457516
0 0.7659313725490197 0.1437908496732026 0.11519607843137254 0.1895424836601307
0 0.6605392156862745 0.14869281045751634 0.1053921568627451 0.19281045751633988
0 0.553921568627451 0.13398692810457516 0.11274509803921569 0.20915032679738563
0 0.43995098039215685 0.14705882352941177 0.11519607843137254 0.1830065359477124
0 0.29534313725490197 0.13562091503267973 0.17892156862745098 0.22549019607843138
0 0.10416666666666667 0.14869281045751634 0.20833333333333334 0.21895424836601307
0 0.020833333333333332 0.1977124183006536 0.041666666666666664 0.21895424836601307
0 0.030637254901960783 0.380718954248366 0.056372549019607844 0.14052287581699346
0 0.10294117647058823 0.3349673202614379 0.12745098039215685 0.17973856209150327
0 0.21446078431372548 0.31209150326797386 0.12990196078431374 0.21241830065359477
0 0.33455882352941174 0.3284313725490196 0.12009803921568628 0.17320261437908496
0 0.44485294117647056 0.315359477124183 0.11029411764705882 0.16666666666666666
0 0.5490196078431373 0.30392156862745096 0.10294117647058823 0.16339869281045752
0 0.6495098039215687 0.31699346405228757 0.09803921568627451 0.1568627450980392
0 0.7549019607843137 0.3235294117647059 0.11764705882352941 0.17647058823529413
0 0.8590686274509803 0.3006535947712418 0.09558823529411764 0.17647058823529413
0 0.9399509803921569 0.2973856209150327 0.10049019607843138 0.1830065359477124
0 0.03431372549019608 0.5212418300653595 0.06862745098039216 0.14052287581699346
0 0.11519607843137254 0.5032679738562091 0.12254901960784313 0.1568627450980392
0 0.22181372549019607 0.49673202614379086 0.125 0.16339869281045752
0 0.33088235294117646 0.5 0.11274509803921569 0.16993464052287582
0 0.4387254901960784 0.47875816993464054 0.10294117647058823 0.16013071895424835
0 0.5453431372549019 0.47058823529411764 0.11519607843137254 0.16339869281045752
0 0.6556372549019608 0.47058823529411764 0.1053921568627451 0.1568627450980392
0 0.7622549019607843 0.47549019607843135 0.10784313725490197 0.16013071895424835
0 0.8590686274509803 0.4673202614379085 0.09558823529411764 0.1437908496732026
0 0.9436274509803921 0.45588235294117646 0.08333333333333333 0.15359477124183007
0 0.9926470588235294 0.4068627450980392 0.014705882352941176 0.06209150326797386
0 0.9926470588235294 0.49673202614379086 0.014705882352941176 0.10457516339869281
0 0.9852941176470589 0.6372549019607843 0.029411764705882353 0.12418300653594772
0 0.9803921568627451 0.7483660130718954 0.0392156862745098 0.1437908496732026
0 0.9742647058823529 0.8790849673202614 0.051470588235294115 0.1437908496732026
0 0.0392156862745098 0.6781045751633987 0.0784313725490196 0.18627450980392157
0 0.14705882352941177 0.6552287581699346 0.1568627450980392 0.16013071895424835
0 0.3014705882352941 0.6503267973856209 0.16176470588235295 0.1503267973856209
0 0.46200980392156865 0.6258169934640523 0.15441176470588236 0.18627450980392157
0 0.6066176470588235 0.619281045751634 0.13970588235294118 0.14705882352941177
0 0.7647058823529411 0.6209150326797386 0.16176470588235295 0.16339869281045752
0 0.9044117647058824 0.5964052287581699 0.1323529411764706 0.15359477124183007
0 0.9019607843137255 0.7271241830065359 0.12745098039215685 0.14052287581699346
0 0.9019607843137255 0.8496732026143791 0.1323529411764706 0.1437908496732026
0 0.7659313725490197 0.8709150326797386 0.14950980392156862 0.14052287581699346
0 0.7696078431372549 0.7532679738562091 0.14705882352941177 0.14705882352941177
0 0.6213235294117647 0.7434640522875817 0.15441176470588236 0.16013071895424835
0 0.6225490196078431 0.8986928104575164 0.14705882352941177 0.16339869281045752
0 0.47058823529411764 0.9019607843137255 0.15196078431372548 0.13071895424836602
0 0.4693627450980392 0.7745098039215687 0.15441176470588236 0.1437908496732026
0 0.3137254901960784 0.7810457516339869 0.15196078431372548 0.1437908496732026
0 0.16053921568627452 0.7941176470588235 0.15441176470588236 0.1568627450980392
0 0.049019607843137254 0.8251633986928104 0.09803921568627451 0.12091503267973856
0 0.07107843137254902 0.9379084967320261 0.14215686274509803 0.12418300653594772
0 0.18259803921568626 0.923202614379085 0.13480392156862744 0.13398692810457516
0 0.32230392156862747 0.9150326797385621 0.15441176470588236 0.13725490196078433
