0 0.035 0.8385885885885885 0.07 0.3228228228228228
0 0.44 0.6734234234234234 0.46 0.4159159159159159
0 0.442 0.8881381381381381 0.388 0.09759759759759759
0 0.422 0.9369369369369369 0.348 0.08708708708708708
0 0.746 0.8903903903903904 0.264 0.15315315315315314
0 0.784 0.6771771771771772 0.432 0.45045045045045046
0 0.613 0.4542042042042042 0.282 0.0945945945945946
0 0.303 0.47147147147147145 0.318 0.13513513513513514
0 0.194 0.6411411411411412 0.04 0.08108108108108109
0 0.191 0.5780780780780781 0.05 0.09009009009009009
0 0.306 0.3843843843843844 0.348 0.12012012012012012
0 0.295 0.1996996996996997 0.402 0.27627627627627627
0 0.628 0.18393393393393392 0.428 0.25375375375375375
0 0.652 0.3588588588588589 0.324 0.14714714714714713
