0 0.875 0.9136363636363637 0.25 0.16363636363636364
0 0.5818181818181818 0.9204545454545454 0.36363636363636365 0.1590909090909091
0 0.8863636363636364 0.7 0.22727272727272727 0.3181818181818182
0 0.8909090909090909 0.36363636363636365 0.21818181818181817 0.34545454545454546
0 0.9045454545454545 0.09318181818181819 0.19090909090909092 0.17727272727272728
0 0.5431818181818182 0.7068181818181818 0.37727272727272726 0.32272727272727275
0 0.5386363636363637 0.3613636363636364 0.38636363636363635 0.36818181818181817
0 0.5681818181818182 0.08181818181818182 0.4090909090909091 0.16363636363636364
0 0.17045454545454544 0.3409090909090909 0.33181818181818185 0.37272727272727274
0 0.18181818181818182 0.08181818181818182 0.36363636363636365 0.16363636363636364
0 0.17272727272727273 0.7022727272727273 0.34545454545454546 0.32272727272727275
0 0.19772727272727272 0.9318181818181818 0.39545454545454545 0.13636363636363635
