0 0.7734082397003745 0.855 0.19101123595505617 0.21
0 0.9363295880149812 0.8633333333333333 0.12734082397003746 0.20666666666666667
0 0.7612359550561798 0.7066666666666667 0.1853932584269663 0.09333333333333334
0 0.7593632958801498 0.6116666666666667 0.1891385767790262 0.09
0 0.7621722846441947 0.5183333333333333 0.19101123595505617 0.09666666666666666
0 0.7659176029962547 0.42333333333333334 0.18726591760299627 0.1
0 0.7734082397003745 0.33166666666666667 0.19101123595505617 0.09
0 0.7237827715355806 0.24333333333333335 0.09925093632958802 0.08666666666666667
0 0.9297752808988764 0.3516666666666667 0.1404494382022472 0.06333333333333334
0 0.9297752808988764 0.39666666666666667 0.1404494382022472 0.04666666666666667
0 0.9307116104868914 0.5916666666666667 0.13857677902621723 0.33666666666666667
0 0.5917602996254682 0.8566666666666667 0.16104868913857678 0.2
0 0.5880149812734082 0.595 0.16104868913857678 0.3233333333333333
0 0.5936329588014981 0.25666666666666665 0.17228464419475656 0.3333333333333333
0 0.4297752808988764 0.2633333333333333 0.15917602996254682 0.32666666666666666
0 0.42696629213483145 0.5883333333333334 0.15730337078651685 0.33
0 0.4307116104868914 0.8583333333333333 0.15355805243445692 0.21666666666666667
0 0.26591760299625467 0.85 0.16104868913857678 0.19333333333333333
0 0.10674157303370786 0.8516666666666667 0.15730337078651685 0.17666666666666667
0 0.250936329588015 0.7233333333333334 0.15730337078651685 0.08
0 0.25 0.645 0.15917602996254682 0.08333333333333333
0 0.25374531835205993 0.5616666666666666 0.15917602996254682 0.08333333333333333
0 0.24531835205992508 0.47833333333333333 0.1647940074906367 0.08333333333333333
0 0.24344569288389514 0.39666666666666667 0.15730337078651685 0.08666666666666667
0 0.09363295880149813 0.7233333333333334 0.15730337078651685 0.08
0 0.09176029962546817 0.6466666666666666 0.15730337078651685 0.08666666666666667
0 0.09269662921348315 0.5633333333333334 0.15543071161048688 0.08666666666666667
0 0.08239700374531835 0.4033333333333333 0.1647940074906367 0.08666666666666667
0 0.08614232209737828 0.4816666666666667 0.15730337078651685 0.07666666666666666
0 0.054307116104868915 0.22666666666666666 0.10861423220973783 0.11333333333333333
0 0.10861423220973783 0.32 0.20973782771535582 0.08
0 0.24157303370786518 0.24833333333333332 0.10486891385767791 0.043333333333333335
0 0.3249063670411985 0.29333333333333333 0.05056179775280899 0.04
0 0.32209737827715357 0.25166666666666665 0.056179775280898875 0.056666666666666664
0 0.29868913857677903 0.3333333333333333 0.09925093632958802 0.04
0 0.23876404494382023 0.2966666666666667 0.10299625468164794 0.04666666666666667
0 0.22565543071161048 0.3383333333333333 0.028089887640449437 0.03666666666666667
0 0.013108614232209739 0.85 0.026217228464419477 0.17333333333333334
0 0.006554307116104869 0.72 0.013108614232209739 0.08
0 0.006554307116104869 0.6483333333333333 0.013108614232209739 0.08333333333333333
0 0.006554307116104869 0.5633333333333334 0.013108614232209739 0.08
