0 0.3931034482758621 0.6853448275862069 0.45977011494252873 0.3396551724137931
0 0.7574712643678161 0.5594827586206896 0.3057471264367816 0.07413793103448275
0 0.771264367816092 0.49310344827586206 0.32413793103448274 0.07586206896551724
0 0.7528735632183908 0.628448275862069 0.2827586206896552 0.06379310344827586
0 0.39425287356321836 0.9008620689655172 0.4298850574712644 0.10517241379310345
0 0.46436781609195404 0.47155172413793106 0.2896551724137931 0.08448275862068966
0 0.4666666666666667 0.38620689655172413 0.2988505747126437 0.08620689655172414
0 0.4586206896551724 0.2767241379310345 0.32413793103448274 0.13275862068965516
0 0.8022988505747126 0.30775862068965515 0.3586206896551724 0.14310344827586208
0 0.7919540229885057 0.41293103448275864 0.33793103448275863 0.09482758620689655
0 0.1310344827586207 0.6232758620689656 0.2620689655172414 0.07413793103448275
