0 0.08801423487544484 0.07014286451080509 0.17366548042704627 0.1382227035948218
0 0.1111459074733096 0.34194646449017485 0.2199288256227758 0.42601475063180155
0 0.35278291814946616 0.06498530094383413 0.3572953736654805 0.12584455103409148
0 0.37698220640569396 0.31100108308834906 0.3530249110320284 0.39713239465676414
0 0.12217793594306049 0.7241219248027232 0.24341637010676154 0.4208571870648306
0 0.38908185053380784 0.6684202382794368 0.3359430604982206 0.3919748310897932
0 0.117 0.936427871473516 0.234 0.12134715560369277
0 0.40189323843416375 0.8972303883645365 0.32170818505338084 0.19974212182165152
0 0.7001138790035587 0.879364588168549 0.2747330960854092 0.23415338594048168
0 0.9109786476868328 0.8648873072360617 0.1740427046263345 0.2631079478054566
0 0.6990462633451957 0.6250967043168807 0.29110320284697516 0.36721852596833254
0 0.9156049822064056 0.6134457682190934 0.16479003558718863 0.2935582031048533
0 0.6929964412811388 0.09180463149208314 0.32313167259786474 0.18360926298416627
0 0.9257366548042704 0.08922584970859765 0.14092526690391446 0.1784516994171953
0 0.7332099644128114 0.32853679921605033 0.3679715302491103 0.33111558099953575
0 0.9495800711743771 0.3238949920057765 0.09608540925266902 0.29707566145752745
