0 0.249 0.046476761619190406 0.498 0.09295352323838081
0 0.726 0.050974512743628186 0.464 0.10194902548725637
0 0.141 0.20764617691154422 0.282 0.2413793103448276
0 0.411 0.21139430284857572 0.286 0.239880059970015
0 0.701 0.2143928035982009 0.29 0.2368815592203898
0 0.915 0.21964017991004497 0.17 0.23238380809595202
0 0.246 0.3793103448275862 0.492 0.10194902548725637
0 0.324 0.5779610194902549 0.648 0.3193403298350825
0 0.77 0.3785607196401799 0.46 0.10044977511244378
0 0.798 0.5599700149925038 0.404 0.4032983508245877
0 0.118 0.8605697151424287 0.236 0.27886056971514245
0 0.414 0.8463268365817092 0.572 0.3073463268365817
0 0.792 0.8320839580209896 0.416 0.335832083958021
0 0.674 0.651424287856072 0.076 0.025487256371814093
