0 0.194 0.9026996625421823 0.272 0.0798650168728909
0 0.46 0.8622047244094488 0.272 0.06186726659167604
0 0.744 0.8785151856017998 0.264 0.02924634420697413
0 0.259 0.8143982002249719 0.394 0.11923509561304838
0 0.701 0.8149606299212598 0.382 0.10686164229471316
0 0.235 0.7170978627671541 0.29 0.10686164229471316
0 0.527 0.7075365579302587 0.266 0.12373453318335208
0 0.796 0.7165354330708661 0.268 0.09673790776152981
0 0.312 0.6175478065241845 0.4 0.10123734533183353
0 0.732 0.6192350956130483 0.4 0.10236220472440945
0 0.236 0.515185601799775 0.28 0.10573678290213723
0 0.538 0.5179977502812149 0.28 0.10011248593925759
0 0.806 0.5230596175478065 0.268 0.09898762654668167
0 0.8057837837837838 0.421016629678047 0.2715675675675675 0.1050983491928374
0 0.5377297297297297 0.4183716900252333 0.2714594594594594 0.10588879092816103
0 0.24402702702702703 0.41125771440732073 0.28805405405405404 0.11111786702337886
0 0.2302162162162162 0.3043200680995956 0.2918918918918919 0.12099838871492416
0 0.5302162162162162 0.310096373088499 0.28648648648648645 0.1082297145289271
0 0.8021081081081082 0.3176967743896878 0.27675675675675676 0.10640561821664185
0 0.7226486486486485 0.23986866506551544 0.23459459459459447 0.06019517830541453
0 0.48967567567567566 0.24199677742984832 0.2421621621621622 0.09363694403064483
0 0.24048648648648646 0.21949958957832968 0.24540540540540542 0.07174778828322134
0 0.33508108108108103 0.20308272276776212 0.2681081081081081 0.05229076095217827
0 0.5264324324324324 0.19335420910224058 0.09729729729729729 0.02067309153923325
0 0.6934594594594594 0.17237710151095975 0.25405405405405407 0.0808682698446478
0 0.6621081081081082 0.13802328762958685 0.22810810810810803 0.09485300823883502
