0 0.073 0.35907046476761617 0.146 0.0944527736131934
0 0.236 0.36731634182908546 0.188 0.08695652173913043
0 0.389 0.2818590704647676 0.186 0.08695652173913043
0 0.244 0.3065967016491754 0.12 0.037481259370314844
0 0.261 0.24662668665667167 0.122 0.07946026986506746
0 0.378 0.20914542728635682 0.128 0.06146926536731634
0 0.524 0.2616191904047976 0.152 0.0944527736131934
0 0.767 0.34707646176911544 0.202 0.136431784107946
0 0.536 0.3553223388305847 0.108 0.10194902548725637
0 0.546 0.4452773613193403 0.088 0.07796101949025487
0 0.244 0.4550224887556222 0.176 0.0944527736131934
0 0.422 0.4505247376311844 0.172 0.08545727136431784
0 0.412 0.36656671664167917 0.172 0.08245877061469266
0 0.763 0.48125937031484256 0.206 0.13493253373313344
0 0.875 0.5217391304347826 0.25 0.191904047976012
0 0.622 0.5712143928035982 0.068 0.12293853073463268
0 0.429 0.6146926536731634 0.162 0.09295352323838081
0 0.089 0.43553223388305845 0.13 0.0944527736131934
0 0.104 0.5134932533733133 0.104 0.09145427286356822
0 0.122 0.5907046476761619 0.092 0.08695652173913043
0 0.245 0.5412293853073463 0.178 0.095952023988006
0 0.416 0.5337331334332833 0.16 0.08995502248875563
0 0.712 0.5997001499250375 0.124 0.1409295352323838
0 0.931 0.41379310344827586 0.138 0.053973013493253376
0 0.539 0.5179910044977512 0.094 0.07946026986506746
0 0.55 0.603448275862069 0.104 0.10344827586206896
0 0.88 0.6956521739130435 0.24 0.191904047976012
0 0.843 0.8350824587706147 0.314 0.32983508245877063
0 0.66 0.7623688155922039 0.08 0.2413793103448276
0 0.564 0.7908545727136432 0.1 0.0944527736131934
0 0.556 0.6979010494752623 0.104 0.09745127436281859
0 0.444 0.8500749625187406 0.16 0.095952023988006
0 0.255 0.6251874062968515 0.178 0.09295352323838081
0 0.424 0.6949025487256372 0.16 0.08845577211394302
0 0.436 0.7743628185907047 0.156 0.09745127436281859
0 0.258 0.7083958020989505 0.172 0.0944527736131934
0 0.264 0.7908545727136432 0.172 0.0944527736131934
0 0.272 0.8725637181409296 0.172 0.09895052473763119
0 0.163 0.7661169415292354 0.034 0.06296851574212893
0 0.143 0.7098950524737632 0.062 0.05847076461769116
0 0.132 0.6551724137931034 0.08 0.06596701649175413
0 0.174 0.8335832083958021 0.024 0.06596701649175413
0 0.061 0.7653673163418291 0.122 0.11544227886056972
