0 0.17 0.2331334332833583 0.308 0.2353823088455772
0 0.468 0.2383808095952024 0.316 0.24587706146926536
0 0.754 0.2436281859070465 0.284 0.24737631184407796
0 0.713 0.46926536731634183 0.318 0.2368815592203898
0 0.709 0.6536731634182908 0.234 0.1679160419790105
0 0.681 0.820839580209895 0.262 0.19940029985007496
0 0.43 0.45577211394302847 0.28 0.2158920539730135
0 0.426 0.8050974512743628 0.236 0.1679160419790105
0 0.458 0.6461769115442278 0.26 0.18590704647676162
0 0.215 0.782608695652174 0.198 0.1409295352323838
0 0.202 0.6214392803598201 0.264 0.20239880059970014
0 0.191 0.44002998500749624 0.23 0.1934032983508246
0 0.925 0.191904047976012 0.094 0.08095952023988005
0 0.978 0.191904047976012 0.04 0.08095952023988005
0 0.975 0.272863568215892 0.05 0.07796101949025487
0 0.9 0.34332833583208394 0.088 0.07496251874062969
0 0.892 0.4107946026986507 0.064 0.07196401799100449
0 0.957 0.41754122938530736 0.086 0.07946026986506746
0 0.966 0.34782608695652173 0.068 0.08095952023988005
0 0.914 0.27061469265367316 0.1 0.07646176911544228
