0 0.373 0.8163418290854573 0.286 0.13343328335832083
0 0.359 0.6829085457271364 0.31 0.16041979010494753
0 0.366 0.5134932533733133 0.364 0.22038980509745126
0 0.345 0.3403298350824588 0.41 0.24887556221889057
0 0.388 0.10869565217391304 0.356 0.21739130434782608
0 0.713 0.802848575712144 0.314 0.0944527736131934
0 0.71 0.6176911544227887 0.352 0.28785607196401797
0 0.925 0.7548725637181409 0.15 0.25037481259370314
0 0.899 0.5472263868065967 0.202 0.09895052473763119
0 0.927 0.6124437781109445 0.102 0.034482758620689655
0 0.733 0.5179910044977512 0.102 0.043478260869565216
0 0.857 0.44677661169415295 0.286 0.11094452773613193
0 0.598 0.5187406296851574 0.1 0.035982008995502246
0 0.611 0.4535232383808096 0.122 0.10344827586206896
0 0.629 0.35082458770614694 0.166 0.11394302848575712
0 0.649 0.22488755622188905 0.218 0.13793103448275862
0 0.659 0.08620689655172414 0.19 0.16041979010494753
0 0.865 0.32008995502248877 0.27 0.15142428785607195
0 0.873 0.1904047976011994 0.254 0.11094452773613193
0 0.873 0.068215892053973 0.254 0.136431784107946
