0 0.098 0.2853333333333333 0.196 0.192
0 0.152 0.16933333333333334 0.088 0.07733333333333334
0 0.093 0.47733333333333333 0.186 0.22933333333333333
0 0.098 0.7146666666666667 0.196 0.25066666666666665
0 0.302 0.18266666666666667 0.204 0.216
0 0.301 0.352 0.206 0.18666666666666668
0 0.298 0.54 0.2 0.18933333333333333
0 0.273 0.7573333333333333 0.25 0.25066666666666665
0 0.072 0.924 0.144 0.152
0 0.268 0.92 0.26 0.16
0 0.484 0.9346666666666666 0.18 0.13066666666666665
0 0.62 0.9333333333333333 0.092 0.13333333333333333
0 0.577 0.7986666666666666 0.17 0.14133333333333334
0 0.446 0.8 0.088 0.13333333333333333
0 0.617 0.664 0.086 0.13333333333333333
0 0.486 0.6653333333333333 0.176 0.136
0 0.41 0.228 0.016 0.184
0 0.444 0.396 0.084 0.136
0 0.572 0.39066666666666666 0.172 0.136
0 0.613 0.5266666666666666 0.094 0.14133333333333334
0 0.485 0.5266666666666666 0.174 0.136
0 0.752 0.8973333333333333 0.184 0.20533333333333334
0 0.753 0.7093333333333334 0.186 0.21333333333333335
0 0.747 0.512 0.186 0.19733333333333333
0 0.738 0.31466666666666665 0.196 0.208
0 0.735 0.13733333333333334 0.19 0.25333333333333335
0 0.613 0.22533333333333333 0.022 0.15733333333333333
0 0.63 0.19466666666666665 0.02 0.192
0 0.63 0.29333333333333333 0.024 0.058666666666666666
0 0.922 0.8626666666666667 0.156 0.21066666666666667
0 0.921 0.7133333333333334 0.158 0.2
0 0.932 0.5573333333333333 0.092 0.11733333333333333
0 0.904 0.43466666666666665 0.14 0.13333333333333333
0 0.902 0.17866666666666667 0.14 0.128
0 0.934 0.30533333333333335 0.084 0.13066666666666665
0 0.986 0.49866666666666665 0.028 0.192
0 0.986 0.316 0.028 0.17866666666666667
0 0.973 0.16266666666666665 0.054 0.14933333333333335
0 0.923 0.9573333333333334 0.154 0.08533333333333333
0 0.864 0.5573333333333333 0.056 0.12266666666666666
0 0.865 0.30666666666666664 0.062 0.13333333333333333
