0 0.801 0.7737068965517241 0.23 0.1939655172413793
0 0.804 0.6260775862068966 0.248 0.1875
0 0.802 0.47198275862068967 0.248 0.17672413793103448
0 0.825 0.3103448275862069 0.258 0.17672413793103448
0 0.844 0.125 0.272 0.1896551724137931
0 0.533 0.8362068965517241 0.298 0.22413793103448276
0 0.531 0.6767241379310345 0.298 0.21551724137931033
0 0.524 0.5053879310344828 0.316 0.20043103448275862
0 0.538 0.3114224137931034 0.324 0.20043103448275862
0 0.546 0.10883620689655173 0.332 0.21767241379310345
0 0.192 0.10021551724137931 0.384 0.20043103448275862
0 0.193 0.31573275862068967 0.386 0.2478448275862069
0 0.187 0.5452586206896551 0.374 0.25
0 0.192 0.7456896551724138 0.38 0.25862068965517243
0 0.193 0.8997844827586207 0.378 0.20043103448275862
0 0.965 0.771551724137931 0.07 0.1853448275862069
0 0.972 0.6206896551724138 0.056 0.16810344827586207
0 0.978 0.4665948275862069 0.044 0.17025862068965517
0 0.985 0.2974137931034483 0.03 0.16810344827586207
