0 0.106 0.07951482479784366 0.176 0.11590296495956873
0 0.271 0.0862533692722372 0.162 0.10242587601078167
0 0.4 0.09164420485175202 0.104 0.10242587601078167
0 0.495 0.09433962264150944 0.094 0.09703504043126684
0 0.588 0.09703504043126684 0.092 0.09703504043126684
0 0.68 0.09838274932614555 0.092 0.09433962264150944
0 0.765 0.09838274932614555 0.086 0.0889487870619946
0 0.85 0.10107816711590296 0.088 0.0889487870619946
0 0.944 0.09703504043126684 0.112 0.09703504043126684
0 0.085 0.18194070080862534 0.122 0.10512129380053908
0 0.198 0.18733153638814015 0.116 0.10512129380053908
0 0.304 0.18867924528301888 0.112 0.10242587601078167
0 0.404 0.19002695417789758 0.1 0.09973045822102426
0 0.498 0.19002695417789758 0.092 0.09433962264150944
0 0.59 0.19002695417789758 0.092 0.0889487870619946
0 0.701 0.18867924528301888 0.134 0.09164420485175202
0 0.826 0.18463611859838275 0.12 0.08355795148247978
0 0.939 0.18463611859838275 0.122 0.0889487870619946
0 0.087 0.28706199460916443 0.126 0.09973045822102426
0 0.203 0.28706199460916443 0.114 0.09973045822102426
0 0.309 0.28706199460916443 0.106 0.09973045822102426
0 0.41 0.2857142857142857 0.096 0.09703504043126684
0 0.503 0.2803234501347709 0.09 0.09703504043126684
0 0.59 0.27897574123989216 0.084 0.0889487870619946
0 0.694 0.2749326145552561 0.132 0.09164420485175202
0 0.819 0.26819407008086255 0.118 0.0889487870619946
0 0.937 0.2695417789757412 0.126 0.0862533692722372
0 0.09 0.38544474393531 0.128 0.10242587601078167
0 0.206 0.38005390835579517 0.112 0.09703504043126684
0 0.313 0.37735849056603776 0.102 0.09164420485175202
0 0.428 0.3706199460916442 0.132 0.0889487870619946
0 0.563 0.35983827493261455 0.13 0.0889487870619946
0 0.688 0.3584905660377358 0.124 0.0862533692722372
0 0.809 0.3490566037735849 0.114 0.0889487870619946
0 0.926 0.3477088948787062 0.128 0.09164420485175202
0 0.131 0.47304582210242585 0.162 0.09433962264150944
0 0.287 0.4636118598382749 0.146 0.09703504043126684
0 0.405 0.45148247978436656 0.09 0.0889487870619946
0 0.496 0.444743935309973 0.088 0.0862533692722372
0 0.584 0.4420485175202156 0.084 0.0862533692722372
0 0.668 0.4366576819407008 0.08 0.08086253369272237
0 0.751 0.431266846361186 0.078 0.08086253369272237
0 0.824 0.42452830188679247 0.076 0.07816711590296496
0 0.928 0.4299191374663073 0.144 0.0889487870619946
0 0.136 0.5646900269541779 0.16 0.09973045822102426
0 0.289 0.5512129380053908 0.146 0.09973045822102426
0 0.407 0.5377358490566038 0.09 0.09433962264150944
0 0.497 0.5269541778975741 0.086 0.0889487870619946
0 0.581 0.5202156334231806 0.082 0.08086253369272237
0 0.66 0.5121293800539084 0.08 0.08086253369272237
0 0.743 0.5040431266846361 0.082 0.08086253369272237
0 0.818 0.49595687331536387 0.076 0.08086253369272237
0 0.88 0.5026954177897575 0.056 0.09433962264150944
0 0.128 0.6401617250673854 0.16 0.10512129380053908
0 0.285 0.633423180592992 0.15 0.09703504043126684
0 0.404 0.6159029649595688 0.088 0.08355795148247978
0 0.492 0.6024258760107817 0.084 0.08355795148247978
0 0.575 0.5956873315363881 0.082 0.08086253369272237
0 0.658 0.5849056603773585 0.084 0.08086253369272237
0 0.739 0.5754716981132075 0.082 0.07816711590296496
0 0.813 0.5673854447439353 0.074 0.08355795148247978
0 0.952 0.5242587601078167 0.096 0.1320754716981132
0 0.875 0.5741239892183289 0.058 0.09703504043126684
0 0.107 0.7318059299191375 0.106 0.0889487870619946
0 0.212 0.7183288409703504 0.104 0.0889487870619946
0 0.313 0.7048517520215634 0.094 0.08355795148247978
0 0.428 0.6873315363881402 0.128 0.09164420485175202
0 0.558 0.6698113207547169 0.12 0.08355795148247978
0 0.683 0.6509433962264151 0.114 0.07277628032345014
0 0.791 0.6347708894878706 0.11 0.08355795148247978
0 0.678 0.7183288409703504 0.124 0.08355795148247978
0 0.793 0.7008086253369272 0.106 0.08086253369272237
0 0.106 0.8045822102425876 0.104 0.07816711590296496
0 0.212 0.793800539083558 0.1 0.0889487870619946
0 0.311 0.7749326145552561 0.094 0.0889487870619946
0 0.425 0.7628032345013477 0.126 0.09164420485175202
0 0.556 0.7425876010781671 0.12 0.0889487870619946
0 0.111 0.8787061994609164 0.098 0.08086253369272237
0 0.212 0.8733153638814016 0.104 0.09164420485175202
0 0.313 0.8530997304582211 0.09 0.0889487870619946
0 0.427 0.8261455525606469 0.126 0.0889487870619946
0 0.548 0.8086253369272237 0.12 0.08086253369272237
0 0.675 0.7789757412398922 0.134 0.09164420485175202
0 0.793 0.7654986522911051 0.102 0.0862533692722372
0 0.868 0.6388140161725068 0.048 0.09164420485175202
0 0.924 0.6778975741239892 0.072 0.1105121293800539
0 0.936 0.6078167115902965 0.076 0.11590296495956873
0 0.866 0.7021563342318059 0.044 0.09433962264150944
0 0.858 0.7681940700808625 0.032 0.09164420485175202
0 0.921 0.8247978436657682 0.102 0.15633423180592992
0 0.915 0.7506738544474394 0.07 0.1320754716981132
0 0.983 0.6307277628032345 0.034 0.10242587601078167
0 0.975 0.7115902964959568 0.05 0.11320754716981132
0 0.973 0.793800539083558 0.054 0.12129380053908356
0 0.983 0.8962264150943396 0.034 0.11590296495956873
0 0.013 0.11590296495956873 0.026 0.0862533692722372
0 0.014 0.1967654986522911 0.028 0.0862533692722372
0 0.015 0.28706199460916443 0.03 0.09973045822102426
0 0.014 0.36522911051212936 0.028 0.06199460916442048
0 0.025 0.42318059299191374 0.05 0.07008086253369272
0 0.029 0.4919137466307278 0.054 0.07277628032345014
0 0.035 0.5606469002695418 0.05 0.07008086253369272
0 0.039 0.660377358490566 0.034 0.1293800539083558
0 0.054 0.7493261455525606 0.02 0.05929919137466307
