0 0.12424242424242424 0.04090909090909091 0.24848484848484848 0.08181818181818182
0 0.4575757575757576 0.045454545454545456 0.38181818181818183 0.09090909090909091
0 0.8272727272727273 0.04772727272727273 0.34545454545454546 0.09545454545454546
0 0.23333333333333334 0.15 0.4303030303030303 0.18181818181818182
0 0.5484848484848485 0.17045454545454544 0.2 0.1409090909090909
0 0.7818181818181819 0.17272727272727273 0.24242424242424243 0.14545454545454545
0 0.9424242424242424 0.18636363636363637 0.11515151515151516 0.14545454545454545
0 0.1484848484848485 0.3181818181818182 0.2606060606060606 0.15454545454545454
0 0.37575757575757573 0.31363636363636366 0.20606060606060606 0.14545454545454545
0 0.5515151515151515 0.3068181818181818 0.1696969696969697 0.1318181818181818
0 0.7636363636363637 0.3090909090909091 0.21818181818181817 0.13636363636363635
0 0.9212121212121213 0.31363636363636366 0.14545454545454545 0.12727272727272726
0 0.1606060606060606 0.45 0.23636363636363636 0.16363636363636364
0 0.3606060606060606 0.44545454545454544 0.16363636363636364 0.13636363636363635
0 0.5363636363636364 0.4431818181818182 0.18787878787878787 0.1318181818181818
0 0.7303030303030303 0.43863636363636366 0.18787878787878787 0.1318181818181818
0 0.906060606060606 0.43863636363636366 0.18787878787878787 0.12272727272727273
0 0.1484848484848485 0.5931818181818181 0.22424242424242424 0.15
0 0.3696969696969697 0.575 0.18181818181818182 0.1409090909090909
0 0.5333333333333333 0.5636363636363636 0.1696969696969697 0.12727272727272726
0 0.7696969696969697 0.55 0.30303030303030304 0.10909090909090909
0 0.9636363636363636 0.5431818181818182 0.07272727272727272 0.11363636363636363
0 0.2636363636363636 0.7113636363636363 0.38181818181818183 0.1590909090909091
0 0.5393939393939394 0.6795454545454546 0.1696969696969697 0.1409090909090909
0 0.7242424242424242 0.6681818181818182 0.18787878787878787 0.12727272727272726
0 0.9030303030303031 0.6545454545454545 0.19393939393939394 0.10909090909090909
0 0.1787878787878788 0.8340909090909091 0.21212121212121213 0.12272727272727273
0 0.37272727272727274 0.8136363636363636 0.16363636363636364 0.11818181818181818
0 0.5363636363636364 0.7886363636363637 0.16363636363636364 0.12272727272727273
0 0.7606060606060606 0.7568181818181818 0.2606060606060606 0.11363636363636363
0 0.9424242424242424 0.7318181818181818 0.11515151515151516 0.13636363636363635
0 0.16666666666666666 0.9363636363636364 0.17575757575757575 0.11818181818181818
0 0.33636363636363636 0.9181818181818182 0.16363636363636364 0.11818181818181818
0 0.5181818181818182 0.9 0.17575757575757575 0.11818181818181818
0 0.7 0.865909090909091 0.16363636363636364 0.12272727272727273
0 0.8424242424242424 0.8477272727272728 0.12121212121212122 0.11363636363636363
0 0.9515151515151515 0.8386363636363636 0.09696969696969697 0.10454545454545454
0 0.9454545454545454 0.9295454545454546 0.10909090909090909 0.09545454545454546
0 0.8363636363636363 0.9409090909090909 0.12121212121212122 0.09090909090909091
0 0.706060606060606 0.9545454545454546 0.15151515151515152 0.09090909090909091
0 0.04242424242424243 0.740909090909091 0.08484848484848485 0.11818181818181818
