0 0.254 0.295 0.092 0.09666666666666666
0 0.26 0.41333333333333333 0.1 0.14666666666666667
0 0.43 0.465 0.244 0.19666666666666666
0 0.256 0.505 0.1 0.03
0 0.257 0.535 0.102 0.03
0 0.258 0.56 0.1 0.04
0 0.258 0.59 0.096 0.03333333333333333
0 0.257 0.62 0.098 0.03333333333333333
0 0.532 0.10833333333333334 0.04 0.12333333333333334
0 0.635 0.1 0.174 0.15333333333333332
0 0.771 0.14333333333333334 0.094 0.12666666666666668
0 0.852 0.18 0.076 0.10666666666666667
0 0.731 0.30833333333333335 0.062 0.17
0 0.663 0.2916666666666667 0.074 0.18333333333333332
0 0.661 0.4666666666666667 0.07 0.17333333333333334
0 0.725 0.465 0.058 0.16333333333333333
0 0.715 0.63 0.062 0.16666666666666666
0 0.712 0.7933333333333333 0.056 0.17333333333333334
0 0.646 0.8083333333333333 0.068 0.18333333333333332
0 0.575 0.835 0.078 0.19666666666666666
0 0.417 0.8316666666666667 0.234 0.27666666666666667
0 0.426 0.655 0.244 0.23666666666666666
0 0.583 0.6516666666666666 0.074 0.19
0 0.652 0.64 0.072 0.18
0 0.588 0.4683333333333333 0.076 0.19666666666666666
0 0.591 0.28 0.074 0.2
0 0.43 0.265 0.24 0.22333333333333333
