0 0.07547169811320754 0.2909090909090909 0.1509433962264151 0.07272727272727272
0 0.23270440251572327 0.29318181818181815 0.1761006289308176 0.06818181818181818
0 0.33647798742138363 0.3068181818181818 0.05660377358490566 0.031818181818181815
0 0.07232704402515723 0.35909090909090907 0.14465408805031446 0.06363636363636363
0 0.06918238993710692 0.425 0.13836477987421383 0.07727272727272727
0 0.0660377358490566 0.5 0.1320754716981132 0.07272727272727272
0 0.06289308176100629 0.5704545454545454 0.12578616352201258 0.06818181818181818
0 0.0660377358490566 0.6409090909090909 0.1320754716981132 0.08181818181818182
0 0.05345911949685535 0.7204545454545455 0.1069182389937107 0.07727272727272727
0 0.05345911949685535 0.8022727272727272 0.1069182389937107 0.08636363636363636
0 0.04716981132075472 0.884090909090909 0.09433962264150944 0.08636363636363636
0 0.04716981132075472 0.9636363636363636 0.09433962264150944 0.07272727272727272
0 0.22327044025157233 0.35909090909090907 0.16981132075471697 0.06363636363636363
0 0.2169811320754717 0.42727272727272725 0.16981132075471697 0.08181818181818182
0 0.21069182389937108 0.5 0.16981132075471697 0.07272727272727272
0 0.21069182389937108 0.5704545454545454 0.16981132075471697 0.06818181818181818
0 0.20754716981132076 0.6386363636363637 0.1761006289308176 0.07727272727272727
0 0.1918238993710692 0.725 0.16981132075471697 0.08636363636363636
0 0.1918238993710692 0.8045454545454546 0.16981132075471697 0.07272727272727272
0 0.18238993710691823 0.8818181818181818 0.18867924528301888 0.09090909090909091
0 0.18238993710691823 0.9590909090909091 0.18867924528301888 0.07272727272727272
0 0.4119496855345912 0.31136363636363634 0.06918238993710692 0.031818181818181815
0 0.3836477987421384 0.35909090909090907 0.1509433962264151 0.06363636363636363
0 0.37735849056603776 0.42727272727272725 0.1761006289308176 0.07272727272727272
0 0.3742138364779874 0.5 0.16981132075471697 0.07272727272727272
0 0.3742138364779874 0.5704545454545454 0.16981132075471697 0.07727272727272727
0 0.3805031446540881 0.6431818181818182 0.16981132075471697 0.07727272727272727
0 0.36477987421383645 0.7227272727272728 0.1761006289308176 0.08181818181818182
0 0.36477987421383645 0.8022727272727272 0.1761006289308176 0.07727272727272727
0 0.36477987421383645 0.8886363636363637 0.1761006289308176 0.09545454545454546
0 0.5283018867924528 0.2840909090909091 0.1509433962264151 0.09545454545454546
0 0.6823899371069182 0.3 0.15723270440251572 0.07272727272727272
0 0.5345911949685535 0.3613636363636364 0.16352201257861634 0.06818181818181818
0 0.5408805031446541 0.42727272727272725 0.16352201257861634 0.07272727272727272
0 0.5377358490566038 0.49772727272727274 0.16981132075471697 0.06818181818181818
0 0.5408805031446541 0.5681818181818182 0.1761006289308176 0.07272727272727272
0 0.5408805031446541 0.6409090909090909 0.16352201257861634 0.08181818181818182
0 0.5377358490566038 0.7227272727272728 0.16981132075471697 0.08181818181818182
0 0.5345911949685535 0.8022727272727272 0.1761006289308176 0.08636363636363636
0 0.36477987421383645 0.9659090909090909 0.1761006289308176 0.05909090909090909
0 0.5440251572327044 0.8886363636363637 0.18238993710691823 0.09545454545454546
0 0.5471698113207547 0.9659090909090909 0.18867924528301888 0.06818181818181818
0 0.6855345911949685 0.3659090909090909 0.1509433962264151 0.05909090909090909
0 0.7955974842767296 0.2431818181818182 0.1949685534591195 0.06818181818181818
0 0.8270440251572327 0.3090909090909091 0.14465408805031446 0.06363636363636363
0 0.8333333333333334 0.3659090909090909 0.14465408805031446 0.05
0 0.7012578616352201 0.42727272727272725 0.16981132075471697 0.07272727272727272
0 0.7044025157232704 0.49772727272727274 0.16352201257861634 0.07727272727272727
0 0.8584905660377359 0.425 0.15723270440251572 0.06818181818181818
0 0.949685534591195 0.2409090909090909 0.10062893081761007 0.07272727272727272
0 0.949685534591195 0.3386363636363636 0.10062893081761007 0.12272727272727273
0 0.9685534591194969 0.4318181818181818 0.06289308176100629 0.07272727272727272
0 0.8647798742138365 0.49772727272727274 0.15723270440251572 0.07727272727272727
0 0.9685534591194969 0.5045454545454545 0.06289308176100629 0.08181818181818182
0 0.7044025157232704 0.5704545454545454 0.1761006289308176 0.06818181818181818
0 0.8710691823899371 0.5704545454545454 0.15723270440251572 0.06818181818181818
0 0.9716981132075472 0.5727272727272728 0.05660377358490566 0.06363636363636363
0 0.710691823899371 0.6454545454545455 0.1761006289308176 0.08181818181818182
0 0.8742138364779874 0.6431818181818182 0.16352201257861634 0.08636363636363636
0 0.9748427672955975 0.6409090909090909 0.050314465408805034 0.08181818181818182
0 0.7138364779874213 0.725 0.18238993710691823 0.08636363636363636
0 0.9025157232704403 0.725 0.1949685534591195 0.08636363636363636
0 0.7169811320754716 0.8068181818181818 0.18867924528301888 0.08636363636363636
0 0.9025157232704403 0.8090909090909091 0.1949685534591195 0.08181818181818182
0 0.7232704402515723 0.8886363636363637 0.18867924528301888 0.08636363636363636
0 0.9056603773584906 0.8886363636363637 0.18867924528301888 0.07727272727272727
0 0.9056603773584906 0.9636363636363636 0.18867924528301888 0.07272727272727272
0 0.7264150943396226 0.9659090909090909 0.18238993710691823 0.06818181818181818
