0 0.15818181818181817 0.06818181818181818 0.31636363636363635 0.13636363636363635
0 0.5272727272727272 0.075 0.43636363636363634 0.15
0 0.8690909090909091 0.08409090909090909 0.26181818181818184 0.16818181818181818
0 0.1618181818181818 0.26590909090909093 0.3236363636363636 0.2590909090909091
0 0.5309090909090909 0.2681818181818182 0.4218181818181818 0.2636363636363636
0 0.8618181818181818 0.27954545454545454 0.27636363636363637 0.2590909090909091
0 0.16727272727272727 0.509090909090909 0.33454545454545453 0.22727272727272727
0 0.5272727272727272 0.509090909090909 0.3927272727272727 0.22727272727272727
0 0.8545454545454545 0.5159090909090909 0.2909090909090909 0.2318181818181818
0 0.17272727272727273 0.7272727272727273 0.34545454545454546 0.20909090909090908
0 0.5254545454545455 0.7204545454545455 0.37454545454545457 0.20454545454545456
0 0.8527272727272728 0.7227272727272728 0.29454545454545455 0.20909090909090908
0 0.1781818181818182 0.9068181818181819 0.3563636363636364 0.17727272727272728
0 0.5309090909090909 0.9022727272727272 0.36363636363636365 0.1590909090909091
0 0.8490909090909091 0.9090909090909091 0.3018181818181818 0.17272727272727273
0 0.19636363636363635 0.990909090909091 0.38545454545454544 0.01818181818181818
0 0.5654545454545454 0.9886363636363636 0.3527272727272727 0.022727272727272728
0 0.8690909090909091 0.9886363636363636 0.26181818181818184 0.013636363636363636
