0 0.8833333333333333 0.7560975609756098 0.23333333333333334 0.43902439024390244
0 0.9 0.2967479674796748 0.2 0.4959349593495935
0 0.6777777777777778 0.7235772357723578 0.2222222222222222 0.42276422764227645
0 0.6916666666666667 0.2886178861788618 0.22777777777777777 0.4796747967479675
0 0.475 0.7032520325203252 0.18333333333333332 0.3983739837398374
0 0.4861111111111111 0.2886178861788618 0.19444444444444445 0.44715447154471544
0 0.2972222222222222 0.2845528455284553 0.18333333333333332 0.42276422764227645
0 0.125 0.2764227642276423 0.19444444444444445 0.4065040650406504
0 0.3 0.6707317073170732 0.17777777777777778 0.3821138211382114
0 0.14166666666666666 0.6544715447154471 0.17222222222222222 0.36585365853658536
0 0.03611111111111111 0.6300813008130082 0.07222222222222222 0.34959349593495936
0 0.030555555555555555 0.2764227642276423 0.06111111111111111 0.3902439024390244
