0 0.094 0.015015015015015015 0.188 0.03003003003003003
0 0.265 0.018018018018018018 0.154 0.036036036036036036
0 0.389 0.02177177177177177 0.098 0.04354354354354354
0 0.57 0.02252252252252252 0.264 0.04504504504504504
0 0.819 0.028528528528528527 0.238 0.057057057057057055
0 0.966 0.03678678678678678 0.068 0.07357357357357357
0 0.11 0.10810810810810811 0.22 0.18018018018018017
0 0.347 0.11636636636636637 0.258 0.15765765765765766
0 0.597 0.11861861861861862 0.238 0.16516516516516516
0 0.833 0.12612612612612611 0.242 0.16216216216216217
0 0.976 0.14339339339339338 0.048 0.13963963963963963
0 0.11 0.262012012012012 0.22 0.16066066066066065
0 0.347 0.26576576576576577 0.262 0.15615615615615616
0 0.581 0.27102102102102105 0.266 0.15465465465465467
0 0.832 0.2777777777777778 0.24 0.15315315315315314
0 0.973 0.283033033033033 0.054 0.14264264264264265
0 0.089 0.4166666666666667 0.178 0.15165165165165165
0 0.27 0.41366366366366364 0.192 0.14864864864864866
0 0.455 0.4159159159159159 0.178 0.15015015015015015
0 0.628 0.4166666666666667 0.188 0.14264264264264265
0 0.812 0.42042042042042044 0.184 0.14114114114114115
0 0.946 0.42267267267267267 0.108 0.14264264264264265
0 0.094 0.5638138138138138 0.188 0.16066066066066065
0 0.28 0.5630630630630631 0.192 0.15015015015015015
0 0.459 0.5570570570570571 0.178 0.14714714714714713
0 0.635 0.5548048048048048 0.182 0.13963963963963963
0 0.81 0.5593093093093093 0.176 0.13663663663663664
0 0.944 0.5593093093093093 0.112 0.13663663663663664
0 0.094 0.7117117117117117 0.188 0.14414414414414414
0 0.281 0.7042042042042042 0.186 0.14714714714714713
0 0.459 0.6966966966966966 0.17 0.14114114114114115
0 0.632 0.6906906906906907 0.184 0.13513513513513514
0 0.808 0.6906906906906907 0.172 0.13513513513513514
0 0.938 0.6929429429429429 0.12 0.13063063063063063
0 0.134 0.8498498498498499 0.268 0.15015015015015015
0 0.38 0.8355855855855856 0.232 0.15165165165165165
0 0.607 0.825075075075075 0.23 0.13363363363363365
0 0.831 0.8243243243243243 0.234 0.13513513513513514
0 0.968 0.8183183183183184 0.064 0.12612612612612611
0 0.144 0.9369369369369369 0.256 0.12612612612612611
0 0.38 0.9466966966966966 0.24 0.1066066066066066
0 0.61 0.9414414414414415 0.224 0.11411411411411411
0 0.834 0.9406906906906907 0.228 0.11861861861861862
0 0.969 0.9391891891891891 0.062 0.11861861861861862
0 0.73 0.9819819819819819 0.232 0.03303303303303303
