0 0.6892413793103449 0.1990384118285685 0.34482758620689674 0.16026469523858763
0 0.6788965517241379 0.3505143979734271 0.36 0.17991004497751126
0 0.6554482758620691 0.5143979734270796 0.36827586206896556 0.18921573695910665
0 0.6402758620689656 0.6860362921987283 0.40137931034482743 0.20782712092229744
0 0.6244137931034484 0.8819728067000984 0.4082758620689656 0.22954040221268687
0 0.3588965517241379 0.1726722845473815 0.33793103448275863 0.1592307294628548
0 0.32786206896551723 0.3231143049165073 0.3558620689655172 0.17474021609884716
0 0.3009655172413793 0.48596391459442695 0.3737931034482758 0.18611383963190814
0 0.2623448275862069 0.6565682675903427 0.39310344827586197 0.20472522359509893
0 0.22786206896551722 0.8519877992038465 0.4179310344827586 0.22747247066122112
