0 0.21246612466124662 0.32308731495723364 0.16585365853658537 0.11719036109280014
0 0.3778592375366569 0.31829924958694955 0.16627565982404696 0.10842805230426525
0 0.2102639296187683 0.4385617288843095 0.17653958944281523 0.12505173795496372
0 0.3859237536656891 0.43360809489841745 0.1724340175953079 0.12262996133963878
0 0.21099706744868035 0.5624025785316108 0.18152492668621698 0.13627997498965239
0 0.3922287390029326 0.555797733217088 0.17859237536656888 0.1331977138428751
0 0.21070381231671553 0.6971414229478745 0.1897360703812317 0.14948966561869778
0 0.3998533724340176 0.6888853663047211 0.18563049853372435 0.1483888580662774
0 0.21334310850439883 0.8445395542169736 0.19794721407624633 0.16424048682113196
0 0.40630498533724335 0.8343020439794633 0.19560117302052782 0.16622194041548888
0 0.600733137829912 0.8156983963435577 0.20087976539589442 0.16115822567435467
0 0.7856304985337242 0.8072221781899201 0.2058651026392962 0.15741547999612512
0 0.7649560117302053 0.6671994575220381 0.1997067448680351 0.1437654663461115
0 0.5857771260997067 0.6712724454659937 0.1897360703812317 0.14310498181465925
0 0.5705278592375367 0.5420376388118323 0.1821114369501466 0.13077593722755007
0 0.7407624633431085 0.5360932780287618 0.18768328445747806 0.13033561420658196
0 0.724633431085044 0.4175363046330788 0.17947214076246337 0.11734608508802054
0 0.5593841642228738 0.42127905031130836 0.1709677419354839 0.1195477001928615
0 0.5498533724340176 0.30866643769869573 0.16422287390029316 0.11228237034688643
0 0.7070381231671554 0.30569425730716054 0.1689149560117303 0.11206220883640237
