0 0.124 0.17777777777777778 0.224 0.2123456790123457
0 0.336 0.16913580246913582 0.228 0.22469135802469137
0 0.568 0.16049382716049382 0.256 0.23209876543209876
0 0.845 0.14074074074074075 0.302 0.26666666666666666
0 0.126 0.3814814814814815 0.204 0.2
0 0.327 0.3851851851851852 0.218 0.2123456790123457
0 0.552 0.391358024691358 0.248 0.22962962962962963
0 0.813 0.3987654320987654 0.29 0.254320987654321
0 0.137 0.5740740740740741 0.206 0.2
0 0.329 0.5864197530864198 0.202 0.20987654320987653
0 0.542 0.6111111111111112 0.236 0.2345679012345679
0 0.794 0.6345679012345679 0.276 0.25679012345679014
0 0.158 0.7432098765432099 0.188 0.18271604938271604
0 0.336 0.7691358024691358 0.184 0.2
0 0.538 0.8123456790123457 0.232 0.23703703703703705
0 0.785 0.8592592592592593 0.27 0.2617283950617284
