0 0.6293103448275862 0.0703125 0.3706896551724138 0.13854166666666667
0 0.8318965517241379 0.09010416666666667 0.09482758620689655 0.09895833333333333
0 0.9353448275862069 0.1046875 0.125 0.159375
0 0.8631465517241379 0.25052083333333336 0.26939655172413796 0.13229166666666667
0 0.9084051724137931 0.38177083333333334 0.17456896551724138 0.12604166666666666
0 0.6831896551724138 0.3734375 0.30603448275862066 0.11770833333333333
0 0.6379310344827587 0.2552083333333333 0.21551724137931033 0.11666666666666667
0 0.5053879310344828 0.2677083333333333 0.07112068965517242 0.09583333333333334
0 0.4051724137931034 0.26614583333333336 0.1336206896551724 0.08854166666666667
0 0.5872844827586207 0.16458333333333333 0.36853448275862066 0.10833333333333334
0 0.40086206896551724 0.10104166666666667 0.09913793103448276 0.05416666666666667
0 0.38254310344827586 0.140625 0.07112068965517242 0.03958333333333333
0 0.375 0.1921875 0.07758620689655173 0.065625
0 0.2823275862068966 0.26666666666666666 0.12931034482758622 0.08541666666666667
0 0.4665948275862069 0.3609375 0.15301724137931033 0.090625
0 0.9676724137931034 0.503125 0.0603448275862069 0.11666666666666667
0 0.8318965517241379 0.49166666666666664 0.23275862068965517 0.125
0 0.8189655172413793 0.6635416666666667 0.35344827586206895 0.22916666666666666
0 0.9601293103448276 0.7125 0.07543103448275862 0.175
0 0.625 0.4703125 0.1939655172413793 0.11145833333333334
0 0.30603448275862066 0.35208333333333336 0.1939655172413793 0.08958333333333333
0 0.4730603448275862 0.4510416666666667 0.10560344827586207 0.09583333333333334
0 0.43211206896551724 0.496875 0.17456896551724138 0.035416666666666666
0 0.4665948275862069 0.5822916666666667 0.42887931034482757 0.16666666666666666
0 0.6508620689655172 0.6151041666666667 0.4482758620689655 0.18854166666666666
0 0.23922413793103448 0.428125 0.14224137931034483 0.08541666666666667
0 0.25323275862068967 0.5036458333333333 0.1875 0.08645833333333333
0 0.2025862068965517 0.5744791666666667 0.11637931034482758 0.08854166666666667
0 0.42887931034482757 0.7864583333333334 0.43103448275862066 0.23541666666666666
0 0.6691810344827587 0.8588541666666667 0.49353448275862066 0.28229166666666666
0 0.2629310344827586 0.7286458333333333 0.31896551724137934 0.20104166666666667
0 0.8556034482758621 0.8901041666666667 0.28448275862068967 0.215625
0 0.5021551724137931 0.940625 0.3793103448275862 0.11458333333333333
0 0.15517241379310345 0.8869791666666667 0.2629310344827586 0.19270833333333334
0 0.3673899279173972 0.4393243879472693 0.12419637638807708 0.09357344632768362
