0 0.0150093808630394 0.07833333333333334 0.0300187617260788 0.13666666666666666
0 0.06848030018761726 0.06166666666666667 0.09193245778611632 0.12333333333333334
0 0.15196998123827393 0.028333333333333332 0.08630393996247655 0.056666666666666664
0 0.006566604127579738 0.205 0.013133208255159476 0.13
0 0.0450281425891182 0.175 0.08630393996247655 0.19
0 0.14821763602251406 0.11 0.12382739212007504 0.22
0 0.3611632270168856 0.12166666666666667 0.3058161350844278 0.24333333333333335
0 0.04409005628517824 0.31166666666666665 0.08818011257035648 0.18333333333333332
0 0.1397748592870544 0.27 0.12570356472795496 0.20666666666666667
0 0.35553470919324576 0.235 0.3170731707317073 0.31666666666666665
0 0.039399624765478425 0.455 0.07879924953095685 0.16333333333333333
0 0.1294559099437148 0.4216666666666667 0.12382739212007504 0.19666666666666666
0 0.34615384615384615 0.4 0.32833020637898686 0.28
0 0.03564727954971857 0.5983333333333334 0.07129455909943715 0.15666666666666668
0 0.11163227016885553 0.5833333333333334 0.10318949343339587 0.18
0 0.3320825515947467 0.5566666666666666 0.3452157598499062 0.22
0 0.021575984990619138 0.7566666666666667 0.043151969981238276 0.16666666666666666
0 0.0975609756097561 0.7583333333333333 0.13133208255159476 0.18333333333333332
0 0.23170731707317074 0.75 0.15947467166979362 0.22
0 0.0150093808630394 0.92 0.0300187617260788 0.16
0 0.15853658536585366 0.9216666666666666 0.28330206378986866 0.15666666666666668
0 0.47842401500938087 0.7483333333333333 0.3602251407129456 0.25
0 0.474671669793621 0.9283333333333333 0.3714821763602251 0.13666666666666666
0 0.47560975609756095 0.056666666666666664 0.09568480300187618 0.11333333333333333
0 0.5984990619136961 0.058333333333333334 0.150093808630394 0.11666666666666667
0 0.7120075046904315 0.02 0.08067542213883677 0.04
0 0.5853658536585366 0.15666666666666668 0.14634146341463414 0.21333333333333335
0 0.7570356472795498 0.1 0.19699812382739212 0.2
0 0.5844277673545967 0.31166666666666665 0.14821763602251406 0.19
0 0.7579737335834896 0.245 0.19887429643527205 0.22333333333333333
0 0.5797373358348968 0.46166666666666667 0.15384615384615385 0.18333333333333332
0 0.7598499061913696 0.415 0.20637898686679174 0.21
0 0.5806754221388368 0.6116666666666667 0.15572232645403378 0.15666666666666668
0 0.7645403377110694 0.59 0.21575984990619138 0.2
0 0.7711069418386491 0.7816666666666666 0.225140712945591 0.20333333333333334
0 0.7654784240150094 0.9333333333333333 0.2101313320825516 0.12666666666666668
0 0.924953095684803 0.058333333333333334 0.150093808630394 0.11666666666666667
0 0.924015009380863 0.18166666666666667 0.15196998123827393 0.23666666666666666
0 0.9287054409005628 0.37333333333333335 0.1425891181988743 0.23333333333333334
0 0.9305816135084428 0.5716666666666667 0.1350844277673546 0.21666666666666667
0 0.9343339587242027 0.7816666666666666 0.1275797373358349 0.22333333333333333
0 0.9352720450281425 0.9433333333333334 0.12570356472795496 0.10666666666666667
