0 0.5080645161290323 0.3659090909090909 0.45161290322580644 0.17727272727272728
0 0.09274193548387097 0.38181818181818183 0.18548387096774194 0.18181818181818182
0 0.5846774193548387 0.5159090909090909 0.29838709677419356 0.15
0 0.27419354838709675 0.525 0.3387096774193548 0.18636363636363637
0 0.5403225806451613 0.6454545454545455 0.3870967741935484 0.13636363636363635
0 0.5806451612903226 0.759090909090909 0.27419354838709675 0.13636363636363635
0 0.3024193548387097 0.7818181818181819 0.31451612903225806 0.14545454545454545
0 0.08064516129032258 0.8068181818181818 0.16129032258064516 0.1318181818181818
0 0.12903225806451613 0.6795454545454546 0.25806451612903225 0.1318181818181818
0 0.06451612903225806 0.55 0.12903225806451613 0.14545454545454545
0 0.7056451612903226 0.2409090909090909 0.21774193548387097 0.07272727272727272
0 0.8104838709677419 0.40454545454545454 0.1532258064516129 0.1
