0 0.1372745490981964 0.20320855614973263 0.2745490981963928 0.28342245989304815
0 0.40180360721442887 0.2887700534759358 0.3026052104208417 0.0962566844919786
0 0.40080160320641284 0.18449197860962566 0.2965931863727455 0.18716577540106952
0 0.7735470941883767 0.10962566844919786 0.44889779559118237 0.2192513368983957
0 0.12224448897795591 0.38636363636363635 0.24448897795591182 0.16310160427807488
0 0.40180360721442887 0.3890374331550802 0.3466933867735471 0.16844919786096257
0 0.8066132264529058 0.2820855614973262 0.38276553106212424 0.31283422459893045
0 0.12224448897795591 0.5641711229946524 0.24448897795591182 0.23529411764705882
0 0.39879759519038077 0.5855614973262032 0.3286573146292585 0.25668449197860965
0 0.7755511022044088 0.5735294117647058 0.44488977955911824 0.3235294117647059
0 0.41382765531062127 0.8368983957219251 0.35070140280561124 0.29411764705882354
0 0.7975951903807615 0.8556149732620321 0.40480961923847697 0.27807486631016043
0 0.12725450901803606 0.7967914438502673 0.2545090180360721 0.25133689839572193
