0 0.183 0.22666666666666666 0.33 0.32
0 0.363 0.2613333333333333 0.038 0.192
0 0.507 0.27466666666666667 0.254 0.21866666666666668
0 0.676 0.2693333333333333 0.096 0.16
0 0.732 0.288 0.036 0.128
0 0.875 0.27066666666666667 0.206 0.168
0 0.176 0.5173333333333333 0.316 0.31466666666666665
0 0.014 0.6666666666666666 0.028 0.2986666666666667
0 0.415 0.49066666666666664 0.17 0.2613333333333333
0 0.541 0.488 0.098 0.208
0 0.161 0.7813333333333333 0.318 0.384
0 0.155 0.9066666666666666 0.31 0.18666666666666668
0 0.408 0.7293333333333333 0.176 0.27466666666666667
0 0.538 0.684 0.088 0.232
0 0.405 0.8946666666666667 0.19 0.20533333333333334
0 0.534 0.8813333333333333 0.076 0.216
0 0.742 0.49466666666666664 0.324 0.2906666666666667
0 0.728 0.74 0.308 0.328
0 0.72 0.9026666666666666 0.308 0.19466666666666665
0 0.926 0.48 0.076 0.23466666666666666
0 0.911 0.6853333333333333 0.082 0.24533333333333332
0 0.899 0.876 0.074 0.248
0 0.978 0.43733333333333335 0.044 0.15466666666666667
0 0.979 0.588 0.042 0.16266666666666665
0 0.968 0.7386666666666667 0.044 0.16533333333333333
