0 0.937 0.4786666666666667 0.106 0.15733333333333333
0 0.731 0.43066666666666664 0.266 0.3333333333333333
0 0.892 0.32 0.08 0.16533333333333333
0 0.962 0.33866666666666667 0.06 0.14933333333333335
0 0.488 0.4146666666666667 0.224 0.3973333333333333
0 0.222 0.39066666666666666 0.312 0.4613333333333333
0 0.253 0.8 0.466 0.4
0 0.034 0.4693333333333333 0.068 0.21866666666666668
0 0.59 0.7986666666666666 0.208 0.3973333333333333
0 0.542 0.984 0.112 0.032
0 0.772 0.7666666666666667 0.172 0.34933333333333333
0 0.769 0.15466666666666667 0.166 0.30933333333333335
0 0.584 0.14 0.208 0.28
0 0.275 0.11866666666666667 0.414 0.23733333333333334
0 0.902 0.2 0.112 0.13866666666666666
0 0.898 0.636 0.08 0.15733333333333333
0 0.969 0.636 0.062 0.152
0 0.87 0.7946666666666666 0.024 0.16
0 0.94 0.7826666666666666 0.12 0.15733333333333333
0 0.766 0.932 0.344 0.136
0 0.962 0.9253333333333333 0.076 0.144
