0 0.12244897959183673 0.18636363636363637 0.1292517006802721 0.23636363636363636
0 0.24489795918367346 0.18409090909090908 0.1292517006802721 0.2318181818181818
0 0.36904761904761907 0.18863636363636363 0.11904761904761904 0.22272727272727272
0 0.4846938775510204 0.18409090909090908 0.11904761904761904 0.2318181818181818
0 0.6020408163265306 0.18181818181818182 0.12244897959183673 0.22727272727272727
0 0.717687074829932 0.17954545454545454 0.12244897959183673 0.21363636363636362
0 0.8350340136054422 0.17272727272727273 0.1326530612244898 0.21818181818181817
0 0.9421768707482994 0.17727272727272728 0.11564625850340136 0.20909090909090908
0 0.1054421768707483 0.42954545454545456 0.1360544217687075 0.2590909090909091
0 0.23979591836734693 0.42272727272727273 0.1326530612244898 0.2545454545454545
0 0.3622448979591837 0.425 0.11904761904761904 0.2590909090909091
0 0.4846938775510204 0.42727272727272725 0.12585034013605442 0.2545454545454545
0 0.608843537414966 0.42045454545454547 0.1292517006802721 0.2590909090909091
0 0.7295918367346939 0.41363636363636364 0.1326530612244898 0.2545454545454545
0 0.8503401360544217 0.4090909090909091 0.14285714285714285 0.2545454545454545
0 0.9506802721088435 0.4068181818181818 0.09863945578231292 0.25
0 0.9625850340136054 0.6636363636363637 0.07482993197278912 0.2727272727272727
0 0.8758503401360545 0.6681818181818182 0.15306122448979592 0.2727272727272727
0 0.7482993197278912 0.675 0.14965986394557823 0.2772727272727273
0 0.6190476190476191 0.6818181818181818 0.14285714285714285 0.2818181818181818
0 0.4914965986394558 0.6909090909090909 0.13945578231292516 0.2818181818181818
0 0.358843537414966 0.6977272727272728 0.13945578231292516 0.2863636363636364
0 0.22108843537414966 0.7 0.14965986394557823 0.2909090909090909
0 0.08503401360544217 0.7 0.14965986394557823 0.2909090909090909
0 0.06972789115646258 0.9227272727272727 0.13945578231292516 0.15454545454545454
0 0.2108843537414966 0.9204545454545454 0.1564625850340136 0.1590909090909091
0 0.3554421768707483 0.9181818181818182 0.14625850340136054 0.16363636363636364
0 0.4965986394557823 0.9113636363636364 0.1360544217687075 0.17727272727272728
0 0.6343537414965986 0.9068181818181819 0.14625850340136054 0.18636363636363637
0 0.7721088435374149 0.9068181818181819 0.14285714285714285 0.18636363636363637
0 0.8979591836734694 0.9022727272727272 0.14965986394557823 0.19545454545454546
0 0.9761904761904762 0.9 0.047619047619047616 0.2
