0 0.48060606060606054 0.4361001317523056 0.25696969696969696 0.1906016688625384
0 0.17666666666666667 0.5713658322353975 0.35333333333333333 0.24505928853754938
0 0.6454545454545454 0.4321475625823452 0.0945454545454545 0.1844532279314888
0 0.8354545454545453 0.4242424242424242 0.2963636363636363 0.19148001756697405
0 0.17466666666666666 0.8054106280193237 0.34933333333333333 0.2643478260869564
0 0.4754666666666667 0.6245410628019323 0.2554666666666667 0.19014492753623194
0 0.47679999999999995 0.8104347826086957 0.25493333333333335 0.19864734299516906
0 0.6816569579288025 0.7180676328502416 0.15733333333333338 0.38956521739130434
0 0.87151051625239 0.6029872253165959 0.23785850860420646 0.19508410230831047
0 0.874569789674952 0.7869870036301161 0.23632887189292534 0.20062626430570574
