0 0.08875 0.06941838649155722 0.1775 0.12382739212007504
0 0.05375 0.1651031894934334 0.1075 0.0900562851782364
0 0.16 0.19418386491557224 0.065 0.06941838649155722
0 0.1375 0.14540337711069418 0.07 0.043151969981238276
0 0.145 0.37523452157598497 0.08 0.0600375234521576
0 0.13875 0.43151969981238275 0.1075 0.0675422138836773
0 0.1325 0.49530956848030017 0.115 0.0825515947467167
0 0.0875 0.6172607879924953 0.15 0.16135084427767354
0 0.09 0.7270168855534709 0.155 0.17823639774859287
0 0.47 0.09662288930581614 0.59 0.19324577861163228
0 0.45375 0.22138836772983114 0.5625 0.23639774859287055
0 0.45875 0.40619136960600377 0.5525 0.19324577861163228
0 0.4175 0.5806754221388368 0.565 0.21200750469043153
0 0.4225 0.7439024390243902 0.53 0.24577861163227016
0 0.43 0.8724202626641651 0.535 0.2551594746716698
0 0.88125 0.051594746716697934 0.2375 0.10318949343339587
0 0.88 0.11069418386491557 0.24 0.22138836772983114
0 0.86625 0.26641651031894936 0.2675 0.19136960600375236
0 0.86625 0.41088180112570355 0.2675 0.15384615384615385
0 0.8475 0.5590994371482176 0.3 0.1575984990619137
0 0.83375 0.6941838649155723 0.2975 0.18386491557223264
0 0.84 0.8236397748592871 0.285 0.225140712945591
