0 0.8589302325581396 0.4992248062015504 0.2162790697674419 0.17984496124031005
0 0.8461395348837208 0.6506459948320413 0.21550387596899226 0.15813953488372082
0 0.8434263565891472 0.7731266149870801 0.20232558139534876 0.14263565891472868
0 0.838 0.8749354005167959 0.20077519379844955 0.11472868217054262
0 0.6569922480620155 0.3591731266149871 0.1891472868217054 0.13953488372093026
0 0.6542790697674418 0.49095607235142114 0.1837209302325581 0.13643410852713175
0 0.6453643410852712 0.6217054263565891 0.1782945736434109 0.14987080103359177
0 0.6445891472868217 0.7514211886304909 0.17674418604651168 0.14470284237726105
0 0.6426511627906978 0.8490956072351422 0.17441860465116282 0.09612403100775206
0 0.4566046511627907 0.11627906976744186 0.2162790697674418 0.17674418604651165
0 0.22986046511627906 0.13540051679586565 0.2248062015503876 0.16124031007751935
0 0.42986046511627907 0.2723514211886305 0.2217054263565891 0.14780361757105945
0 0.42753488372093024 0.4170542635658915 0.22170542635658916 0.15193798449612406
0 0.2190077519379845 0.28268733850129196 0.19379844961240306 0.13953488372093023
0 0.43722480620155035 0.5586563307493541 0.21782945736434106 0.17054263565891475
0 0.44652713178294573 0.6956072351421188 0.21627906976744185 0.17984496124031005
0 0.44962790697674415 0.8134366925064599 0.21162790697674422 0.1901808785529717
0 0.22482170542635657 0.41188630490956074 0.1868217054263566 0.14366925064599484
0 0.23799999999999996 0.5483204134366925 0.18682170542635657 0.13333333333333333
0 0.24768992248062013 0.6816537467700258 0.18139534883720926 0.14366925064599484
0 0.251953488372093 0.800516795865633 0.189922480620155 0.14987080103359177
