0 0.16723549488054607 0.020454545454545454 0.06143344709897611 0.04090909090909091
0 0.11433447098976109 0.06363636363636363 0.04436860068259386 0.045454545454545456
0 0.1689419795221843 0.06136363636363636 0.06484641638225255 0.10454545454545454
0 0.31569965870307165 0.09318181818181819 0.2354948805460751 0.18636363636363637
0 0.11092150170648464 0.19090909090909092 0.22184300341296928 0.24545454545454545
0 0.07167235494880546 0.4090909090909091 0.14334470989761092 0.21818181818181817
0 0.21331058020477817 0.40454545454545454 0.13993174061433447 0.20909090909090908
0 0.2764505119453925 0.22954545454545455 0.11604095563139932 0.20454545454545456
0 0.3839590443686007 0.25227272727272726 0.10580204778156997 0.19545454545454546
0 0.36006825938566556 0.42045454545454547 0.15358361774744028 0.18636363636363637
0 0.03583617747440273 0.6363636363636364 0.07167235494880546 0.23636363636363636
0 0.1621160409556314 0.6204545454545455 0.14675767918088736 0.21363636363636362
0 0.29180887372013653 0.6136363636363636 0.11945392491467577 0.19090909090909092
0 0.39761092150170646 0.6 0.09215017064846416 0.17272727272727273
0 0.07337883959044368 0.8204545454545454 0.14675767918088736 0.18636363636363637
0 0.22184300341296928 0.8068181818181818 0.13651877133105803 0.21363636363636362
0 0.36860068259385664 0.7795454545454545 0.15699658703071673 0.20454545454545456
0 0.2883959044368601 0.8909090909090909 0.11945392491467577 0.045454545454545456
0 0.40102389078498296 0.875 0.09897610921501707 0.08636363636363636
0 0.46928327645051193 0.08409090909090909 0.08532423208191127 0.16818181818181818
0 0.5614334470989761 0.07045454545454545 0.10580204778156997 0.1409090909090909
0 0.7252559726962458 0.05454545454545454 0.22866894197952217 0.10909090909090909
0 0.8703071672354948 0.07272727272727272 0.06143344709897611 0.14545454545454545
0 0.9266211604095563 0.08863636363636364 0.05802047781569966 0.17727272727272728
0 0.9385665529010239 0.022727272727272728 0.040955631399317405 0.045454545454545456
0 0.5034129692832765 0.22727272727272727 0.13993174061433447 0.19090909090909092
0 0.6945392491467577 0.18863636363636363 0.24914675767918087 0.22272727272727272
0 0.8481228668941979 0.19545454545454546 0.05802047781569966 0.19090909090909092
0 0.8993174061433447 0.2159090909090909 0.04436860068259386 0.17727272727272728
0 0.9385665529010239 0.23636363636363636 0.04778156996587031 0.16363636363636364
0 0.4761092150170648 0.39545454545454545 0.07849829351535836 0.17272727272727273
0 0.5767918088737202 0.3886363636363636 0.10921501706484642 0.18636363636363637
0 0.742320819112628 0.37727272727272726 0.22866894197952217 0.20909090909090908
0 0.878839590443686 0.37272727272727274 0.06484641638225255 0.17272727272727273
0 0.9368600682593856 0.37727272727272726 0.05802047781569966 0.14545454545454545
0 0.5102389078498294 0.5636363636363636 0.13310580204778158 0.17272727272727273
0 0.6962457337883959 0.5681818181818182 0.2525597269624573 0.20909090909090908
0 0.8515358361774744 0.55 0.05802047781569966 0.18181818181818182
0 0.9061433447098977 0.5340909090909091 0.05802047781569966 0.16818181818181818
0 0.9488054607508533 0.5227272727272727 0.040955631399317405 0.15454545454545454
0 0.48464163822525597 0.7136363636363636 0.08191126279863481 0.17272727272727273
0 0.5784982935153583 0.7386363636363636 0.10580204778156997 0.18636363636363637
0 0.7252559726962458 0.7545454545454545 0.20136518771331058 0.21818181818181817
0 0.8515358361774744 0.7159090909090909 0.05802047781569966 0.19545454545454546
0 0.9027303754266212 0.6954545454545454 0.04436860068259386 0.17272727272727273
0 0.9419795221843004 0.6681818181818182 0.04778156996587031 0.14545454545454545
0 0.5136518771331058 0.8477272727272728 0.13310580204778158 0.12272727272727273
0 0.7030716723549488 0.8636363636363636 0.24573378839590443 0.09090909090909091
0 0.8532423208191127 0.85 0.06143344709897611 0.12727272727272726
0 0.8993174061433447 0.8295454545454546 0.051194539249146756 0.1590909090909091
0 0.9436860068259386 0.7977272727272727 0.051194539249146756 0.16818181818181818
