0 0.09829175704989153 0.17211273672712726 0.19549891540130152 0.34268703558406793
0 0.2997559652928416 0.17653574560391377 0.19929501084598694 0.35307149120782755
0 0.101125 0.5831779511084444 0.20225 0.48328948785403303
0 0.310875 0.5407801418439716 0.18674999999999997 0.3815602836879433
0 0.305 0.8680851063829788 0.21 0.2567375886524823
0 0.10012499999999999 0.9083333333333332 0.20024999999999998 0.176241134751773
0 0.50025 0.8652482269503546 0.2225 0.2624113475177305
0 0.6671250000000001 0.8643617021276596 0.17575000000000002 0.2641843971631206
0 0.500625 0.5379432624113475 0.19625 0.3843971631205674
0 0.684125 0.5375886524822695 0.1922500000000001 0.38581560283687943
0 0.680625 0.17570921985815602 0.19875 0.35070921985815606
0 0.488125 0.175177304964539 0.19424999999999998 0.350354609929078
0 0.8654999999999999 0.18138297872340425 0.1975 0.3627659574468085
0 0.8647499999999999 0.550177304964539 0.195 0.3819148936170213
0 0.84125 0.8631205673758865 0.1875 0.2666666666666666
0 0.96 0.8686170212765957 0.075 0.2556737588652482
0 0.9726250000000001 0.5813829787234042 0.04974999999999994 0.3904255319148936
0 0.9725 0.21046099290780143 0.05 0.38546099290780145
