0 0.124 0.10944527736131934 0.096 0.14992503748125938
0 0.254 0.08470764617691154 0.172 0.16941529235382308
0 0.132 0.2383808095952024 0.104 0.13193403298350825
0 0.256 0.22188905547226387 0.168 0.15292353823088456
0 0.159 0.36281859070464767 0.138 0.12593703148425786
0 0.304 0.3568215892053973 0.164 0.1409295352323838
0 0.167 0.48800599700149927 0.138 0.12443778110944528
0 0.308 0.4947526236881559 0.156 0.13493253373313344
0 0.147 0.6019490254872564 0.094 0.12143928035982009
0 0.268 0.6199400299850075 0.148 0.1424287856071964
0 0.174 0.7226386806596702 0.128 0.14392803598200898
0 0.314 0.7563718140929535 0.156 0.1634182908545727
0 0.16 0.8335832083958021 0.096 0.13493253373313344
0 0.278 0.8718140929535232 0.148 0.1634182908545727
0 0.489 0.9145427286356822 0.274 0.17091454272863568
0 0.523 0.7796101949025487 0.262 0.18590704647676162
0 0.481 0.643928035982009 0.274 0.1664167916041979
0 0.52 0.5029985007496252 0.268 0.15142428785607195
0 0.52 0.35157421289355323 0.272 0.15442278860569716
0 0.482 0.19940029985007496 0.284 0.17691154422788605
0 0.481 0.07196401799100449 0.294 0.1409295352323838
0 0.673 0.08020989505247376 0.086 0.16041979010494753
0 0.751 0.10494752623688156 0.066 0.15292353823088456
0 0.674 0.22188905547226387 0.092 0.1619190404797601
0 0.752 0.2331334332833583 0.064 0.13943028485757122
0 0.721 0.3583208395802099 0.126 0.12593703148425786
0 0.717 0.48575712143928035 0.126 0.12593703148425786
0 0.664 0.6199400299850075 0.084 0.1454272863568216
0 0.743 0.6004497751124438 0.074 0.13043478260869565
0 0.718 0.7256371814092953 0.128 0.15292353823088456
0 0.669 0.8740629685157422 0.078 0.1619190404797601
0 0.741 0.8350824587706147 0.066 0.13793103448275862
0 0.804 0.1454272863568216 0.04 0.12593703148425786
0 0.849 0.16041979010494753 0.05 0.1199400299850075
0 0.897 0.17841079460269865 0.05 0.11394302848575712
0 0.797 0.25787106446776614 0.026 0.11094452773613193
0 0.832 0.2631184407796102 0.052 0.10944527736131934
0 0.884 0.27211394302848574 0.052 0.10344827586206896
0 0.791 0.3650674662668666 0.022 0.10644677661169415
0 0.833 0.36806596701649175 0.062 0.10044977511244378
0 0.883 0.37031484257871067 0.042 0.095952023988006
0 0.801 0.4737631184407796 0.042 0.10794602698650675
0 0.861 0.4662668665667166 0.074 0.095952023988006
0 0.785 0.5764617691154422 0.01 0.09745127436281859
0 0.822 0.5689655172413793 0.064 0.10944527736131934
0 0.871 0.5584707646176912 0.034 0.0944527736131934
0 0.796 0.6754122938530734 0.032 0.11244377811094453
0 0.85 0.651424287856072 0.072 0.11244377811094453
0 0.851 0.7451274362818591 0.078 0.12293853073463268
0 0.794 0.775112443778111 0.036 0.11394302848575712
0 0.943 0.7061469265367316 0.114 0.1469265367316342
0 0.033 0.6356821589205397 0.066 0.06896551724137931
0 0.01 0.6941529235382309 0.02 0.050974512743628186
0 0.059 0.6896551724137931 0.09 0.09295352323838081
0 0.037 0.4512743628185907 0.074 0.09295352323838081
0 0.069 0.3995502248875562 0.05 0.049475262368815595
0 0.041 0.30434782608695654 0.078 0.050974512743628186
0 0.045 0.35157421289355323 0.086 0.05247376311844078
