0 0.815 0.28258426966292133 0.354 0.2595505617977528
0 0.986 0.3887640449438202 0.028 0.04269662921348315
0 0.791 0.47584269662921347 0.326 0.16741573033707866
0 0.967 0.46292134831460674 0.066 0.09662921348314607
0 0.954 0.6162921348314607 0.092 0.2348314606741573
0 0.935 0.7707865168539326 0.13 0.1752808988764045
0 0.763 0.6157303370786517 0.302 0.1393258426966292
0 0.485 0.5915730337078652 0.27 0.13595505617977527
0 0.496 0.46179775280898877 0.288 0.14831460674157304
0 0.492 0.3056179775280899 0.324 0.18202247191011237
0 0.523 0.1146067415730337 0.39 0.2202247191011236
0 0.164 0.11292134831460675 0.328 0.22359550561797753
0 0.171 0.298876404494382 0.322 0.17752808988764046
0 0.203 0.4550561797752809 0.302 0.14606741573033707
0 0.214 0.5848314606741573 0.272 0.13146067415730336
0 0.727 0.7280898876404495 0.274 0.11685393258426967
0 0.704 0.8224719101123595 0.248 0.10786516853932585
0 0.472 0.702808988764045 0.244 0.12022471910112359
0 0.465 0.803932584269663 0.23 0.1
0 0.223 0.6910112359550562 0.242 0.11235955056179775
0 0.237 0.7853932584269663 0.226 0.09887640449438202
0 0.133 0.9393258426966292 0.266 0.12134831460674157
