0 0.26 0.025714285714285714 0.165 0.05142857142857143
0 0.41375 0.05714285714285714 0.1425 0.11428571428571428
0 0.61625 0.06 0.2675 0.12
0 0.85625 0.05857142857142857 0.2175 0.11714285714285715
0 0.19125 0.12571428571428572 0.1175 0.15428571428571428
0 0.31375 0.08428571428571428 0.1225 0.07142857142857142
0 0.42 0.08285714285714285 0.09 0.06285714285714286
0 0.1225 0.26857142857142857 0.245 0.16
0 0.35375 0.23285714285714285 0.2025 0.23714285714285716
0 0.55 0.23 0.185 0.23714285714285716
0 0.73375 0.2342857142857143 0.1925 0.2342857142857143
0 0.91125 0.2342857142857143 0.1775 0.2342857142857143
0 0.08 0.4585714285714286 0.16 0.2257142857142857
0 0.30375 0.46 0.2925 0.22285714285714286
0 0.58375 0.46 0.2675 0.22285714285714286
0 0.85625 0.46 0.2875 0.22857142857142856
0 0.03375 0.6742857142857143 0.0675 0.21714285714285714
0 0.1625 0.6771428571428572 0.195 0.21142857142857144
0 0.36 0.6785714285714286 0.2 0.21428571428571427
0 0.545 0.6728571428571428 0.175 0.20857142857142857
0 0.72 0.6742857142857143 0.18 0.22285714285714286
0 0.90125 0.6842857142857143 0.1875 0.22
0 0.0875 0.88 0.175 0.21714285714285714
0 0.3225 0.8828571428571429 0.295 0.21714285714285714
0 0.59375 0.8857142857142857 0.2575 0.21714285714285714
0 0.85375 0.8914285714285715 0.2725 0.21142857142857144
