0 0.106 0.101 0.212 0.198
0 0.339 0.092 0.266 0.18
0 0.599 0.089 0.258 0.178
0 0.734 0.055 0.072 0.11
0 0.883 0.064 0.234 0.128
0 0.868 0.196 0.264 0.18
0 0.782 0.212 0.224 0.208
0 0.566 0.241 0.248 0.178
0 0.333 0.25 0.254 0.228
0 0.107 0.288 0.214 0.196
0 0.104 0.457 0.208 0.174
0 0.331 0.412 0.25 0.24
0 0.552 0.401 0.236 0.154
0 0.758 0.382 0.2 0.144
0 0.921 0.355 0.158 0.154
0 0.918 0.486 0.164 0.144
0 0.75 0.517 0.184 0.138
0 0.552 0.543 0.208 0.142
0 0.338 0.581 0.22 0.158
0 0.114 0.597 0.228 0.202
0 0.118 0.746 0.236 0.168
0 0.338 0.714 0.212 0.144
0 0.54 0.663 0.2 0.158
0 0.727 0.639 0.194 0.146
0 0.896 0.606 0.172 0.132
0 0.988 0.592 0.024 0.112
0 0.883 0.715 0.178 0.126
0 0.978 0.696 0.044 0.104
0 0.966 0.791 0.068 0.11
0 0.856 0.826 0.172 0.128
0 0.957 0.892 0.086 0.116
0 0.713 0.752 0.186 0.12
0 0.53 0.783 0.196 0.138
0 0.688 0.849 0.176 0.138
0 0.506 0.897 0.196 0.122
0 0.679 0.94 0.17 0.116
0 0.843 0.918 0.174 0.12
0 0.333 0.827 0.202 0.138
0 0.314 0.893 0.22 0.21
0 0.112 0.855 0.224 0.186
0 0.108 0.958 0.216 0.08
0 0.507 0.968 0.178 0.06
0 0.32 0.984 0.192 0.028
