0 0.013 0.009782608695652175 0.026 0.01956521739130435
0 0.087 0.007608695652173913 0.13 0.015217391304347827
0 0.011 0.15543478260869564 0.022 0.27608695652173915
0 0.114 0.16630434782608697 0.224 0.33260869565217394
0 0.333 0.16195652173913044 0.242 0.3239130434782609
0 0.106 0.508695652173913 0.212 0.3565217391304348
0 0.325 0.5021739130434782 0.262 0.3782608695652174
0 0.096 0.841304347826087 0.192 0.3130434782608696
0 0.316 0.8434782608695652 0.28 0.30869565217391304
0 0.591 0.1565217391304348 0.278 0.3130434782608696
0 0.598 0.5065217391304347 0.292 0.4
0 0.846 0.017391304347826087 0.244 0.034782608695652174
0 0.853 0.1815217391304348 0.258 0.33695652173913043
0 0.866 0.5195652173913043 0.268 0.3565217391304348
0 0.984 0.09130434782608696 0.032 0.1826086956521739
0 0.986 0.35543478260869565 0.024 0.3456521739130435
0 0.605 0.8434782608695652 0.298 0.30869565217391304
0 0.872 0.8434782608695652 0.256 0.30869565217391304
