0 0.382 0.43866666666666665 0.14 0.25333333333333335
0 0.517 0.43866666666666665 0.15 0.24266666666666667
0 0.384 0.6333333333333333 0.136 0.14666666666666667
0 0.646 0.284 0.204 0.24266666666666667
0 0.656 0.4746666666666667 0.144 0.15466666666666667
0 0.518 0.6253333333333333 0.128 0.14666666666666667
0 0.645 0.6173333333333333 0.134 0.14666666666666667
0 0.633 0.74 0.126 0.12533333333333332
0 0.514 0.7546666666666667 0.124 0.12266666666666666
0 0.389 0.756 0.126 0.13066666666666665
0 0.801 0.20933333333333334 0.194 0.12533333333333332
0 0.81 0.30266666666666664 0.152 0.07733333333333334
0 0.801 0.368 0.146 0.07466666666666667
0 0.796 0.432 0.144 0.06933333333333333
0 0.784 0.492 0.136 0.072
0 0.779 0.552 0.138 0.064
0 0.773 0.6066666666666667 0.138 0.06666666666666667
0 0.764 0.6546666666666666 0.132 0.07733333333333334
0 0.754 0.704 0.128 0.07466666666666667
0 0.752 0.7346666666666667 0.132 0.08266666666666667
0 0.925 0.4093333333333333 0.15 0.2
0 0.914 0.5506666666666666 0.156 0.11466666666666667
0 0.885 0.652 0.126 0.088
0 0.878 0.7266666666666667 0.132 0.104
