0 0.03 0.0481283422459893 0.06 0.0962566844919786
0 0.035 0.3355614973262032 0.07 0.4839572192513369
0 0.245 0.07085561497326204 0.35 0.14171122994652408
0 0.253 0.33689839572192515 0.342 0.3850267379679144
0 0.256 0.7165775401069518 0.332 0.37433155080213903
0 0.041 0.7352941176470589 0.078 0.48663101604278075
0 0.06 0.93048128342246 0.048 0.0962566844919786
0 0.263 0.9385026737967914 0.326 0.0748663101604278
0 0.591 0.3235294117647059 0.33 0.39572192513368987
0 0.591 0.06684491978609626 0.334 0.13368983957219252
0 0.878 0.3302139037433155 0.244 0.3716577540106952
0 0.882 0.07085561497326204 0.236 0.14171122994652408
0 0.879 0.6991978609625669 0.242 0.35561497326203206
0 0.593 0.7045454545454546 0.326 0.3770053475935829
0 0.589 0.929144385026738 0.318 0.09358288770053476
0 0.876 0.9278074866310161 0.248 0.10695187165775401
