0 0.09666666666666666 0.8666666666666667 0.19333333333333333 0.21333333333333335
0 0.2966666666666667 0.92 0.20666666666666667 0.16
0 0.09333333333333334 0.6833333333333333 0.18666666666666668 0.18
0 0.09333333333333334 0.48333333333333334 0.18666666666666668 0.20666666666666667
0 0.09 0.31 0.18 0.22
0 0.12 0.21 0.22666666666666666 0.19333333333333333
0 0.31 0.2833333333333333 0.20666666666666667 0.20666666666666667
0 0.5333333333333333 0.17666666666666667 0.22666666666666666 0.23333333333333334
0 0.30666666666666664 0.5066666666666667 0.2 0.21333333333333335
0 0.29333333333333333 0.73 0.21333333333333335 0.20666666666666667
0 0.52 0.8966666666666666 0.24 0.20666666666666667
0 0.5266666666666666 0.6533333333333333 0.22666666666666666 0.24
0 0.53 0.4166666666666667 0.22 0.23333333333333334
0 0.82 0.2633333333333333 0.3466666666666667 0.23333333333333334
0 0.8233333333333334 0.07333333333333333 0.34 0.14666666666666667
0 0.8233333333333334 0.5 0.34 0.24
0 0.8166666666666667 0.74 0.34 0.25333333333333335
0 0.8033333333333333 0.9266666666666666 0.34 0.14666666666666667
