0 0.556 0.1629129129129129 0.412 0.14564564564564564
0 0.552 0.39564564564564564 0.656 0.33183183183183185
0 0.331 0.7057057057057057 0.234 0.3033033033033033
0 0.559 0.7087087087087087 0.23 0.29429429429429427
0 0.786 0.7004504504504504 0.224 0.3048048048048048
0 0.577 0.9264264264264265 0.578 0.14714714714714713
0 0.912 0.17192192192192193 0.176 0.2747747747747748
0 0.932 0.38963963963963966 0.136 0.22372372372372373
0 0.93 0.6043543543543544 0.14 0.22072072072072071
0 0.804 0.19894894894894896 0.048 0.07357357357357357
0 0.771 0.21846846846846846 0.03 0.03453453453453453
