0 0.8627450980392157 0.3416230366492147 0.23529411764705882 0.07591623036649214
0 0.8627450980392157 0.4175392670157068 0.23529411764705882 0.07068062827225131
0 0.8627450980392157 0.4882198952879581 0.23529411764705882 0.07068062827225131
0 0.8627450980392157 0.5589005235602095 0.23529411764705882 0.07068062827225131
0 0.8627450980392157 0.6321989528795812 0.23529411764705882 0.07068062827225131
0 0.8578431372549019 0.7054973821989529 0.23529411764705882 0.07068062827225131
0 0.8578431372549019 0.7840314136125655 0.23529411764705882 0.07068062827225131
0 0.8578431372549019 0.8573298429319371 0.23529411764705882 0.07068062827225131
0 0.6176470588235294 0.8599476439790575 0.23529411764705882 0.07068062827225131
0 0.6176470588235294 0.7866492146596858 0.23529411764705882 0.07068062827225131
0 0.6176470588235294 0.7081151832460733 0.23529411764705882 0.07068062827225131
0 0.6176470588235294 0.6348167539267016 0.23529411764705882 0.07068062827225131
0 0.6176470588235294 0.5589005235602095 0.23529411764705882 0.07068062827225131
0 0.6176470588235294 0.4882198952879581 0.23529411764705882 0.06544502617801047
0 0.6225490196078431 0.41492146596858637 0.23529411764705882 0.06544502617801047
0 0.37745098039215685 0.41492146596858637 0.23529411764705882 0.06544502617801047
0 0.37745098039215685 0.4882198952879581 0.23529411764705882 0.07068062827225131
0 0.1323529411764706 0.4175392670157068 0.23529411764705882 0.06544502617801047
0 0.3799019607843137 0.5615183246073299 0.24019607843137256 0.07591623036649214
0 0.37745098039215685 0.637434554973822 0.24509803921568626 0.07591623036649214
0 0.37745098039215685 0.7120418848167539 0.23529411764705882 0.07329842931937172
0 0.37745098039215685 0.7853403141361257 0.24509803921568626 0.07329842931937172
0 0.37745098039215685 0.8586387434554974 0.24509803921568626 0.07329842931937172
0 0.375 0.9332460732984293 0.24019607843137256 0.07591623036649214
0 0.13480392156862744 0.4882198952879581 0.24019607843137256 0.07068062827225131
0 0.13480392156862744 0.56282722513089 0.24019607843137256 0.07329842931937172
0 0.13480392156862744 0.637434554973822 0.24019607843137256 0.07068062827225131
0 0.13480392156862744 0.7120418848167539 0.24019607843137256 0.07853403141361257
0 0.13480392156862744 0.7866492146596858 0.24019607843137256 0.07068062827225131
0 0.13725490196078433 0.8599476439790575 0.23529411764705882 0.07068062827225131
0 0.13725490196078433 0.930628272251309 0.23529411764705882 0.07068062827225131
