0 0.942 0.5740384615384615 0.084 0.14423076923076922
0 0.939 0.7105769230769231 0.086 0.1519230769230769
0 0.942 0.8375 0.092 0.1596153846153846
0 0.946 0.9413461538461538 0.092 0.10961538461538461
0 0.845 0.8846153846153846 0.098 0.18461538461538463
0 0.728 0.9182692307692307 0.136 0.16346153846153846
0 0.855 0.9644230769230769 0.094 0.0673076923076923
0 0.568 0.8346153846153846 0.172 0.25769230769230766
0 0.722 0.7788461538461539 0.14 0.20384615384615384
0 0.844 0.7403846153846154 0.104 0.17692307692307693
0 0.368 0.85 0.24 0.29615384615384616
0 0.455 0.6298076923076923 0.398 0.22884615384615384
0 0.722 0.6067307692307692 0.148 0.19423076923076923
0 0.848 0.5913461538461539 0.104 0.17115384615384616
0 0.133 0.6278846153846154 0.266 0.375
0 0.127 0.23461538461538461 0.254 0.39615384615384613
0 0.135 0.8846153846153846 0.258 0.22692307692307692
0 0.449 0.4096153846153846 0.39 0.2423076923076923
0 0.716 0.4201923076923077 0.148 0.19423076923076923
0 0.848 0.4230769230769231 0.112 0.17307692307692307
0 0.944 0.4307692307692308 0.088 0.15384615384615385
0 0.945 0.2826923076923077 0.082 0.16923076923076924
0 0.846 0.25384615384615383 0.116 0.19230769230769232
0 0.719 0.2230769230769231 0.15 0.21923076923076923
0 0.8636451612903225 0.09955541770057899 0.11929032258064512 0.19704301075268818
0 0.951 0.1291149710504549 0.082 0.1879239040529363
0 0.439 0.19797353184449956 0.41 0.3194375516956162
0 0.7313548387096773 0.07788461538461539 0.16236559139784948 0.15576923076923077
0 0.12060215053763439 0.04807692307692308 0.2376344086021505 0.09201819685690653
0 0.44049462365591396 0.07650951199338296 0.42580645161290326 0.1447477253928867
0 0.5426451612903225 0.9439619520264682 0.2451612903225806 0.10339123242349058
