0 0.15151515151515152 0.19318181818181818 0.30303030303030304 0.38636363636363635
0 0.5757575757575758 0.20909090909090908 0.5575757575757576 0.41818181818181815
0 0.9090909090909091 0.15454545454545454 0.18181818181818182 0.3090909090909091
0 0.896969696969697 0.45 0.20606060606060606 0.2909090909090909
0 0.8848484848484849 0.725 0.23030303030303031 0.2772727272727273
0 0.8818181818181818 0.9136363636363637 0.23636363636363636 0.17272727272727273
0 0.5181818181818182 0.884090909090909 0.4909090909090909 0.2318181818181818
0 0.5454545454545454 0.6204545454545455 0.509090909090909 0.4409090909090909
0 0.15151515151515152 0.5727272727272728 0.30303030303030304 0.39090909090909093
0 0.1484848484848485 0.8613636363636363 0.296969696969697 0.2772727272727273
