0 0.4727954971857411 0.06166666666666667 0.2026266416510319 0.12333333333333334
0 0.648217636022514 0.056666666666666664 0.15196998123827393 0.11333333333333333
0 0.6444652908067542 0.21833333333333332 0.14821763602251406 0.22333333333333333
0 0.6425891181988743 0.425 0.14446529080675422 0.22333333333333333
0 0.46810506566604126 0.23666666666666666 0.2045028142589118 0.23333333333333334
0 0.4709193245778612 0.43833333333333335 0.1951219512195122 0.25
0 0.21951219512195122 0.385 0.11632270168855535 0.22333333333333333
0 0.33771106941838647 0.6283333333333333 0.18761726078799248 0.33666666666666667
0 0.3433395872420263 0.835 0.20637898686679174 0.33
0 0.49624765478424016 0.6366666666666667 0.14446529080675422 0.21333333333333335
0 0.6332082551594747 0.615 0.1294559099437148 0.20333333333333334
0 0.6360225140712945 0.785 0.1275797373358349 0.20333333333333334
0 0.5075046904315197 0.8233333333333334 0.13696060037523453 0.22
