0 0.938 0.27586206896551724 0.124 0.09283819628647215
0 0.472 0.09681697612732096 0.656 0.19363395225464192
0 0.478 0.2480106100795756 0.644 0.1724137931034483
0 0.93 0.3673740053050398 0.14 0.09283819628647215
0 0.923 0.4582228116710875 0.154 0.08620689655172414
0 0.921 0.536472148541114 0.158 0.09151193633952255
0 0.916 0.6187002652519894 0.168 0.08620689655172414
0 0.918 0.6949602122015915 0.164 0.09018567639257294
0 0.917 0.769893899204244 0.166 0.09151193633952255
0 0.918 0.8421750663129973 0.164 0.09283819628647215
0 0.918 0.9131299734748011 0.164 0.09151193633952255
0 0.916 0.9681697612732095 0.168 0.0636604774535809
0 0.727 0.986737400530504 0.21 0.023872679045092837
0 0.731 0.9535809018567639 0.218 0.09018567639257294
0 0.73 0.8905835543766578 0.216 0.09681697612732096
0 0.727 0.8229442970822282 0.222 0.09151193633952255
0 0.723 0.7559681697612732 0.226 0.09549071618037135
0 0.724 0.6830238726790451 0.224 0.09283819628647215
0 0.724 0.6080901856763926 0.232 0.08885941644562334
0 0.728 0.5311671087533156 0.236 0.08885941644562334
0 0.744 0.3693633952254642 0.248 0.09151193633952255
0 0.734 0.45490716180371354 0.24 0.08753315649867374
0 0.525 0.9721485411140584 0.19 0.05305039787798409
0 0.527 0.9310344827586207 0.194 0.08222811671087533
0 0.522 0.8673740053050398 0.196 0.09018567639257294
0 0.517 0.8023872679045093 0.198 0.09018567639257294
0 0.514 0.7347480106100795 0.196 0.08222811671087533
0 0.507 0.6651193633952255 0.202 0.08355437665782493
0 0.505 0.5961538461538461 0.206 0.08355437665782493
0 0.505 0.5238726790450928 0.206 0.07957559681697612
0 0.509 0.4482758620689655 0.214 0.08222811671087533
0 0.507 0.3687002652519894 0.222 0.08488063660477453
0 0.296 0.3713527851458886 0.2 0.08222811671087533
0 0.108 0.3687002652519894 0.188 0.07161803713527852
0 0.116 0.4423076923076923 0.18 0.07294429708222812
0 0.304 0.44562334217506633 0.192 0.07692307692307693
0 0.304 0.5179045092838196 0.192 0.07559681697612732
0 0.123 0.5112732095490716 0.182 0.06763925729442971
0 0.308 0.5855437665782494 0.188 0.08090185676392574
0 0.131 0.5755968169761273 0.178 0.07427055702917772
0 0.312 0.653183023872679 0.188 0.07824933687002653
0 0.322 0.71684350132626 0.188 0.08090185676392574
0 0.139 0.6412466843501327 0.174 0.07294429708222812
0 0.144 0.7055702917771883 0.18 0.07957559681697612
0 0.153 0.7639257294429708 0.166 0.08222811671087533
0 0.327 0.78315649867374 0.182 0.07559681697612732
0 0.333 0.8454907161803713 0.182 0.08355437665782493
0 0.162 0.8249336870026526 0.168 0.07427055702917772
0 0.34 0.9058355437665783 0.176 0.07957559681697612
0 0.34 0.9615384615384616 0.176 0.07427055702917772
0 0.337 0.9900530503978779 0.146 0.01989389920424403
0 0.177 0.9761273209549072 0.162 0.04774535809018567
0 0.178 0.9396551724137931 0.156 0.07559681697612732
0 0.173 0.8852785145888594 0.158 0.07294429708222812
0 0.05 0.9860742705570292 0.1 0.027851458885941646
0 0.051 0.9529177718832891 0.102 0.05968169761273209
0 0.05 0.9045092838196287 0.1 0.0610079575596817
0 0.049 0.8574270557029178 0.098 0.05702917771883289
0 0.041 0.8063660477453581 0.082 0.0610079575596817
0 0.035 0.7526525198938993 0.07 0.05968169761273209
0 0.032 0.7015915119363395 0.064 0.058355437665782495
0 0.027 0.6425729442970822 0.054 0.05702917771883289
0 0.026 0.5862068965517241 0.052 0.0610079575596817
0 0.021 0.5265251989389921 0.042 0.058355437665782495
0 0.017 0.46485411140583555 0.034 0.0623342175066313
0 0.013 0.40450928381962864 0.026 0.0636604774535809
