0 0.11 0.15292353823088456 0.22 0.2098950524737631
0 0.392 0.1679160419790105 0.36 0.191904047976012
0 0.732 0.17766116941529236 0.32 0.18140929535232383
0 0.06 0.3523238380809595 0.12 0.191904047976012
0 0.243 0.35082458770614694 0.274 0.17991004497751126
0 0.494 0.34782608695652173 0.236 0.1679160419790105
0 0.726 0.3448275862068966 0.224 0.15592203898050974
0 0.849 0.3118440779610195 0.022 0.06596701649175413
0 0.686 0.49775112443778113 0.288 0.15892053973013492
0 0.371 0.5164917541229386 0.338 0.18440779610194902
0 0.106 0.5337331334332833 0.212 0.18590704647676162
0 0.06 0.7076461769115442 0.12 0.17691154422788605
0 0.275 0.6829085457271364 0.254 0.18140929535232383
0 0.517 0.656671664167916 0.218 0.1679160419790105
0 0.725 0.6349325337331334 0.198 0.15442278860569716
0 0.682 0.7781109445277361 0.272 0.17391304347826086
0 0.379 0.8223388305847077 0.334 0.19640179910044978
0 0.11 0.8515742128935532 0.22 0.20389805097451275
0 0.702 0.8845577211394303 0.184 0.12893553223388307
0 0.504 0.9272863568215892 0.216 0.1424287856071964
0 0.271 0.9460269865067467 0.254 0.10494752623688156
0 0.074 0.9632683658170914 0.148 0.0704647676161919
0 0.583 0.9445277361319341 0.326 0.10794602698650675
