0 0.817 0.9693333333333334 0.346 0.06133333333333333
0 0.474 0.952 0.292 0.096
0 0.2 0.924 0.244 0.152
0 0.741 0.8373333333333334 0.518 0.272
0 0.268 0.788 0.388 0.248
0 0.83 0.592 0.34 0.24
0 0.491 0.5933333333333334 0.298 0.232
0 0.195 0.572 0.27 0.21066666666666667
0 0.268 0.3626666666666667 0.408 0.21333333333333335
0 0.743 0.33466666666666667 0.514 0.264
0 0.825 0.11466666666666667 0.35 0.22933333333333333
0 0.503 0.12666666666666668 0.286 0.24266666666666667
0 0.217 0.13866666666666666 0.29 0.22933333333333333
0 0.038 0.18 0.076 0.22666666666666666
0 0.035 0.36933333333333335 0.07 0.184
0 0.03 0.5613333333333334 0.06 0.19466666666666665
0 0.038 0.7493333333333333 0.076 0.19733333333333333
0 0.043 0.912 0.086 0.176
