0 0.07346938775510205 0.10324483775811209 0.14285714285714285 0.18289085545722714
0 0.05102040816326531 0.2920353982300885 0.10204081632653061 0.1887905604719764
0 0.05102040816326531 0.4808259587020649 0.10204081632653061 0.19469026548672566
0 0.015306122448979591 0.6755162241887905 0.030612244897959183 0.19469026548672566
0 0.0836734693877551 0.6622418879056047 0.11020408163265306 0.2448377581120944
0 0.012244897959183673 0.8849557522123894 0.024489795918367346 0.23008849557522124
0 0.07959183673469387 0.8864306784660767 0.11836734693877551 0.22713864306784662
0 0.12244897959183673 0.2581120943952802 0.05714285714285714 0.20353982300884957
0 0.12346938775510204 0.44837758112094395 0.04693877551020408 0.1887905604719764
0 0.26224489795918365 0.12094395280235988 0.24693877551020407 0.24188790560471976
0 0.2642857142857143 0.3687315634218289 0.24693877551020407 0.30678466076696165
0 0.25816326530612244 0.6651917404129793 0.24285714285714285 0.30973451327433627
0 0.25 0.9026548672566371 0.25510204081632654 0.19469026548672566
0 0.4897959183673469 0.13126843657817108 0.21224489795918366 0.26253687315634217
0 0.4846938775510204 0.40117994100294985 0.21428571428571427 0.27728613569321536
0 0.4785714285714286 0.6814159292035398 0.21020408163265306 0.2890855457227139
0 0.4806122448979592 0.9100294985250738 0.21428571428571427 0.17404129793510326
0 0.6479591836734694 0.252212389380531 0.12857142857142856 0.15634218289085547
0 0.6836734693877551 0.42920353982300885 0.19183673469387755 0.23893805309734514
0 0.676530612244898 0.6696165191740413 0.19387755102040816 0.26548672566371684
0 0.6806122448979591 0.8952802359882006 0.19387755102040816 0.20353982300884957
0 0.8204081632653061 0.45427728613569324 0.09387755102040816 0.19469026548672566
0 0.8591836734693877 0.6755162241887905 0.1673469387755102 0.24778761061946902
0 0.8653061224489796 0.8952802359882006 0.17959183673469387 0.20353982300884957
0 0.8336734693877551 0.2669616519174041 0.05510204081632653 0.17994100294985252
0 0.9275510204081633 0.2374631268436578 0.14081632653061224 0.2743362831858407
0 0.9295918367346939 0.45132743362831856 0.14081632653061224 0.24188790560471976
0 0.9693877551020408 0.6858407079646017 0.05714285714285714 0.2448377581120944
0 0.9744897959183674 0.9011799410029498 0.05102040816326531 0.19174041297935104
