0 0.245 0.020247469066366704 0.278 0.04049493813273341
0 0.25 0.08548931383577053 0.284 0.10348706411698538
0 0.155 0.21372328458942633 0.31 0.15748031496062992
0 0.047 0.2992125984251969 0.05 0.015748031496062992
0 0.065 0.3560179977502812 0.13 0.1046119235095613
0 0.087 0.5202474690663667 0.174 0.24184476940382452
0 0.156 0.6231721034870641 0.06 0.04049493813273341
0 0.111 0.7767154105736783 0.222 0.28683914510686165
0 0.041 0.9150731158605174 0.082 0.16985376827896512
0 0.631 0.05061867266591676 0.502 0.10123734533183353
0 0.602 0.19460067491563554 0.584 0.23172103487064116
0 0.436 0.3025871766029246 0.756 0.30371203599550056
0 0.463 0.46400449943757033 0.67 0.2508436445444319
0 0.459 0.608548931383577 0.59 0.17097862767154107
0 0.437 0.8295838020247469 0.67 0.33858267716535434
0 0.376 0.967941507311586 0.668 0.06411698537682789
0 0.928 0.06242969628796401 0.144 0.12485939257592801
0 0.929 0.1889763779527559 0.142 0.13498312710911137
0 0.917 0.2688413948256468 0.162 0.07424071991001124
0 0.889 0.3841394825646794 0.222 0.17885264341957255
0 0.883 0.4898762654668167 0.234 0.07086614173228346
0 0.875 0.6107986501687289 0.25 0.27671541057367827
0 0.883 0.781214848143982 0.234 0.10236220472440945
0 0.857 0.9077615298087739 0.282 0.18222722159730034
