0 0.48 0.4008042895442359 0.104 0.1742627345844504
0 0.592 0.403485254691689 0.128 0.1903485254691689
0 0.723 0.403485254691689 0.15 0.2064343163538874
0 0.892 0.4155495978552279 0.208 0.23056300268096513
0 0.854 0.1836461126005362 0.244 0.2386058981233244
0 0.976 0.2158176943699732 0.032 0.20107238605898123
0 0.666 0.19839142091152814 0.176 0.21983914209115282
0 0.51 0.22654155495978553 0.136 0.20107238605898123
0 0.576 0.07238605898123325 0.136 0.128686327077748
0 0.766 0.05630026809651475 0.248 0.10723860589812333
0 0.649 0.599195710455764 0.174 0.21179624664879357
0 0.832 0.631367292225201 0.236 0.2546916890080429
0 0.505 0.5831099195710456 0.126 0.18498659517426275
0 0.833 0.8404825737265416 0.206 0.2546916890080429
0 0.944 0.792225201072386 0.036 0.1903485254691689
0 0.675 0.7949061662198391 0.142 0.21715817694369974
0 0.554 0.7627345844504021 0.104 0.19571045576407506
0 0.462 0.7372654155495979 0.088 0.1769436997319035
0 0.348 0.3914209115281501 0.164 0.16621983914209115
0 0.354 0.5563002680965148 0.136 0.16890080428954424
0 0.416 0.1487935656836461 0.072 0.1260053619302949
0 0.418 0.2546916890080429 0.052 0.13941018766756033
0 0.31 0.23190348525469168 0.164 0.16890080428954424
0 0.304 0.10991957104557641 0.156 0.13941018766756033
0 0.247 0.39544235924932974 0.098 0.20107238605898123
0 0.145 0.3780160857908847 0.122 0.2359249329758713
0 0.042 0.36863270777479895 0.084 0.26541554959785524
0 0.154 0.1876675603217158 0.124 0.225201072386059
0 0.221 0.2359249329758713 0.018 0.13404825737265416
0 0.047 0.13941018766756033 0.094 0.2520107238605898
0 0.03 0.628686327077748 0.06 0.26541554959785524
0 0.134 0.6179624664879356 0.16 0.2386058981233244
0 0.265 0.5951742627345844 0.106 0.1876675603217158
0 0.339 0.710455764075067 0.142 0.17158176943699732
0 0.218 0.7828418230563002 0.104 0.20911528150134048
0 0.088 0.8404825737265416 0.156 0.26005361930294907
0 0.977 0.6099195710455764 0.046 0.18498659517426275
