0 0.5159474671669794 0.6533333333333333 0.1425891181988743 0.49333333333333335
0 0.6388367729831145 0.655 0.16322701688555347 0.49666666666666665
0 0.7579737335834896 0.6483333333333333 0.18761726078799248 0.49
0 0.22326454033771106 0.7983333333333333 0.44652908067542213 0.33
0 0.8799249530956847 0.5483333333333333 0.2401500938086304 0.6166666666666667
0 0.8771106941838649 0.11833333333333333 0.24577861163227016 0.23666666666666666
0 0.6697936210131332 0.055 0.16885553470919323 0.11
0 0.5037523452157598 0.05333333333333334 0.16322701688555347 0.10666666666666667
0 0.6744840525328331 0.22166666666666668 0.17448405253283303 0.22333333333333333
0 0.6735459662288931 0.37166666666666665 0.1651031894934334 0.07
0 0.50093808630394 0.21833333333333332 0.17636022514071295 0.23
0 0.50187617260788 0.43666666666666665 0.17073170731707318 0.20666666666666667
0 0.32833020637898686 0.59 0.1726078799249531 0.08666666666666667
0 0.32645403377110693 0.435 0.17636022514071295 0.22333333333333333
0 0.3151969981238274 0.20833333333333334 0.1801125703564728 0.23
0 0.1125703564727955 0.20666666666666667 0.225140712945591 0.23333333333333334
0 0.11913696060037524 0.43666666666666665 0.23827392120075047 0.22
0 0.12101313320825516 0.6466666666666666 0.24202626641651032 0.19333333333333333
