0 0.13206349206349208 0.3378523414110603 0.09777777777777778 0.1423487544483986
0 0.1365079365079365 0.45873580749025594 0.09523809523809525 0.1355702423318082
0 0.14253968253968252 0.5700163814042818 0.09714285714285714 0.13218098627351296
0 0.09492063492063492 0.18307631474891262 0.0780952380952381 0.10845619386544653
0 0.33555555555555555 0.13280234988420045 0.15936507936507938 0.22482065186691522
0 0.4793650793650794 0.13223747387448456 0.13079365079365085 0.21917189176975652
0 0.587936507936508 0.13336722589391628 0.1282539682539682 0.21013387561430266
0 0.3441269841269841 0.3463254815567983 0.14984126984126983 0.22256114782805175
0 0.3431746031746032 0.5400779528893408 0.14158730158730157 0.2304694119640739
0 0.33650793650793653 0.7287465401344405 0.13841269841269843 0.22595040388634696
0 0.3311111111111111 0.8981810992487149 0.1326984126984127 0.19652036378015028
0 0.4796825396825397 0.3401118454499238 0.12634920634920638 0.20561486753657576
0 0.4714285714285714 0.5310399367338869 0.12126984126984126 0.2056148675365757
0 0.4653968253968254 0.7067163757555217 0.11682539682539686 0.20448511551714402
0 0.4558730158730159 0.872225046602271 0.11555555555555548 0.1943173473422584
0 0.5946031746031746 0.3237304411681636 0.10603174603174602 0.19092809128396315
0 0.5838095238095239 0.49771225216065074 0.1034920634920635 0.19544709936169014
0 0.5746031746031747 0.6683048070948426 0.10158730158730157 0.19544709936169008
0 0.5593650793650793 0.8236457097667063 0.09142857142857144 0.17398181099248725
0 0.6923809523809524 0.1294130938259052 0.13904761904761903 0.19770660340055357
0 0.6822222222222222 0.31186804496413034 0.0806349206349206 0.17850081907021412
0 0.648888888888889 0.7745014969214259 0.08507936507936506 0.16155453877873804
0 0.6657142857142858 0.6293283624244479 0.08571428571428566 0.17850081907021417
0 0.6765079365079366 0.4739874597525844 0.0806349206349206 0.17737106705078232
0 0.7914285714285715 0.1226345817093148 0.10603174603174602 0.18189007512850927
0 0.7479365079365079 0.29661639270180196 0.06222222222222217 0.17059255493419195
0 0.7561904761904762 0.4491329153250862 0.08634920634920638 0.1683330508953285
0 0.7441269841269841 0.5954358018414958 0.08126984126984133 0.17172230695362367
0 0.727936507936508 0.7315709201830197 0.08063492063492071 0.1525165226232842
0 0.8012698412698412 0.2875783765463481 0.06349206349206349 0.1638140428176015
0 0.8317460317460318 0.42823250296559906 0.07873015873015868 0.1559057786815794
0 0.8155555555555557 0.5728407614528611 0.07555555555555554 0.15590577868157934
0 0.800952380952381 0.6948539795514884 0.07555555555555554 0.13782974637067166
0 0.8704761904761906 0.12376433372874654 0.07365079365079362 0.1615545387787381
0 0.8533333333333334 0.2802349884200418 0.059682539682539754 0.15364627464271594
0 0.9022222222222221 0.2768457323617466 0.05968253968253964 0.15138677060385242
0 0.9028571428571429 0.4197593628198611 0.08888888888888892 0.15477602666214765
0 0.9317460317460318 0.12376433372874657 0.06793650793650795 0.15477602666214768
0 0.886984126984127 0.5530701011128059 0.08507936507936506 0.1525165226232842
0 0.8685714285714287 0.6733886911822855 0.07873015873015868 0.13105123425408116
0 0.9517460317460318 0.27063209625487206 0.05968253968253964 0.14573801050669383
0 0.9783650793650794 0.12093995368016722 0.03926984126984121 0.15138677060385244
0 0.959047619047619 0.407332090606112 0.04 0.13895949839010338
0 0.9419047619047619 0.5349940688018979 0.052698412698412765 0.13218098627351296
0 0.9282539682539683 0.645709766706208 0.060952380952380966 0.1118454499237417
