0 0.07096774193548387 0.07903225806451612 0.14193548387096774 0.15806451612903225
0 0.3258064516129032 0.12903225806451613 0.34838709677419355 0.25806451612903225
0 0.3209677419354839 0.3629032258064516 0.34516129032258064 0.3
0 0.07580645161290323 0.3 0.15161290322580645 0.3225806451612903
0 0.06774193548387097 0.6161290322580645 0.13548387096774195 0.3032258064516129
0 0.05806451612903226 0.8774193548387097 0.11612903225806452 0.24516129032258063
0 0.3016129032258065 0.6306451612903226 0.34516129032258064 0.25483870967741934
0 0.2838709677419355 0.8612903225806452 0.3419354838709677 0.27741935483870966
0 0.5564516129032258 0.04838709677419355 0.13225806451612904 0.0967741935483871
0 0.5596774193548387 0.1693548387096774 0.14516129032258066 0.18387096774193548
0 0.5451612903225806 0.34516129032258064 0.12258064516129032 0.16129032258064516
0 0.6451612903225806 0.3532258064516129 0.07741935483870968 0.16451612903225807
0 0.6612903225806451 0.18870967741935485 0.07741935483870968 0.17096774193548386
0 0.7 0.05806451612903226 0.16129032258064516 0.11612903225806452
0 0.817741935483871 0.07419354838709677 0.08709677419354839 0.05161290322580645
0 0.85 0.16612903225806452 0.3 0.20967741935483872
0 0.8403225806451613 0.3548387096774194 0.3193548387096774 0.17419354838709677
0 0.95 0.5403225806451613 0.1 0.19032258064516128
0 0.7951612903225806 0.5451612903225806 0.22258064516129034 0.21935483870967742
0 0.5983870967741935 0.55 0.25483870967741934 0.26129032258064516
0 0.7870967741935484 0.7435483870967742 0.16774193548387098 0.2161290322580645
0 0.917741935483871 0.7193548387096774 0.1064516129032258 0.1870967741935484
0 0.582258064516129 0.782258064516129 0.27419354838709675 0.26129032258064516
0 0.9096774193548387 0.8887096774193548 0.10967741935483871 0.1967741935483871
0 0.7677419354838709 0.9048387096774193 0.2064516129032258 0.19032258064516128
0 0.5596774193548387 0.9274193548387096 0.24193548387096775 0.14516129032258066
0 0.41774193548387095 0.9629032258064516 0.08064516129032258 0.07419354838709677
