0 0.838 0.17664670658682635 0.324 0.17964071856287425
0 0.901 0.3398203592814371 0.198 0.17664670658682635
0 0.93 0.5014970059880239 0.14 0.15269461077844312
0 0.745 0.5134730538922155 0.254 0.17065868263473055
0 0.873 0.655688622754491 0.222 0.17964071856287425
0 0.89 0.7844311377245509 0.144 0.16766467065868262
0 0.625 0.6826347305389222 0.302 0.25149700598802394
0 0.591 0.3068862275449102 0.438 0.24850299401197604
0 0.5 0.5344311377245509 0.256 0.2125748502994012
0 0.498 0.8892215568862275 0.228 0.20958083832335328
0 0.717 0.8248502994011976 0.222 0.18862275449101795
0 0.838 0.9131736526946108 0.224 0.17365269461077845
0 0.595 0.9416167664670658 0.282 0.11676646706586827
0 0.639 0.14221556886227546 0.09 0.1467065868263473
0 0.464 0.10778443113772455 0.276 0.19161676646706588
0 0.256 0.27994011976047906 0.512 0.3023952095808383
0 0.189 0.5344311377245509 0.374 0.2964071856287425
0 0.242 0.7739520958083832 0.484 0.3143712574850299
0 0.174 0.9221556886227545 0.348 0.15568862275449102
0 0.16667206477732793 0.08287473635724503 0.3271255060728745 0.16242818007709278
