0 0.033 0.16184971098265896 0.066 0.2023121387283237
0 0.108 0.1994219653179191 0.152 0.2254335260115607
0 0.238 0.2023121387283237 0.156 0.2254335260115607
0 0.372 0.20809248554913296 0.14 0.27167630057803466
0 0.498 0.2153179190751445 0.132 0.23410404624277456
0 0.628 0.21676300578034682 0.14 0.23699421965317918
0 0.752 0.21242774566473988 0.14 0.22254335260115607
0 0.877 0.2138728323699422 0.146 0.21965317919075145
0 0.964 0.20953757225433525 0.072 0.21676300578034682
0 0.105 0.4407514450867052 0.102 0.26878612716763006
0 0.057 0.47832369942196534 0.114 0.4421965317919075
0 0.207 0.430635838150289 0.162 0.24855491329479767
0 0.341 0.4320809248554913 0.154 0.2630057803468208
0 0.476 0.4523121387283237 0.144 0.2630057803468208
0 0.616 0.44942196531791906 0.14 0.25722543352601157
0 0.752 0.4523121387283237 0.148 0.25722543352601157
0 0.889 0.4523121387283237 0.162 0.2745664739884393
0 0.969 0.45375722543352603 0.062 0.27167630057803466
0 0.069 0.7543352601156069 0.138 0.37572254335260113
0 0.197 0.7528901734104047 0.23 0.407514450867052
0 0.332 0.7528901734104047 0.192 0.407514450867052
0 0.469 0.7687861271676301 0.158 0.3815028901734104
0 0.618 0.7658959537572254 0.168 0.3872832369942196
0 0.748 0.7687861271676301 0.208 0.3930635838150289
0 0.879 0.7702312138728323 0.242 0.37283236994219654
0 0.933 0.773121387283237 0.134 0.3670520231213873
