0 0.25 0.10064935064935066 0.5 0.19480519480519481
0 0.2564516129032258 0.2824675324675325 0.4870967741935484 0.18831168831168832
0 0.2532258064516129 0.46915584415584416 0.4806451612903226 0.18506493506493507
0 0.2645161290322581 0.6266233766233766 0.4838709677419355 0.21428571428571427
0 0.2725806451612903 0.814935064935065 0.4612903225806452 0.16883116883116883
0 0.2725806451612903 0.9448051948051948 0.4612903225806452 0.1038961038961039
0 0.7370967741935484 0.952922077922078 0.45483870967741935 0.09415584415584416
0 0.7467741935483871 0.827922077922078 0.47419354838709676 0.18181818181818182
0 0.7467741935483871 0.650974025974026 0.4806451612903226 0.21753246753246752
0 0.7467741935483871 0.4837662337662338 0.4935483870967742 0.2012987012987013
0 0.75 0.30194805194805197 0.5 0.19480519480519481
0 0.7467741935483871 0.12337662337662338 0.5 0.22077922077922077
