0 0.07619999999999999 0.1205 0.152 0.23900000000000002
0 0.2631 0.11933333333333335 0.22500000000000003 0.23733333333333334
0 0.49069999999999997 0.12233333333333332 0.23219999999999993 0.24400000000000002
0 0.7218 0.125 0.22919999999999993 0.25
0 0.917 0.12333333333333334 0.162 0.24666666666666667
0 0.9168999999999999 0.3815 0.16220000000000004 0.2703333333333333
0 0.7207 0.3805 0.22780000000000006 0.2663333333333333
0 0.4919 0.3745 0.22979999999999995 0.2656666666666666
0 0.26920000000000005 0.36283333333333334 0.21680000000000002 0.2656666666666666
0 0.08170000000000001 0.3655 0.1626 0.255
0 0.0828 0.6170000000000001 0.16479999999999997 0.24800000000000003
0 0.271 0.6226666666666667 0.2172 0.25866666666666666
0 0.4924 0.6308333333333334 0.2292 0.2623333333333333
0 0.72 0.6388333333333334 0.23 0.26100000000000007
0 0.9132 0.6383333333333333 0.16960000000000003 0.27666666666666667
0 0.909 0.8836666666666667 0.178 0.22600000000000003
0 0.7138 0.8779999999999999 0.22880000000000006 0.23733333333333329
0 0.49210000000000004 0.8770000000000001 0.221 0.23933333333333337
0 0.2737 0.8691666666666666 0.2166 0.2543333333333333
0 0.0858 0.8578333333333334 0.17079999999999998 0.2450000000000001
0 0.086 0.9816666666666667 0.172 0.03
0 0.2769 0.9891666666666666 0.2102 0.015
