0 0.12727272727272726 0.0659090909090909 0.2545454545454545 0.1318181818181818
0 0.4659090909090909 0.0659090909090909 0.29545454545454547 0.1318181818181818
0 0.7181818181818181 0.075 0.20909090909090908 0.12272727272727273
0 0.9113636363636364 0.075 0.17727272727272728 0.12272727272727273
0 0.10909090909090909 0.20681818181818182 0.21818181818181817 0.1590909090909091
0 0.3 0.20227272727272727 0.20909090909090908 0.1590909090909091
0 0.5022727272727273 0.19772727272727272 0.19545454545454546 0.15
0 0.7454545454545455 0.19772727272727272 0.2909090909090909 0.1318181818181818
0 0.9409090909090909 0.19772727272727272 0.11818181818181818 0.12272727272727273
0 0.20227272727272727 0.36818181818181817 0.35909090909090907 0.19090909090909092
0 0.022727272727272728 0.3613636363636364 0.045454545454545456 0.15
0 0.5068181818181818 0.35454545454545455 0.29545454545454547 0.17272727272727273
0 0.7522727272727273 0.3340909090909091 0.19545454545454546 0.15
0 0.9204545454545454 0.325 0.1590909090909091 0.1409090909090909
0 0.175 0.5386363636363637 0.2590909090909091 0.17727272727272728
0 0.4022727272727273 0.5159090909090909 0.22272727272727272 0.16818181818181818
0 0.6068181818181818 0.49318181818181817 0.19545454545454546 0.1590909090909091
0 0.8272727272727273 0.4636363636363636 0.2545454545454545 0.14545454545454545
0 0.975 0.45227272727272727 0.05 0.1318181818181818
0 0.19090909090909092 0.7795454545454545 0.2545454545454545 0.2772727272727273
0 0.27954545454545454 0.6772727272727272 0.31363636363636366 0.18181818181818182
0 0.1 0.6681818181818182 0.05454545454545454 0.08181818181818182
0 0.5590909090909091 0.6318181818181818 0.2636363636363636 0.16363636363636364
0 0.7727272727272727 0.6 0.17272727272727273 0.14545454545454545
0 0.9272727272727272 0.5818181818181818 0.14545454545454545 0.12727272727272726
0 0.40454545454545454 0.7886363636363637 0.2 0.16818181818181818
0 0.5886363636363636 0.75 0.17727272727272728 0.15454545454545454
0 0.7840909090909091 0.7181818181818181 0.21363636363636362 0.14545454545454545
0 0.9454545454545454 0.6840909090909091 0.10909090909090909 0.12272727272727273
0 0.25 0.925 0.3181818181818182 0.15
0 0.5477272727272727 0.875 0.2409090909090909 0.16818181818181818
0 0.7863636363636364 0.8272727272727273 0.23636363636363636 0.15454545454545454
0 0.9454545454545454 0.7886363636363637 0.10909090909090909 0.12272727272727273
0 0.42045454545454547 0.9590909090909091 0.16818181818181818 0.08181818181818182
0 0.5863636363636363 0.9522727272727273 0.17272727272727273 0.09545454545454546
0 0.8 0.925 0.21818181818181817 0.15
0 0.9522727272727273 0.8931818181818182 0.09545454545454546 0.1318181818181818
0 0.7568181818181818 0.9886363636363636 0.09545454545454546 0.022727272727272728
0 0.9045454545454545 0.9659090909090909 0.19090909090909092 0.06818181818181818
