0 0.20970542635658912 0.14005167958656328 0.34728682170542635 0.17260981912144704
0 0.18606201550387597 0.34625322997416025 0.2534883720930233 0.25219638242894055
0 0.16396899224806202 0.5410852713178295 0.26046511627906976 0.15193798449612406
0 0.09575193798449612 0.7953488372093023 0.09302325581395349 0.3875968992248063
0 0.19420155038759687 0.8030594315245477 0.10232558139534882 0.3885478036175711
0 0.29762015503875966 0.8071937984496125 0.10324031007751938 0.38027906976744186
0 0.4507906976744186 0.5540051679586563 0.31937984496124033 0.1798449612403101
0 0.453891472868217 0.3405684754521964 0.28062015503875964 0.2656330749354005
0 0.527922480620155 0.10439276485788114 0.29844961240310075 0.20878552971576228
0 0.7527286821705426 0.34108527131782945 0.3294573643410852 0.29147286821705426
0 0.7767596899224806 0.5751937984496124 0.35891472868217056 0.19948320413436696
0 0.3995581395348838 0.8092609819121447 0.10866666666666663 0.3761447028423773
0 0.5080852713178294 0.8139121447028423 0.12417054263565888 0.36684237726098196
0 0.6322015503875968 0.8232144702842378 0.13640310077519383 0.34823772609819126
0 0.7616434108527131 0.8268320413436692 0.14728682170542629 0.34100258397932814
0 0.8966356589147286 0.8288992248062015 0.1532713178294573 0.3368682170542636
