0 0.4989733059548255 0.2276923076923077 0.21765913757700206 0.06769230769230769
0 0.46098562628336753 0.30615384615384617 0.1457905544147844 0.15384615384615385
0 0.6016427104722792 0.30153846153846153 0.1601642710472279 0.16615384615384615
0 0.7679671457905544 0.29307692307692307 0.18480492813141683 0.18615384615384614
0 0.9250513347022588 0.28692307692307695 0.14989733059548255 0.19846153846153847
0 0.917864476386037 0.4807692307692308 0.16427104722792607 0.18923076923076923
0 0.9065708418891171 0.6638461538461539 0.1868583162217659 0.2076923076923077
0 0.7546201232032854 0.4707692307692308 0.1868583162217659 0.1753846153846154
0 0.5944558521560575 0.4623076923076923 0.1540041067761807 0.15846153846153846
0 0.4486652977412731 0.45384615384615384 0.14989733059548255 0.1476923076923077
0 0.7340862422997947 0.6369230769230769 0.1868583162217659 0.18461538461538463
0 0.5698151950718686 0.6146153846153846 0.162217659137577 0.17076923076923076
0 0.433264887063655 0.5923076923076923 0.13552361396303902 0.15076923076923077
0 0.8921971252566735 0.8315384615384616 0.21560574948665298 0.20461538461538462
0 0.7084188911704312 0.7992307692307692 0.1806981519507187 0.19538461538461538
0 0.5492813141683778 0.7615384615384615 0.15811088295687886 0.17846153846153845
0 0.4209445585215606 0.73 0.13141683778234087 0.1646153846153846
0 0.3408624229979466 0.3230769230769231 0.10677618069815195 0.11692307692307692
0 0.26591375770020537 0.3423076923076923 0.043121149897330596 0.07538461538461538
0 0.32854209445585214 0.4323076923076923 0.10677618069815195 0.10461538461538461
0 0.2135523613963039 0.42846153846153845 0.1273100616016427 0.1
0 0.3295687885010267 0.5346153846153846 0.09240246406570841 0.10923076923076923
0 0.23100616016427106 0.5261538461538462 0.10472279260780287 0.1076923076923077
0 0.13963039014373715 0.5130769230769231 0.08624229979466119 0.09692307692307692
0 0.3069815195071869 0.6307692307692307 0.12114989733059549 0.1076923076923077
0 0.3141683778234086 0.7376923076923076 0.0944558521560575 0.1276923076923077
0 0.2299794661190965 0.6684615384615384 0.13552361396303902 0.02923076923076923
0 0.13141683778234087 0.6530769230769231 0.1437371663244353 0.047692307692307694
0 0.18480492813141683 0.6084615384615385 0.13552361396303902 0.10307692307692308
0 0.17248459958932238 0.7561538461538462 0.25051334702258726 0.18307692307692308
0 0.023613963039014373 0.7469230769230769 0.04722792607802875 0.05692307692307692
0 0.16940451745379878 0.8553846153846154 0.33880903490759756 0.18461538461538463
0 0.11498973305954825 0.926923076923077 0.2299794661190965 0.14615384615384616
0 0.08008213552361396 0.8492307692307692 0.1601642710472279 0.08615384615384615
0 0.29876796714579057 0.9446153846153846 0.06365503080082136 0.09230769230769231
0 0.24743326488706366 0.9646153846153847 0.043121149897330596 0.06769230769230769
0 0.2926078028747433 0.9892307692307692 0.043121149897330596 0.021538461538461538
0 0.38501026694045176 0.9561538461538461 0.12525667351129363 0.08461538461538462
0 0.40143737166324434 0.8676923076923077 0.1375770020533881 0.16307692307692306
0 0.5369609856262834 0.9061538461538462 0.1540041067761807 0.18153846153846154
0 0.6817248459958932 0.9284615384615384 0.15605749486652978 0.14307692307692307
0 0.4887063655030801 0.9761538461538461 0.2135523613963039 0.047692307692307694
0 0.7032854209445585 0.9853846153846154 0.10882956878850103 0.02923076923076923
0 0.795687885010267 0.9507692307692308 0.22792607802874743 0.09846153846153846
0 0.9260780287474333 0.943076923076923 0.14784394250513347 0.11384615384615385
