0 0.134 0.13793103448275862 0.264 0.27586206896551724
0 0.131 0.49400299850074963 0.262 0.4362818590704648
0 0.264 0.4062968515742129 0.06 0.25787106446776614
0 0.418 0.3988005997001499 0.28 0.25487256371814093
0 0.397 0.136431784107946 0.298 0.2698650674662669
0 0.717 0.13568215892053972 0.326 0.27136431784107945
0 0.927 0.272863568215892 0.146 0.17691154422788605
0 0.923 0.4287856071964018 0.15 0.19790104947526238
0 0.914 0.5517241379310345 0.172 0.17991004497751126
0 0.908 0.6709145427286357 0.184 0.19640179910044978
0 0.902 0.7863568215892054 0.196 0.19640179910044978
0 0.935 0.9400299850074962 0.13 0.10494752623688156
0 0.053 0.8245877061469266 0.106 0.34782608695652173
0 0.107 0.9655172413793104 0.086 0.06896551724137931
0 0.179 0.7743628185907047 0.214 0.4482758620689655
0 0.381 0.8710644677661169 0.334 0.25487256371814093
0 0.424 0.6356821589205397 0.244 0.2128935532233883
0 0.695 0.6454272863568216 0.254 0.20839580209895053
0 0.736 0.8755622188905547 0.344 0.24587706146926536
0 0.712 0.4062968515742129 0.308 0.2698650674662669
