0 0.027 0.292 0.054 0.144
0 0.081 0.262 0.054 0.168
0 0.14 0.239 0.072 0.19
0 0.214 0.211 0.084 0.218
0 0.358 0.178 0.228 0.252
0 0.349 0.391 0.218 0.226
0 0.206 0.399 0.076 0.194
0 0.137 0.408 0.066 0.172
0 0.078 0.413 0.056 0.158
0 0.028 0.423 0.056 0.138
0 0.324 0.603 0.252 0.218
0 0.159 0.586 0.102 0.184
0 0.079 0.573 0.062 0.162
0 0.024 0.56 0.048 0.144
0 0.316 0.806 0.248 0.248
0 0.148 0.756 0.108 0.208
0 0.078 0.722 0.068 0.172
0 0.026 0.695 0.048 0.154
0 0.324 0.94 0.232 0.116
0 0.177 0.918 0.098 0.16
0 0.107 0.903 0.074 0.19
0 0.062 0.867 0.06 0.186
0 0.547 0.628 0.218 0.24
0 0.544 0.851 0.224 0.282
0 0.824 0.664 0.352 0.296
0 0.815 0.88 0.37 0.236
0 0.8 0.386 0.392 0.292
0 0.537 0.392 0.174 0.232
0 0.551 0.166 0.178 0.256
0 0.811 0.142 0.378 0.284
0 0.5229278350515465 0.9587628865979382 0.1649484536082474 0.08041237113402053
