0 0.264 0.013033175355450236 0.144 0.026066350710900472
0 0.177 0.1362559241706161 0.354 0.2725118483412322
0 0.192 0.38507109004739337 0.384 0.3056872037914692
0 0.195 0.6883886255924171 0.39 0.31516587677725116
0 0.204 0.9063981042654028 0.404 0.1872037914691943
0 0.444 0.05924170616113744 0.204 0.11848341232227488
0 0.632 0.06872037914691943 0.184 0.13744075829383887
0 0.8 0.08056872037914692 0.168 0.16113744075829384
0 0.936 0.08886255924170616 0.128 0.17772511848341233
0 0.457 0.2132701421800948 0.214 0.23696682464454977
0 0.655 0.23222748815165878 0.198 0.21800947867298578
0 0.829 0.25 0.178 0.2014218009478673
0 0.952 0.26066350710900477 0.096 0.1943127962085308
0 0.483 0.4419431279620853 0.206 0.23933649289099526
0 0.677 0.44075829383886256 0.202 0.22274881516587677
0 0.854 0.4466824644549763 0.18 0.20616113744075829
0 0.965 0.4561611374407583 0.07 0.1966824644549763
0 0.493 0.6800947867298578 0.214 0.24644549763033174
0 0.692 0.6682464454976303 0.204 0.23696682464454977
0 0.872 0.6575829383886256 0.184 0.22037914691943128
0 0.975 0.6528436018957346 0.05 0.2014218009478673
0 0.501 0.8933649289099526 0.218 0.20853080568720378
0 0.706 0.8862559241706162 0.208 0.22748815165876776
0 0.891 0.8755924170616114 0.194 0.24407582938388625
0 0.986 0.8601895734597157 0.028 0.2132701421800948
