0 0.033 0.13333333333333333 0.066 0.24347826086956523
0 0.036 0.3884057971014493 0.072 0.25507246376811593
0 0.032 0.6507246376811594 0.064 0.2579710144927536
0 0.027 0.8898550724637682 0.054 0.22028985507246376
0 0.198 0.06376811594202898 0.256 0.12753623188405797
0 0.453 0.06376811594202898 0.258 0.12753623188405797
0 0.709 0.06956521739130435 0.254 0.1391304347826087
0 0.918 0.07101449275362319 0.164 0.14202898550724638
0 0.92 0.2217391304347826 0.16 0.1826086956521739
0 0.717 0.2246376811594203 0.25 0.17101449275362318
0 0.459 0.22318840579710145 0.262 0.1855072463768116
0 0.197 0.22318840579710145 0.262 0.1855072463768116
0 0.303 0.4666666666666667 0.474 0.3072463768115942
0 0.293 0.7869565217391304 0.478 0.3159420289855073
0 0.305 0.972463768115942 0.478 0.05507246376811594
0 0.776 0.9768115942028985 0.448 0.0463768115942029
0 0.771 0.7942028985507247 0.458 0.33043478260869563
0 0.772 0.463768115942029 0.456 0.32463768115942027
