0 0.018 0.22 0.036 0.296
0 0.027 0.5013333333333333 0.05 0.26666666666666666
0 0.04 0.7306666666666667 0.076 0.288
0 0.053 0.908 0.106 0.17866666666666667
0 0.193 0.9306666666666666 0.214 0.13333333333333333
0 0.166 0.744 0.24 0.25066666666666665
0 0.141 0.47733333333333333 0.25 0.304
0 0.142 0.16666666666666666 0.244 0.3333333333333333
0 0.389 0.16933333333333334 0.25 0.33866666666666667
0 0.372 0.48133333333333334 0.24 0.30133333333333334
0 0.386 0.7493333333333333 0.236 0.256
0 0.391 0.936 0.21 0.128
0 0.603 0.9266666666666666 0.214 0.14666666666666667
0 0.81 0.944 0.228 0.112
0 0.618 0.772 0.224 0.248
0 0.836 0.7653333333333333 0.24 0.25066666666666665
0 0.866 0.5053333333333333 0.26 0.2853333333333333
0 0.62 0.48533333333333334 0.248 0.3253333333333333
0 0.637 0.18133333333333335 0.262 0.3626666666666667
0 0.854 0.18533333333333332 0.292 0.37066666666666664
0 0.87 0.02266666666666667 0.26 0.04533333333333334
