0 0.18863636363636363 0.08181818181818182 0.3409090909090909 0.16363636363636364
0 0.18636363636363637 0.3340909090909091 0.32727272727272727 0.39545454545454545
0 0.17272727272727273 0.6772727272727272 0.3 0.3181818181818182
0 0.1590909090909091 0.9159090909090909 0.2727272727272727 0.16818181818181818
0 0.5227272727272727 0.09318181818181819 0.33636363636363636 0.18636363636363637
0 0.4909090909090909 0.35454545454545455 0.33636363636363636 0.37272727272727274
0 0.45227272727272727 0.6863636363636364 0.30454545454545456 0.3090909090909091
0 0.425 0.9159090909090909 0.2772727272727273 0.16818181818181818
0 0.8318181818181818 0.10909090909090909 0.33636363636363636 0.21818181818181817
0 0.7795454545454545 0.375 0.3409090909090909 0.35909090909090907
0 0.7136363636363636 0.6931818181818182 0.3090909090909091 0.29545454545454547
0 0.6795454545454546 0.9181818181818182 0.2590909090909091 0.16363636363636364
0 0.9340909090909091 0.36818181818181817 0.1318181818181818 0.37272727272727274
0 0.9045454545454545 0.6954545454545454 0.19090909090909092 0.2818181818181818
0 0.8886363636363637 0.9181818181818182 0.22272727272727272 0.16363636363636364
