0 0.127 0.36133333333333334 0.186 0.168
0 0.312 0.3546666666666667 0.192 0.192
0 0.349 0.17733333333333334 0.162 0.168
0 0.507 0.25466666666666665 0.162 0.16266666666666665
0 0.071 0.5626666666666666 0.142 0.176
0 0.06 0.7506666666666667 0.12 0.232
0 0.25 0.5493333333333333 0.22 0.208
0 0.458 0.564 0.236 0.2
0 0.499 0.4013333333333333 0.218 0.136
0 0.692 0.21866666666666668 0.208 0.18666666666666668
0 0.712 0.38266666666666665 0.204 0.17866666666666667
0 0.69 0.564 0.236 0.18933333333333333
0 0.903 0.5826666666666667 0.19 0.14666666666666667
0 0.904 0.444 0.192 0.136
0 0.887 0.2866666666666667 0.174 0.17333333333333334
0 0.891 0.14133333333333334 0.182 0.14933333333333335
0 0.9 0.76 0.18 0.22933333333333333
0 0.735 0.9373333333333334 0.186 0.12
0 0.852 0.908 0.064 0.06133333333333333
0 0.843 0.828 0.042 0.09866666666666667
0 0.733 0.7706666666666667 0.174 0.224
0 0.563 0.768 0.174 0.21866666666666668
0 0.391 0.764 0.174 0.22133333333333333
0 0.233 0.72 0.178 0.144
0 0.132 0.72 0.076 0.14933333333333335
0 0.142 0.892 0.232 0.216
0 0.296 0.8786666666666667 0.18 0.24266666666666667
0 0.613 0.9373333333333334 0.066 0.12
0 0.491 0.8773333333333333 0.226 0.24533333333333332
