0 0.111 0.27061469265367316 0.222 0.22638680659670166
0 0.121 0.46101949025487254 0.242 0.15442278860569716
0 0.121 0.6131934032983508 0.242 0.17991004497751126
0 0.108 0.7668665667166417 0.216 0.16941529235382308
0 0.117 0.9092953523238381 0.234 0.17841079460269865
0 0.304 0.9602698650674663 0.148 0.07646176911544228
0 0.302 0.8515742128935532 0.18 0.19790104947526238
0 0.308 0.6866566716641679 0.184 0.19790104947526238
0 0.32 0.2848575712143928 0.232 0.22488755622188905
0 0.285 0.09745127436281859 0.302 0.19490254872563717
0 0.49 0.9587706146926537 0.224 0.08245877061469266
0 0.492 0.8905547226386806 0.224 0.15892053973013492
0 0.508 0.7593703148425787 0.232 0.1634182908545727
0 0.514 0.6289355322338831 0.228 0.1454272863568216
0 0.526 0.48650674662668664 0.228 0.16041979010494753
0 0.558 0.3568215892053973 0.264 0.191904047976012
0 0.547 0.18365817091454273 0.226 0.17841079460269865
0 0.557 0.08020989505247376 0.246 0.16041979010494753
0 0.68 0.8853073463268366 0.164 0.15742128935532235
0 0.69 0.7653673163418291 0.168 0.1454272863568216
0 0.704 0.6424287856071964 0.164 0.1424287856071964
0 0.72 0.5112443778110944 0.172 0.13193403298350825
0 0.734 0.3748125937031484 0.168 0.1409295352323838
0 0.742 0.2368815592203898 0.188 0.15292353823088456
0 0.805 0.09895052473763119 0.102 0.15892053973013492
0 0.837 0.8598200899550225 0.17 0.136431784107946
0 0.849 0.7518740629685158 0.174 0.13343328335832083
0 0.863 0.6394302848575713 0.178 0.1184407796101949
0 0.878 0.5314842578710645 0.184 0.12143928035982009
0 0.894 0.4122938530734633 0.18 0.12593703148425786
0 0.906 0.2856071964017991 0.184 0.13943028485757122
0 0.915 0.14917541229385306 0.17 0.16941529235382308
0 0.912 0.04422788605697151 0.176 0.08845577211394302
0 0.3292413793103448 0.49785452101535443 0.18068965517241384 0.20782712092229752
