0 0.195 0.8808139534883721 0.25 0.23837209302325582
0 0.425 0.8691860465116279 0.202 0.2616279069767442
0 0.604 0.8633720930232558 0.188 0.27325581395348836
0 0.75 0.8546511627906976 0.132 0.29069767441860467
0 0.89 0.8662790697674418 0.156 0.26744186046511625
0 0.918 0.8386627906976745 0.164 0.3226744186046512
0 0.237 0.561046511627907 0.306 0.5465116279069767
0 0.455 0.5174418604651163 0.214 0.48255813953488375
0 0.628 0.5319767441860465 0.172 0.4476744186046512
0 0.759 0.5348837209302325 0.114 0.38953488372093026
0 0.87 0.5116279069767442 0.156 0.38372093023255816
0 0.971 0.498546511627907 0.058 0.35174418604651164
0 0.96 0.14825581395348839 0.08 0.29651162790697677
0 0.864 0.14825581395348839 0.128 0.29651162790697677
0 0.719 0.1613372093023256 0.174 0.3226744186046512
0 0.56 0.14825581395348839 0.184 0.29651162790697677
0 0.377 0.13226744186046513 0.182 0.26453488372093026
0 0.166 0.17296511627906977 0.248 0.34593023255813954
0 0.048 0.436046511627907 0.096 0.3023255813953488
0 0.025 0.13517441860465115 0.05 0.2703488372093023
