0 0.73625 0.2783333333333333 0.2625 0.29
0 0.7425 0.06666666666666667 0.295 0.13333333333333333
0 0.735 0.535 0.245 0.27
0 0.72 0.775 0.225 0.21666666666666667
0 0.715 0.9366666666666666 0.21 0.12666666666666668
0 0.5 0.9216666666666666 0.22 0.15666666666666668
0 0.49125 0.7466666666666667 0.2275 0.21333333333333335
0 0.48875 0.5233333333333333 0.2475 0.24
0 0.4675 0.26666666666666666 0.265 0.28
0 0.46125 0.06666666666666667 0.2775 0.13333333333333333
0 0.19125 0.06833333333333333 0.2775 0.13666666666666666
0 0.20375 0.265 0.2925 0.27666666666666667
0 0.23 0.52 0.265 0.24666666666666667
0 0.26625 0.74 0.2375 0.21333333333333335
0 0.275 0.9216666666666666 0.215 0.15666666666666668
