0 0.685 0.49105145413870244 0.178 0.3243847874720358
0 0.869 0.47651006711409394 0.178 0.3131991051454139
0 0.877 0.796420581655481 0.182 0.3221476510067114
0 0.694 0.8154362416107382 0.176 0.3288590604026846
0 0.501 0.49776286353467564 0.182 0.319910514541387
0 0.313 0.5055928411633109 0.178 0.31767337807606266
0 0.131 0.49440715883668906 0.174 0.3131991051454139
0 0.149 0.8243847874720358 0.17 0.31543624161073824
0 0.327 0.831096196868009 0.182 0.319910514541387
0 0.511 0.8221476510067114 0.186 0.31543624161073824
0 0.889 0.16331096196868009 0.178 0.3042505592841163
0 0.709 0.1610738255033557 0.186 0.29977628635346754
0 0.529 0.17785234899328858 0.182 0.30201342281879195
0 0.334 0.18568232662192394 0.212 0.3221476510067114
0 0.121 0.18232662192393737 0.206 0.31543624161073824
