0 0.05296610169491525 0.33238636363636365 0.1059322033898305 0.2215909090909091
0 0.05296610169491525 0.11079545454545454 0.1059322033898305 0.2215909090909091
0 0.17584745762711865 0.11647727272727272 0.1483050847457627 0.23295454545454544
0 0.17584745762711865 0.3352272727272727 0.13983050847457626 0.2159090909090909
0 0.3199152542372881 0.33238636363636365 0.1483050847457627 0.23295454545454544
0 0.326271186440678 0.11079545454545454 0.15254237288135594 0.2215909090909091
0 0.4851694915254237 0.11079545454545454 0.17372881355932204 0.2215909090909091
0 0.4766949152542373 0.3409090909090909 0.18220338983050846 0.25
0 0.6716101694915254 0.13636363636363635 0.19915254237288135 0.23863636363636365
0 0.864406779661017 0.06818181818181818 0.19491525423728814 0.13636363636363635
0 0.05508474576271186 0.5227272727272727 0.11016949152542373 0.20454545454545456
0 0.2542372881355932 0.59375 0.2627118644067797 0.32386363636363635
0 0.05296610169491525 0.6363636363636364 0.1059322033898305 0.09090909090909091
0 0.06567796610169492 0.7926136363636364 0.13135593220338984 0.32386363636363635
0 0.2076271186440678 0.8607954545454546 0.15254237288135594 0.26704545454545453
0 0.3728813559322034 0.8778409090909091 0.1864406779661017 0.24431818181818182
0 0.3877118644067797 0.6335227272727273 0.19915254237288135 0.35795454545454547
0 0.576271186440678 0.7244318181818182 0.22033898305084745 0.3352272727272727
0 0.6038135593220338 0.42613636363636365 0.2245762711864407 0.3409090909090909
0 0.8559322033898306 0.3125 0.288135593220339 0.38636363636363635
0 0.8283898305084746 0.6676136363636364 0.2923728813559322 0.32386363636363635
0 0.9788135593220338 0.6704545454545454 0.0423728813559322 0.36363636363636365
0 0.8347457627118644 0.8920454545454546 0.3305084745762712 0.2159090909090909
0 0.989406779661017 0.3210227272727273 0.0211864406779661 0.3352272727272727
0 0.7161016949152542 0.011363636363636364 0.11016949152542373 0.022727272727272728
0 0.6186440677966102 0.014204545454545454 0.07627118644067797 0.028409090909090908
0 0.5783898305084746 0.9090909090909091 0.2330508474576271 0.18181818181818182
0 0.06567796610169492 0.9545454545454546 0.13135593220338984 0.09090909090909091
0 0.19491525423728814 0.9801136363636364 0.15254237288135594 0.03977272727272727
0 0.9809322033898306 0.06534090909090909 0.038135593220338986 0.13068181818181818
0 0.13347457627118645 0.5340909090909091 0.05508474576271186 0.18181818181818182
