0 0.597 0.08577405857740586 0.414 0.17154811715481172
0 0.283 0.1199442119944212 0.214 0.1506276150627615
0 0.109 0.1506276150627615 0.162 0.13389121338912133
0 0.138 0.2503486750348675 0.172 0.11854951185495119
0 0.321 0.22384937238493724 0.198 0.13807531380753138
0 0.618 0.19874476987447698 0.4 0.18270571827057183
0 0.113 0.3493723849372385 0.134 0.09902370990237098
0 0.265 0.33751743375174337 0.17 0.1199442119944212
0 0.562 0.3158995815899582 0.428 0.15481171548117154
0 0.606 0.4421199442119944 0.4 0.13389121338912133
0 0.309 0.44630404463040446 0.198 0.11436541143654114
0 0.122 0.44839609483960946 0.18 0.10460251046025104
0 0.546 0.5718270571827058 0.428 0.1394700139470014
0 0.248 0.5536959553695955 0.176 0.11436541143654114
0 0.09 0.5446304044630405 0.152 0.10739191073919108
0 0.288 0.6673640167364017 0.184 0.13249651324965134
0 0.103 0.6429567642956764 0.186 0.12273361227336123
0 0.072 0.7384937238493724 0.144 0.12691771269177127
0 0.233 0.7691771269177127 0.186 0.14365411436541142
0 0.538 0.8152022315202232 0.432 0.17712691771269176
0 0.562 0.9191073919107392 0.408 0.16178521617852162
0 0.278 0.8898186889818689 0.204 0.15341701534170155
0 0.092 0.8423988842398884 0.184 0.14783821478382148
0 0.222 0.9539748953974896 0.168 0.08926080892608089
0 0.07 0.9156206415620641 0.14 0.16875871687587168
0 0.361 0.9769874476987448 0.118 0.04602510460251046
0 0.849 0.13737796373779637 0.094 0.15202231520223153
0 0.868 0.2496513249651325 0.112 0.14225941422594143
0 0.823 0.34658298465829845 0.102 0.12691771269177127
0 0.856 0.45467224546722457 0.108 0.11436541143654114
0 0.814 0.5641562064156206 0.108 0.1101813110181311
0 0.58 0.6952580195258019 0.416 0.15760111576011157
0 0.806 0.7754532775453278 0.108 0.13668061366806136
0 0.82 0.8493723849372385 0.108 0.10320781032078104
0 0.789 0.9748953974895398 0.118 0.0502092050209205
0 0.705 0.9839609483960948 0.05 0.03207810320781032
0 0.889 0.9735006973500697 0.086 0.04741980474198047
0 0.908 0.8940027894002789 0.104 0.08647140864714087
0 0.92 0.8256624825662483 0.096 0.12831241283124128
0 0.84 0.6659693165969317 0.108 0.11854951185495119
0 0.913 0.7426778242677824 0.11 0.12133891213389121
0 0.934 0.37447698744769875 0.116 0.11854951185495119
0 0.948 0.4700139470013947 0.084 0.100418410041841
0 0.923 0.5585774058577406 0.114 0.09623430962343096
0 0.93 0.6506276150627615 0.084 0.09902370990237098
0 0.959 0.2928870292887029 0.078 0.1199442119944212
0 0.947 0.19595536959553697 0.106 0.14644351464435146
0 0.906 0.9658298465829847 0.12 0.06834030683403068
0 0.976 0.9532775453277545 0.048 0.09344490934449093
0 0.98 0.8772663877266388 0.04 0.09762900976290098
0 0.98 0.796373779637378 0.04 0.09762900976290098
0 0.981 0.7154811715481172 0.038 0.09762900976290098
0 0.983 0.6317991631799164 0.034 0.08089260808926081
0 0.988 0.5516039051603905 0.024 0.08228730822873083
0 0.992 0.46931659693165967 0.016 0.08507670850767085
