0 0.7387640449438202 0.3233333333333333 0.1254681647940075 0.15333333333333332
0 0.7125468164794008 0.22333333333333333 0.07677902621722846 0.08
0 0.7930711610486891 0.25 0.08052434456928839 0.09333333333333334
0 0.8717228464419475 0.24833333333333332 0.07677902621722846 0.09
0 0.8576779026217228 0.35333333333333333 0.11235955056179775 0.12666666666666668
0 0.8604868913857678 0.47333333333333333 0.1104868913857678 0.12666666666666668
0 0.7415730337078652 0.46 0.13108614232209737 0.13333333333333333
0 0.9569288389513109 0.42833333333333334 0.08239700374531835 0.12333333333333334
0 0.9569288389513109 0.5183333333333333 0.08614232209737828 0.10333333333333333
0 0.9578651685393258 0.62 0.08426966292134831 0.10666666666666667
0 0.9625468164794008 0.725 0.0749063670411985 0.09666666666666666
0 0.9606741573033708 0.8233333333333334 0.0749063670411985 0.1
0 0.8670411985018727 0.8483333333333334 0.1198501872659176 0.12333333333333334
0 0.8661048689138576 0.725 0.11797752808988764 0.13
0 0.8614232209737828 0.595 0.11235955056179775 0.13
0 0.7490636704119851 0.6 0.11610486891385768 0.14666666666666667
0 0.6235955056179775 0.58 0.13857677902621723 0.16
0 0.7490636704119851 0.7316666666666667 0.1198501872659176 0.14333333333333334
0 0.7490636704119851 0.8733333333333333 0.12359550561797752 0.14
0 0.6179775280898876 0.7416666666666667 0.14606741573033707 0.16333333333333333
0 0.6170411985018727 0.9033333333333333 0.1441947565543071 0.16666666666666666
0 0.4737827715355805 0.8966666666666666 0.14606741573033707 0.16
0 0.6151685393258427 0.455 0.12172284644194757 0.10333333333333333
0 0.6161048689138576 0.3333333333333333 0.1198501872659176 0.13333333333333333
0 0.499063670411985 0.4483333333333333 0.11797752808988764 0.10333333333333333
0 0.47752808988764045 0.5733333333333334 0.15355805243445692 0.16
0 0.47752808988764045 0.735 0.14606741573033707 0.17
0 0.3342696629213483 0.7333333333333333 0.1441947565543071 0.16
0 0.33239700374531833 0.5783333333333334 0.13670411985018727 0.15666666666666668
0 0.37640449438202245 0.445 0.12359550561797752 0.11
0 0.49719101123595505 0.33 0.12172284644194757 0.13333333333333333
0 0.6132958801498127 0.20333333333333334 0.12172284644194757 0.14
0 0.4934456928838951 0.19666666666666666 0.11797752808988764 0.14
0 0.37734082397003743 0.33166666666666667 0.11797752808988764 0.13
0 0.37640449438202245 0.205 0.11610486891385768 0.13666666666666666
0 0.6151685393258427 0.06666666666666667 0.12172284644194757 0.13333333333333333
0 0.49625468164794007 0.065 0.1198501872659176 0.13
0 0.37734082397003743 0.075 0.11797752808988764 0.12333333333333334
0 0.22565543071161048 0.305 0.1853932584269663 0.19
0 0.2247191011235955 0.43166666666666664 0.18352059925093633 0.15666666666666668
0 0.19382022471910113 0.58 0.1404494382022472 0.16
0 0.19194756554307116 0.7333333333333333 0.1441947565543071 0.15333333333333332
0 0.1891385767790262 0.8833333333333333 0.14606741573033707 0.16666666666666666
0 0.33239700374531833 0.8933333333333333 0.1441947565543071 0.16
0 0.060861423220973786 0.7266666666666667 0.12172284644194757 0.15333333333333332
0 0.0599250936329588 0.8816666666666667 0.1198501872659176 0.15666666666666668
0 0.10393258426966293 0.59 0.04681647940074907 0.12666666666666668
0 0.10861423220973783 0.465 0.052434456928838954 0.13
0 0.11235955056179775 0.335 0.04868913857677903 0.13666666666666666
0 0.22659176029962547 0.16166666666666665 0.1760299625468165 0.21
0 0.22940074906367042 0.06833333333333333 0.17790262172284643 0.13666666666666666
0 0.1151685393258427 0.21166666666666667 0.04681647940074907 0.13
0 0.11891385767790262 0.08833333333333333 0.04681647940074907 0.13
