0 0.16621253405994552 0.18622448979591838 0.33242506811989103 0.29081632653061223
0 0.47411444141689374 0.17857142857142858 0.2997275204359673 0.2755102040816326
0 0.7493188010899182 0.18622448979591838 0.3106267029972752 0.2602040816326531
0 0.1784741144414169 0.4336734693877551 0.3188010899182561 0.23469387755102042
0 0.18119891008174388 0.625 0.3024523160762943 0.20918367346938777
0 0.19209809264305178 0.8010204081632653 0.28610354223433243 0.17346938775510204
0 0.20027247956403268 0.9362244897959183 0.27520435967302453 0.12755102040816327
0 0.7479564032697548 0.40561224489795916 0.27520435967302453 0.18877551020408162
0 0.7084468664850136 0.8877551020408163 0.2452316076294278 0.15306122448979592
0 0.46321525885558584 0.9158163265306123 0.2506811989100817 0.1683673469387755
0 0.4659400544959128 0.7653061224489796 0.2615803814713896 0.16326530612244897
0 0.47002724795640327 0.5943877551020408 0.26975476839237056 0.17857142857142858
0 0.47411444141689374 0.413265306122449 0.2888283378746594 0.19387755102040816
0 0.7343324250681199 0.5790816326530612 0.25340599455040874 0.18877551020408162
0 0.7193460490463215 0.7321428571428571 0.2561307901907357 0.1989795918367347
