0 0.8521428571428571 0.8419078242229368 0.2957142857142857 0.3161843515541265
0 0.5092857142857142 0.834941050375134 0.4157142857142857 0.33011789924973206
0 0.16285714285714287 0.8215434083601286 0.32571428571428573 0.35691318327974275
0 0.8371428571428572 0.5884244372990354 0.32571428571428573 0.20364415862808147
0 0.51 0.5878885316184351 0.3742857142857143 0.18113612004287247
0 0.16357142857142856 0.5771704180064309 0.3271428571428571 0.1789924973204716
0 0.825 0.42336548767416937 0.31857142857142856 0.1307609860664523
0 0.5 0.4303322615219721 0.36 0.14683815648445875
0 0.16857142857142857 0.42818863879957125 0.3314285714285714 0.12540192926045016
0 0.18928571428571428 0.2936763129689175 0.3357142857142857 0.16934619506966775
0 0.395 0.2883172561629153 0.09571428571428571 0.16291532690246516
0 0.5478571428571428 0.282422293676313 0.21 0.15755627009646303
0 0.8007142857142857 0.28563772775991425 0.30714285714285716 0.15541264737406216
