0 0.08840206185567011 0.1491522280097065 0.17680412371134022 0.29753164654786013
0 0.1 0.4652032337342225 0.19951573849878934 0.3423227853385656
0 0.10690072639225182 0.7646902940781425 0.21331719128329296 0.2708089054746234
0 0.10556900726392252 0.9473919214726778 0.21113801452784503 0.10221765630501932
0 0.32642857142857146 0.9487532262924229 0.2328571428571429 0.09949504666552918
0 0.34019370460048426 0.7577930163247675 0.2600484261501211 0.29476787030213697
0 0.3346246973365618 0.47836251365842497 0.29491525423728815 0.33524400027589113
0 0.32106537530266344 0.16208602720431553 0.32348668280871673 0.32417205440863106
0 0.654532967032967 0.16907754913751916 0.3431318681318681 0.3381550982750383
0 0.6344780219780219 0.49600886370001807 0.3145604395604396 0.3301233998385423
0 0.592032967032967 0.7841203024861195 0.2884615384615385 0.2683411041731881
0 0.5598901098901099 0.9306473137057845 0.22912087912087906 0.06631299734748018
0 0.548 0.9619997693460962 0.26 0.07300196055818252
0 0.6822802197802198 0.9681285730760991 0.03214285714285711 0.060546649752047016
0 0.8395219780219779 0.8390530009720415 0.31695604395604404 0.3188954973062919
0 0.8615384615384615 0.6700289964907655 0.26098901098901106 0.03809908232696834
0 0.8676813186813187 0.5078504703692109 0.2606373626373627 0.33074122279519585
0 0.8845769230769231 0.17466266866566715 0.22684615384615392 0.3493253373313343
