0 0.785 0.2886056971514243 0.254 0.12743628185907047
0 0.949 0.4032983508245877 0.026 0.03298350824587706
0 0.889 0.404047976011994 0.086 0.043478260869565216
0 0.863 0.4325337331334333 0.05 0.046476761619190406
0 0.908 0.48050974512743627 0.124 0.05247376311844078
0 0.729 0.4070464767616192 0.246 0.12743628185907047
0 0.767 0.5187406296851574 0.138 0.11094452773613193
0 0.643 0.5112443778110944 0.126 0.10794602698650675
0 0.706 0.6214392803598201 0.228 0.12743628185907047
0 0.731 0.7256371814092953 0.126 0.10794602698650675
0 0.728 0.8140929535232384 0.12 0.08695652173913043
0 0.614 0.7143928035982009 0.116 0.10344827586206896
0 0.606 0.8020989505247377 0.108 0.08695652173913043
0 0.5 0.7068965517241379 0.108 0.10044977511244378
0 0.499 0.7901049475262368 0.106 0.08395802098950525
0 0.398 0.7818590704647677 0.108 0.08245877061469266
0 0.298 0.7706146926536732 0.092 0.07796101949025487
0 0.206 0.760119940029985 0.092 0.07196401799100449
0 0.394 0.6956521739130435 0.104 0.10194902548725637
0 0.294 0.6904047976011994 0.112 0.09745127436281859
0 0.19 0.6776611694152923 0.112 0.09295352323838081
0 0.492 0.6041979010494752 0.204 0.11394302848575712
0 0.342 0.5914542728635682 0.108 0.10044977511244378
0 0.187 0.5712143928035982 0.198 0.13493253373313344
0 0.525 0.5067466266866567 0.114 0.095952023988006
0 0.409 0.5037481259370314 0.118 0.09295352323838081
0 0.303 0.4970014992503748 0.114 0.09745127436281859
0 0.152 0.49325337331334335 0.116 0.09895052473763119
0 0.541 0.4017991004497751 0.13 0.12293853073463268
0 0.597 0.2826086956521739 0.13 0.1184407796101949
0 0.473 0.280359820089955 0.118 0.11694152923538231
0 0.356 0.2818590704647676 0.116 0.11394302848575712
0 0.374 0.39580209895052476 0.2 0.11394302848575712
0 0.135 0.27886056971514245 0.114 0.10794602698650675
0 0.247 0.27811094452773616 0.118 0.11544227886056972
0 0.169 0.38830584707646176 0.21 0.11694152923538231
0 0.089 0.5502248875562219 0.038 0.06596701649175413
0 0.038 0.5637181409295352 0.072 0.05697151424287856
