0 0.163 0.03973013493253373 0.178 0.07946026986506746
0 0.337 0.044977511244377814 0.174 0.08995502248875563
0 0.53 0.04872563718140929 0.164 0.09745127436281859
0 0.692 0.05247376311844078 0.164 0.10494752623688156
0 0.145 0.1454272863568216 0.126 0.15292353823088456
0 0.261 0.14992503748125938 0.118 0.1469265367316342
0 0.375 0.15517241379310345 0.114 0.136431784107946
0 0.49 0.15967016491754124 0.116 0.13943028485757122
0 0.597 0.1634182908545727 0.11 0.13793103448275862
0 0.699 0.1686656671664168 0.114 0.13343328335832083
0 0.034 0.3988005997001499 0.068 0.26686656671664166
0 0.165 0.3988005997001499 0.258 0.26686656671664166
0 0.384 0.40104947526236884 0.22 0.25337331334332835
0 0.593 0.4047976011994003 0.214 0.24887556221889057
0 0.789 0.40554722638680657 0.222 0.24437781109445278
0 0.933 0.40554722638680657 0.134 0.2413793103448276
0 0.104 0.6454272863568216 0.208 0.2353823088455772
0 0.344 0.6379310344827587 0.3 0.23238380809595202
0 0.659 0.6356821589205397 0.29 0.21889055472263869
0 0.89 0.6281859070464768 0.22 0.2128935532233883
0 0.061 0.8590704647676162 0.122 0.20089955022488756
0 0.203 0.848575712143928 0.214 0.19790104947526238
0 0.396 0.8350824587706147 0.184 0.19790104947526238
0 0.578 0.808095952023988 0.184 0.24287856071964017
0 0.753 0.823088455772114 0.186 0.18590704647676162
0 0.912 0.8140929535232384 0.176 0.18290854572713644
0 0.118 0.9707646176911544 0.232 0.05847076461769116
0 0.358 0.9610194902548725 0.256 0.07796101949025487
0 0.664 0.954272863568216 0.244 0.09145427286356822
0 0.887 0.9355322338830585 0.226 0.12893553223388307
0 0.977 0.17841079460269865 0.046 0.12593703148425786
0 0.99 0.06746626686656672 0.02 0.09895052473763119
0 0.951 0.068215892053973 0.094 0.13343328335832083
0 0.923 0.18515742128935533 0.11 0.12743628185907047
0 0.883 0.08395802098950525 0.066 0.12293853073463268
0 0.844 0.19715142428785606 0.084 0.10944527736131934
0 0.828 0.10119940029985007 0.072 0.12143928035982009
0 0.781 0.20914542728635682 0.066 0.10344827586206896
0 0.776 0.12218890554722639 0.052 0.10644677661169415
0 0.86 0.04272863568215892 0.2 0.08545727136431784
0 0.022 0.2166416791604198 0.04 0.09745127436281859
0 0.023 0.024737631184407798 0.046 0.049475262368815595
0 0.019 0.08695652173913043 0.034 0.13793103448275862
0 0.051 0.10344827586206896 0.042 0.12893553223388307
0 0.079 0.1176911544227886 0.018 0.10044977511244378
0 0.064 0.034482758620689655 0.036 0.06896551724137931
