0 0.153 0.1191904047976012 0.126 0.15142428785607195
0 0.307 0.1191904047976012 0.186 0.16941529235382308
0 0.501 0.12218890554722639 0.234 0.18440779610194902
0 0.733 0.12293853073463268 0.31 0.20089955022488756
0 0.152 0.26761619190404795 0.124 0.14842578710644677
0 0.296 0.2773613193403298 0.172 0.16491754122938532
0 0.469 0.29160419790104947 0.214 0.17541229385307347
0 0.675 0.3065967016491754 0.266 0.19640179910044978
0 0.88 0.3275862068965517 0.24 0.22038980509745126
0 0.136 0.3988005997001499 0.132 0.14392803598200898
0 0.283 0.41904047976011993 0.17 0.15742128935532235
0 0.447 0.444527736131934 0.198 0.1724137931034483
0 0.128 0.52023988005997 0.124 0.1409295352323838
0 0.261 0.547976011994003 0.154 0.15742128935532235
0 0.418 0.5817091454272864 0.188 0.17091454272863568
0 0.127 0.6349325337331334 0.13 0.1454272863568216
0 0.101 0.732383808095952 0.13 0.1454272863568216
0 0.263 0.6686656671664168 0.15 0.14992503748125938
0 0.398 0.7256371814092953 0.196 0.18590704647676162
0 0.231 0.787856071964018 0.142 0.1664167916041979
0 0.364 0.8530734632683659 0.172 0.17991004497751126
0 0.633 0.4767616191904048 0.23 0.191904047976012
0 0.59 0.6274362818590704 0.224 0.19640179910044978
0 0.565 0.780359820089955 0.222 0.21139430284857572
0 0.535 0.9092953523238381 0.214 0.18140929535232383
0 0.854 0.512743628185907 0.288 0.22188905547226387
0 0.81 0.6836581709145427 0.308 0.23088455772113944
0 0.786 0.8440779610194903 0.292 0.22788605697151423
0 0.734 0.9430284857571214 0.252 0.11394302848575712
