0 0.016 0.13323353293413173 0.032 0.1347305389221557
0 0.013 0.2679640718562874 0.026 0.1407185628742515
0 0.021 0.4101796407185629 0.042 0.1437125748502994
0 0.022 0.5553892215568862 0.044 0.1467065868263473
0 0.03 0.688622754491018 0.06 0.1437125748502994
0 0.036 0.8173652694610778 0.072 0.1437125748502994
0 0.036 0.938622754491018 0.072 0.12275449101796407
0 0.102 0.12275449101796407 0.14 0.1437125748502994
0 0.233 0.12275449101796407 0.13 0.1377245508982036
0 0.358 0.1377245508982036 0.12 0.12574850299401197
0 0.505 0.15718562874251496 0.162 0.11676646706586827
0 0.647 0.15718562874251496 0.126 0.10479041916167664
0 0.13 0.26497005988023953 0.216 0.1407185628742515
0 0.101 0.40718562874251496 0.146 0.1497005988023952
0 0.243 0.39520958083832336 0.126 0.1377245508982036
0 0.373 0.38323353293413176 0.118 0.12574850299401197
0 0.344 0.25898203592814373 0.184 0.12874251497005987
0 0.159 0.5329341317365269 0.21 0.1497005988023952
0 0.352 0.5104790419161677 0.184 0.1467065868263473
0 0.118 0.6706586826347305 0.136 0.1497005988023952
0 0.246 0.6497005988023952 0.124 0.1377245508982036
0 0.375 0.6272455089820359 0.118 0.1407185628742515
0 0.489 0.25898203592814373 0.11 0.11676646706586827
0 0.587 0.25748502994011974 0.094 0.10778443113772455
0 0.673 0.25898203592814373 0.086 0.10479041916167664
0 0.515 0.37425149700598803 0.162 0.11377245508982035
0 0.497 0.4865269461077844 0.102 0.11676646706586827
0 0.594 0.4745508982035928 0.1 0.11077844311377245
0 0.659 0.36377245508982037 0.134 0.11676646706586827
0 0.685 0.4625748502994012 0.082 0.11077844311377245
0 0.774 0.4535928143712575 0.104 0.11077844311377245
0 0.864 0.43862275449101795 0.084 0.09880239520958084
0 0.17 0.7904191616766467 0.212 0.16167664670658682
0 0.152 0.9191616766467066 0.132 0.15568862275449102
0 0.283 0.8817365269461078 0.118 0.1467065868263473
0 0.393 0.8488023952095808 0.106 0.1347305389221557
0 0.359 0.7260479041916168 0.178 0.18862275449101795
0 0.519 0.9011976047904192 0.09 0.11976047904191617
0 0.621 0.8682634730538922 0.078 0.11377245508982035
0 0.693 0.8458083832335329 0.07 0.11077844311377245
0 0.782 0.8023952095808383 0.1 0.11377245508982035
0 0.874 0.7724550898203593 0.084 0.10778443113772455
0 0.885 0.688622754491018 0.054 0.09580838323353294
0 0.828 0.7050898203592815 0.064 0.10479041916167664
0 0.762 0.7260479041916168 0.068 0.10479041916167664
0 0.669 0.7574850299401198 0.122 0.1377245508982036
0 0.876 0.6092814371257484 0.084 0.10479041916167664
0 0.78 0.6317365269461078 0.108 0.11377245508982035
0 0.887 0.5224550898203593 0.054 0.09281437125748503
0 0.792 0.5434131736526946 0.136 0.11676646706586827
0 0.521 0.5913173652694611 0.154 0.12874251497005987
0 0.661 0.5688622754491018 0.13 0.12574850299401197
0 0.684 0.6601796407185628 0.088 0.11676646706586827
0 0.596 0.6826347305389222 0.088 0.11377245508982035
0 0.507 0.7020958083832335 0.098 0.12275449101796407
0 0.534 0.8023952095808383 0.148 0.1437125748502994
0 0.376 0.9416167664670658 0.176 0.11676646706586827
0 0.194 0.9700598802395209 0.2 0.059880239520958084
