0 0.162 0.8455772113943029 0.324 0.3058470764617691
0 0.133 0.6349325337331334 0.266 0.1634182908545727
0 0.141 0.4362818590704648 0.282 0.24287856071964017
0 0.103 0.24587706146926536 0.206 0.15892053973013492
0 0.106 0.11319340329835083 0.212 0.22638680659670166
0 0.49 0.9085457271364318 0.344 0.18290854572713644
0 0.764 0.8935532233883059 0.22 0.2128935532233883
0 0.926 0.8898050974512743 0.148 0.22038980509745126
0 0.925 0.6686656671664168 0.15 0.24587706146926536
0 0.761 0.6814092953523239 0.218 0.27436281859070466
0 0.467 0.7038980509745127 0.406 0.3103448275862069
0 0.387 0.4452773613193403 0.222 0.2098950524737631
0 0.684 0.41679160419790107 0.396 0.26686656671664166
0 0.927 0.4280359820089955 0.146 0.2383808095952024
0 0.827 0.20689655172413793 0.346 0.2368815592203898
0 0.579 0.24887556221889057 0.162 0.18290854572713644
0 0.362 0.2376311844077961 0.292 0.2353823088455772
0 0.823 0.09145427286356822 0.354 0.17991004497751126
0 0.569 0.08995502248875563 0.166 0.17991004497751126
0 0.443 0.08320839580209895 0.126 0.13343328335832083
0 0.506 0.022488755622188907 0.072 0.035982008995502246
0 0.43 0.0239880059970015 0.088 0.038980509745127435
0 0.213 0.2563718140929535 0.038 0.1409295352323838
0 0.289 0.0944527736131934 0.194 0.1889055472263868
