0 0.045454545454545456 0.35909090909090907 0.09090909090909091 0.3090909090909091
0 0.07424242424242425 0.6886363636363636 0.1484848484848485 0.30454545454545456
0 0.14393939393939395 0.3386363636363636 0.13636363636363635 0.33181818181818185
0 0.16515151515151516 0.6545454545454545 0.13636363636363635 0.3090909090909091
0 0.27575757575757576 0.6522727272727272 0.12121212121212122 0.33181818181818185
0 0.4075757575757576 0.6636363636363637 0.15454545454545454 0.35454545454545455
0 0.4015151515151515 0.29545454545454547 0.1484848484848485 0.35454545454545455
0 0.26212121212121214 0.3090909090909091 0.13636363636363635 0.35454545454545455
0 0.18484848484848485 0.08636363636363636 0.3696969696969697 0.17272727272727273
0 0.5545454545454546 0.27045454545454545 0.16363636363636364 0.36818181818181817
0 0.5636363636363636 0.65 0.16363636363636364 0.36363636363636365
0 0.7287878787878788 0.6613636363636364 0.17272727272727273 0.37727272727272726
0 0.7166666666666667 0.26590909090909093 0.18484848484848485 0.38636363636363635
0 0.8984848484848484 0.6863636363636364 0.1606060606060606 0.35454545454545455
0 0.8909090909090909 0.3 0.1696969696969697 0.35454545454545455
