0 0.627 0.8627671541057368 0.57 0.2744656917885264
0 0.925 0.8256467941507312 0.15 0.34870641169853767
0 0.206 0.889763779527559 0.412 0.2204724409448819
0 0.944 0.10292463442069741 0.112 0.20584926884139482
0 0.937 0.33070866141732286 0.126 0.25196850393700787
0 0.917 0.5601799775028121 0.166 0.2249718785151856
0 0.661 0.6996625421822272 0.382 0.06074240719910011
0 0.632 0.6332958380202475 0.4 0.07874015748031496
0 0.635 0.5556805399325084 0.414 0.08548931383577053
0 0.646 0.4735658042744657 0.428 0.0922384701912261
0 0.651 0.3830146231721035 0.43 0.09561304836895389
0 0.648 0.2862767154105737 0.44 0.10011248593925759
0 0.656 0.1827896512935883 0.464 0.11136107986501688
0 0.671 0.07536557930258718 0.478 0.11923509561304838
0 0.303 0.7424071991001124 0.342 0.09898762654668167
0 0.277 0.6923509561304837 0.386 0.0686164229471316
0 0.259 0.624859392575928 0.37 0.07536557930258718
0 0.251 0.5539932508436446 0.374 0.0798650168728909
0 0.237 0.4718785151856018 0.402 0.0843644544431946
0 0.233 0.38695163104611924 0.402 0.09673790776152981
0 0.23 0.2997750281214848 0.404 0.10236220472440945
0 0.22 0.20078740157480315 0.42 0.10011248593925759
0 0.218 0.09730033745781777 0.436 0.11136107986501688
0 0.217 0.026434195725534307 0.434 0.052868391451068614
0 0.04 0.6974128233970753 0.08 0.12373453318335208
0 0.046 0.7784026996625422 0.092 0.12373453318335208
0 0.674 0.014623172103487065 0.48 0.02924634420697413
0 0.034821256038647365 0.6056308178868945 0.0647342995169082 0.07227357449883975
0 0.034338164251207746 0.5303684865478773 0.06570048309178744 0.07825108817919502
0 0.02634782608695653 0.45147074007053467 0.05269565217391306 0.07954440477549006
0 0.023449275362318844 0.37021187568945185 0.04689855072463769 0.08072360520152372
0 0.016463768115942044 0.2888225928280704 0.029951690821256052 0.08205496052123919
