0 0.079 0.30532212885154064 0.158 0.14565826330532214
0 0.084 0.40896358543417366 0.168 0.1400560224089636
0 0.071 0.5294117647058824 0.142 0.10644257703081232
0 0.078 0.6288515406162465 0.152 0.09243697478991597
0 0.082 0.7156862745098039 0.164 0.09243697478991597
0 0.089 0.8025210084033614 0.17 0.09803921568627451
0 0.099 0.8837535014005602 0.162 0.06442577030812324
0 0.225 0.511204481792717 0.174 0.1484593837535014
0 0.232 0.6316526610644257 0.172 0.08683473389355742
0 0.24 0.7142857142857143 0.172 0.08403361344537816
0 0.246 0.8025210084033614 0.164 0.08683473389355742
0 0.256 0.8781512605042017 0.156 0.07563025210084033
0 0.378 0.42436974789915966 0.152 0.24929971988795518
0 0.384 0.6204481792717087 0.144 0.14285714285714285
0 0.391 0.7535014005602241 0.138 0.12885154061624648
0 0.396 0.8739495798319328 0.132 0.11764705882352941
0 0.4 0.9635854341736695 0.124 0.06722689075630252
0 0.639 0.18347338935574228 0.386 0.3165266106442577
0 0.63 0.4733893557422969 0.34 0.25770308123249297
0 0.618 0.7142857142857143 0.304 0.2184873949579832
0 0.608 0.9103641456582633 0.28 0.17366946778711484
0 0.905 0.20028011204481794 0.19 0.18207282913165265
0 0.893 0.3557422969187675 0.202 0.1400560224089636
0 0.878 0.49019607843137253 0.188 0.12885154061624648
0 0.857 0.6120448179271709 0.186 0.12044817927170869
0 0.873 0.7212885154061625 0.254 0.2661064425770308
0 0.865 0.927170868347339 0.27 0.1400560224089636
