0 0.58 0.662 0.276 0.336
0 0.311 0.655 0.286 0.346
0 0.127 0.596 0.206 0.212
0 0.1 0.79 0.2 0.176
0 0.319 0.848 0.27 0.056
0 0.569 0.851 0.242 0.046
0 0.81 0.783 0.236 0.178
0 0.124 0.371 0.232 0.242
0 0.021 0.613 0.042 0.282
0 0.343 0.368 0.226 0.236
0 0.567 0.375 0.234 0.238
0 0.786 0.381 0.244 0.242
0 0.762 0.595 0.196 0.206
0 0.582 0.194 0.24 0.136
0 0.811 0.197 0.242 0.142
0 0.352 0.187 0.236 0.126
0 0.123 0.19 0.242 0.124
0 0.017 0.362 0.034 0.228
0 0.977 0.555 0.046 0.178
0 0.964 0.7 0.072 0.204
0 0.957 0.51 0.086 0.164
