0 0.7658582089552238 0.6933333333333334 0.46828358208955223 0.5666666666666667
0 0.7658582089552238 0.9083333333333333 0.46828358208955223 0.18333333333333332
0 0.8423507462686567 0.21166666666666667 0.31529850746268656 0.42333333333333334
0 0.5522388059701493 0.21333333333333335 0.26492537313432835 0.4266666666666667
0 0.33115671641791045 0.20666666666666667 0.1958955223880597 0.41333333333333333
0 0.42257462686567165 0.6133333333333333 0.21455223880597016 0.4066666666666667
0 0.4337686567164179 0.885 0.1958955223880597 0.23
0 0.2667910447761194 0.8583333333333333 0.15671641791044777 0.2833333333333333
0 0.24813432835820895 0.5816666666666667 0.16417910447761194 0.35
0 0.13805970149253732 0.22833333333333333 0.21641791044776118 0.37
0 0.1259328358208955 0.05333333333333334 0.21455223880597016 0.10666666666666667
0 0.11847014925373134 0.565 0.13619402985074627 0.31
0 0.1455223880597015 0.8333333333333334 0.12686567164179105 0.29333333333333333
0 0.05037313432835821 0.7416666666666667 0.08955223880597014 0.2633333333333333
0 0.06902985074626866 0.9183333333333333 0.09701492537313433 0.16333333333333333
