0 0.101 0.3823088455772114 0.158 0.2158920539730135
0 0.261 0.3815592203898051 0.162 0.22038980509745126
0 0.42 0.3860569715142429 0.164 0.21739130434782608
0 0.582 0.3800599700149925 0.168 0.21739130434782608
0 0.744 0.3770614692653673 0.176 0.21739130434782608
0 0.902 0.38980509745127434 0.172 0.2158920539730135
0 0.09 0.6011994002998501 0.16 0.21889055472263869
0 0.255 0.6011994002998501 0.17 0.22188905547226387
0 0.411 0.6019490254872564 0.174 0.22338830584707647
0 0.576 0.5989505247376312 0.16 0.21739130434782608
0 0.739 0.5982008995502249 0.166 0.21889055472263869
0 0.901 0.6079460269865068 0.17 0.22338830584707647
