0 0.839 0.17466666666666666 0.322 0.15733333333333333
0 0.83 0.316 0.308 0.15733333333333333
0 0.811 0.452 0.298 0.15733333333333333
0 0.8 0.5253333333333333 0.28 0.058666666666666666
0 0.799 0.704 0.394 0.3893333333333333
0 0.78 0.8986666666666666 0.368 0.20266666666666666
0 0.704 0.9653333333333334 0.232 0.06933333333333333
0 0.471 0.628 0.362 0.32266666666666666
0 0.449 0.8213333333333334 0.294 0.208
0 0.443 0.92 0.274 0.16
0 0.186 0.444 0.372 0.22666666666666666
0 0.189 0.576 0.374 0.224
0 0.152 0.7266666666666667 0.284 0.17333333333333334
0 0.163 0.8453333333333334 0.266 0.16533333333333333
0 0.537 0.42133333333333334 0.25 0.144
0 0.539 0.296 0.254 0.14933333333333335
0 0.544 0.15866666666666668 0.272 0.16266666666666665
0 0.279 0.2813333333333333 0.25 0.12533333333333332
0 0.386 0.39866666666666667 0.048 0.13066666666666665
0 0.278 0.168 0.264 0.128
0 0.289 0.056 0.314 0.112
0 0.477 0.032 0.066 0.064
0 0.083 0.08266666666666667 0.13 0.10133333333333333
0 0.088 0.164 0.128 0.08266666666666667
0 0.093 0.24 0.122 0.07466666666666667
0 0.097 0.32 0.118 0.09066666666666667
0 0.013 0.072 0.026 0.09066666666666667
0 0.015 0.16133333333333333 0.03 0.088
0 0.02 0.24533333333333332 0.04 0.09066666666666667
