0 0.23766233766233766 0.16 0.4753246753246753 0.21
0 0.7376623376623377 0.158125 0.5246753246753246 0.20625
0 0.11298701298701298 0.355 0.22597402597402597 0.18
0 0.4857142857142857 0.354375 0.5558441558441558 0.18875
0 0.8857142857142857 0.35 0.22857142857142856 0.185
0 0.23376623376623376 0.528125 0.4623376623376623 0.16375
0 0.7558441558441559 0.520625 0.4883116883116883 0.16375
0 0.12597402597402596 0.685625 0.2519480519480519 0.15125
0 0.38311688311688313 0.6675 0.2571428571428571 0.18
0 0.7558441558441559 0.6775 0.4883116883116883 0.15
