0 0.186 0.06 0.352 0.12
0 0.201 0.19 0.322 0.164
0 0.195 0.339 0.282 0.146
0 0.206 0.48 0.28 0.144
0 0.227 0.598 0.266 0.136
0 0.227 0.705 0.258 0.126
0 0.245 0.804 0.254 0.108
0 0.479 0.217 0.306 0.206
0 0.479 0.382 0.29 0.152
0 0.475 0.507 0.266 0.13
0 0.476 0.613 0.248 0.118
0 0.474 0.711 0.24 0.126
0 0.484 0.805 0.232 0.118
0 0.48 0.883 0.212 0.086
0 0.258 0.894 0.236 0.112
0 0.702 0.864 0.212 0.096
0 0.705 0.788 0.21 0.076
0 0.716 0.696 0.24 0.096
0 0.727 0.598 0.258 0.12
0 0.747 0.371 0.258 0.138
0 0.738 0.489 0.26 0.106
0 0.76 0.221 0.344 0.222
0 0.916 0.948 0.168 0.104
0 0.924 0.908 0.152 0.132
0 0.903 0.817 0.194 0.146
0 0.914 0.664 0.172 0.168
0 0.926 0.482 0.148 0.22
0 0.367 0.016 0.026 0.032
0 0.368 0.053 0.024 0.046
0 0.372 0.099 0.028 0.05
0 0.435 0.016 0.094 0.032
0 0.431 0.052 0.09 0.044
0 0.433 0.094 0.094 0.044
0 0.541 0.081 0.082 0.042
0 0.622 0.083 0.08 0.038
0 0.543 0.037 0.082 0.042
0 0.626 0.039 0.08 0.046
0 0.543 0.01 0.082 0.02
0 0.626 0.009 0.084 0.018
