0 0.857 0.13402061855670103 0.286 0.23564064801178203
0 0.844 0.3483063328424153 0.3 0.20471281296023564
0 0.828 0.5810014727540501 0.344 0.27540500736377027
0 0.776 0.7474226804123711 0.312 0.28424153166421207
0 0.738 0.9293078055964654 0.28 0.14138438880706922
0 0.492 0.12223858615611193 0.292 0.24447717231222385
0 0.497 0.34167893961708395 0.27 0.20618556701030927
0 0.463 0.5198821796759941 0.242 0.18556701030927836
0 0.457 0.6840942562592047 0.25 0.1723122238586156
0 0.454 0.8254786450662739 0.236 0.1487481590574374
0 0.469 0.9440353460972017 0.226 0.11192930780559647
0 0.186 0.12297496318114874 0.316 0.22533136966126657
0 0.215 0.33063328424153166 0.29 0.19882179675994108
0 0.204 0.5066273932253313 0.248 0.17673048600883653
0 0.209 0.6649484536082474 0.25 0.1723122238586156
0 0.225 0.8114874815905744 0.23 0.14432989690721648
0 0.24 0.9337260677466863 0.22 0.12960235640648013
