0 0.86 0.2565130260521042 0.28 0.5090180360721442
0 0.866 0.6012024048096193 0.268 0.1843687374749499
0 0.824 0.7775551102204409 0.352 0.18036072144288579
0 0.81 0.9298597194388778 0.336 0.1402805611222445
0 0.48 0.9218436873747495 0.328 0.1402805611222445
0 0.169 0.9188376753507014 0.338 0.1342685370741483
0 0.147 0.720440881763527 0.294 0.2665330661322645
0 0.463 0.7615230460921844 0.366 0.18036072144288579
0 0.567 0.5881763527054108 0.338 0.20240480961923848
0 0.21 0.5871743486973948 0.42 0.2124248496993988
0 0.185 0.27054108216432865 0.37 0.4408817635270541
0 0.539 0.2695390781563126 0.45 0.44288577154308617
0 0.494 0.027054108216432865 0.38 0.05410821643286573
0 0.155 0.02905811623246493 0.31 0.05811623246492986
