0 0.635 0.5626666666666666 0.102 0.19733333333333333
0 0.739 0.6026666666666667 0.114 0.20266666666666666
0 0.836 0.5986666666666667 0.116 0.20533333333333334
0 0.934 0.6026666666666667 0.12 0.20266666666666666
0 0.921 0.39466666666666667 0.106 0.192
0 0.823 0.39866666666666667 0.11 0.19466666666666665
0 0.726 0.4013333333333333 0.112 0.19466666666666665
0 0.951 0.8253333333333334 0.098 0.22666666666666666
0 0.853 0.828 0.106 0.21066666666666667
0 0.75 0.8146666666666667 0.116 0.216
0 0.651 0.7893333333333333 0.098 0.21866666666666668
0 0.555 0.7946666666666666 0.102 0.21333333333333335
0 0.454 0.78 0.104 0.216
0 0.539 0.5693333333333334 0.102 0.2
0 0.444 0.5706666666666667 0.1 0.20266666666666666
0 0.924 0.19733333333333333 0.12 0.20266666666666666
0 0.826 0.19333333333333333 0.116 0.20533333333333334
0 0.717 0.18933333333333333 0.102 0.18133333333333335
0 0.624 0.18666666666666668 0.108 0.18133333333333335
0 0.524 0.18666666666666668 0.092 0.18133333333333335
0 0.437 0.184 0.094 0.176
0 0.624 0.36933333333333335 0.092 0.18933333333333333
0 0.532 0.372 0.096 0.18933333333333333
0 0.439 0.37066666666666664 0.094 0.192
0 0.35 0.576 0.104 0.20266666666666666
0 0.346 0.376 0.092 0.18666666666666668
0 0.349 0.19466666666666665 0.086 0.17066666666666666
0 0.354 0.8066666666666666 0.104 0.216
0 0.256 0.7973333333333333 0.1 0.224
0 0.255 0.58 0.102 0.20533333333333334
0 0.256 0.37066666666666664 0.092 0.18133333333333335
0 0.26 0.18666666666666668 0.092 0.18133333333333335
0 0.174 0.188 0.088 0.17333333333333334
0 0.163 0.36533333333333334 0.098 0.18133333333333335
0 0.158 0.5893333333333334 0.1 0.20266666666666666
0 0.154 0.792 0.1 0.21866666666666668
0 0.056 0.792 0.1 0.21866666666666668
0 0.057 0.5853333333333334 0.098 0.20533333333333334
0 0.072 0.3626666666666667 0.1 0.18666666666666668
0 0.08 0.17733333333333334 0.088 0.184
