0 0.18600682593856654 0.3159090909090909 0.3583617747440273 0.6318181818181818
0 0.008532423208191127 0.3181818181818182 0.017064846416382253 0.6363636363636364
0 0.47440273037542663 0.022727272727272728 0.13651877133105803 0.045454545454545456
0 0.7133105802047781 0.0659090909090909 0.33447098976109213 0.1318181818181818
0 0.9351535836177475 0.09090909090909091 0.1296928327645051 0.18181818181818182
0 0.48293515358361777 0.3386363636363636 0.2627986348122867 0.55
0 0.7013651877133106 0.3409090909090909 0.20136518771331058 0.45454545454545453
0 0.8617747440273038 0.3431818181818182 0.15358361774744028 0.40454545454545454
0 0.9641638225255973 0.35454545454545455 0.07167235494880546 0.36363636363636365
0 0.1757679180887372 0.7636363636363637 0.3515358361774744 0.3090909090909091
0 0.4709897610921502 0.75 0.24573378839590443 0.33636363636363636
0 0.6843003412969283 0.7363636363636363 0.18088737201365188 0.36363636363636365
0 0.841296928327645 0.7318181818181818 0.14675767918088736 0.37272727272727274
0 0.9522184300341296 0.7090909090909091 0.09556313993174062 0.34545454545454546
