0 0.17272727272727273 0.09545454545454546 0.34545454545454546 0.19090909090909092
0 0.5212121212121212 0.10909090909090909 0.37575757575757573 0.21818181818181817
0 0.3696969696969697 0.21363636363636362 0.6909090909090909 0.21818181818181817
0 0.021212121212121213 0.2636363636363636 0.04242424242424243 0.1
0 0.18484848484848485 0.3704545454545455 0.3696969696969697 0.1409090909090909
0 0.5393939393939394 0.36363636363636365 0.36363636363636365 0.14545454545454545
0 0.03636363636363636 0.4954545454545455 0.07272727272727272 0.10909090909090909
0 0.396969696969697 0.509090909090909 0.6484848484848484 0.16363636363636364
0 0.1787878787878788 0.6318181818181818 0.3575757575757576 0.15454545454545454
0 0.5363636363636364 0.625 0.3696969696969697 0.21363636363636362
0 0.06363636363636363 0.7204545454545455 0.09090909090909091 0.10454545454545454
0 0.4212121212121212 0.7340909090909091 0.6242424242424243 0.29545454545454547
0 0.21212121212121213 0.8477272727272728 0.42424242424242425 0.21363636363636362
0 0.5787878787878787 0.8204545454545454 0.3090909090909091 0.2590909090909091
0 0.7696969696969697 0.2818181818181818 0.09696969696969697 0.05454545454545454
0 0.7696969696969697 0.3386363636363636 0.09696969696969697 0.05909090909090909
0 0.7636363636363637 0.4159090909090909 0.08484848484848485 0.11363636363636363
0 0.7606060606060606 0.5181818181818182 0.09090909090909091 0.1
0 0.7606060606060606 0.615909090909091 0.07878787878787878 0.09545454545454546
0 0.906060606060606 0.18863636363636363 0.18787878787878787 0.12272727272727273
0 0.906060606060606 0.2863636363636364 0.18787878787878787 0.10909090909090909
0 0.9030303030303031 0.3840909090909091 0.18181818181818182 0.10454545454545454
0 0.896969696969697 0.47954545454545455 0.18181818181818182 0.08636363636363636
0 0.9 0.5727272727272728 0.18787878787878787 0.1
0 0.9 0.6568181818181819 0.17575757575757575 0.08636363636363636
0 0.9030303030303031 0.7454545454545455 0.19393939393939394 0.11818181818181818
0 0.8939393939393939 0.8295454545454546 0.17575757575757575 0.08636363636363636
0 0.07878787878787878 0.9272727272727272 0.10909090909090909 0.10909090909090909
0 0.39090909090909093 0.9477272727272728 0.5151515151515151 0.10454545454545454
