0 0.922 0.19715142428785606 0.156 0.2413793103448276
0 0.919 0.38980509745127434 0.162 0.20389805097451275
0 0.955 0.5877061469265368 0.09 0.191904047976012
0 0.699 0.0734632683658171 0.318 0.1469265367316342
0 0.668 0.23388305847076463 0.312 0.17391304347826086
0 0.677 0.4002998500749625 0.31 0.17091454272863568
0 0.377 0.0727136431784108 0.33 0.1454272863568216
0 0.351 0.23388305847076463 0.326 0.17691154422788605
0 0.363 0.404047976011994 0.322 0.1664167916041979
0 0.097 0.23238380809595202 0.194 0.17391304347826086
0 0.106 0.4032983508245877 0.212 0.1679160419790105
0 0.106 0.0712143928035982 0.212 0.1424287856071964
0 0.718 0.5847076461769115 0.384 0.20689655172413793
0 0.364 0.6229385307346327 0.164 0.2593703148425787
0 0.235 0.5907046476761619 0.162 0.20689655172413793
0 0.481 0.5899550224887556 0.086 0.20239880059970014
0 0.076 0.6244377811094453 0.152 0.27436281859070466
0 0.781 0.8425787106446777 0.438 0.3148425787106447
0 0.317 0.8455772113943029 0.498 0.30884557721139433
