0 0.04778156996587031 0.05227272727272727 0.09556313993174062 0.10454545454545454
0 0.051194539249146756 0.16818181818181818 0.10238907849829351 0.13636363636363635
0 0.04948805460750853 0.26136363636363635 0.09897610921501707 0.07727272727272727
0 0.15358361774744028 0.04090909090909091 0.1296928327645051 0.08181818181818182
0 0.1621160409556314 0.14545454545454545 0.13993174061433447 0.12727272727272726
0 0.16723549488054607 0.2545454545454545 0.13651877133105803 0.09090909090909091
0 0.29692832764505117 0.07272727272727272 0.16382252559726962 0.14545454545454545
0 0.30716723549488056 0.21818181818181817 0.16382252559726962 0.14545454545454545
0 0.45733788395904434 0.07727272727272727 0.16382252559726962 0.15454545454545454
0 0.4590443686006826 0.22272727272727272 0.15358361774744028 0.13636363636363635
0 0.6160409556313993 0.06363636363636363 0.16040955631399317 0.12727272727272726
0 0.6228668941979523 0.20454545454545456 0.17406143344709898 0.16363636363636364
0 0.7747440273037542 0.07954545454545454 0.15017064846416384 0.1409090909090909
0 0.7781569965870307 0.21363636363636362 0.15699658703071673 0.13636363636363635
0 0.9232081911262798 0.08181818181818182 0.14675767918088736 0.15454545454545454
0 0.9215017064846417 0.21363636363636362 0.15017064846416384 0.12727272727272726
0 0.06313993174061433 0.41818181818181815 0.12627986348122866 0.15454545454545454
0 0.18088737201365188 0.4409090909090909 0.12286689419795221 0.12727272727272726
0 0.31569965870307165 0.42727272727272725 0.15358361774744028 0.13636363636363635
0 0.46928327645051193 0.4022727272727273 0.15358361774744028 0.15
0 0.6313993174061433 0.40454545454545454 0.16382252559726962 0.15454545454545454
0 0.78839590443686 0.4159090909090909 0.15017064846416384 0.1409090909090909
0 0.9249146757679181 0.41818181818181815 0.1296928327645051 0.13636363636363635
0 0.06484641638225255 0.5613636363636364 0.1296928327645051 0.1318181818181818
0 0.1825938566552901 0.5636363636363636 0.11945392491467577 0.12727272727272726
0 0.3191126279863481 0.5568181818181818 0.14675767918088736 0.1318181818181818
0 0.4726962457337884 0.5477272727272727 0.15358361774744028 0.1409090909090909
0 0.6313993174061433 0.5477272727272727 0.15699658703071673 0.1318181818181818
0 0.7866894197952219 0.5522727272727272 0.14675767918088736 0.1318181818181818
0 0.9232081911262798 0.5477272727272727 0.13310580204778158 0.1318181818181818
0 0.06484641638225255 0.6931818181818182 0.1296928327645051 0.1318181818181818
0 0.19283276450511946 0.6931818181818182 0.11945392491467577 0.1318181818181818
0 0.3242320819112628 0.6909090909090909 0.14334470989761092 0.12727272727272726
0 0.4726962457337884 0.6909090909090909 0.14675767918088736 0.14545454545454545
0 0.6296928327645052 0.6954545454545454 0.16040955631399317 0.16363636363636364
0 0.7849829351535836 0.6909090909090909 0.15017064846416384 0.14545454545454545
0 0.9249146757679181 0.6818181818181818 0.12286689419795221 0.13636363636363635
0 0.06825938566552901 0.8681818181818182 0.13651877133105803 0.14545454545454545
0 0.18771331058020477 0.8886363636363637 0.11604095563139932 0.12272727272727273
0 0.3191126279863481 0.8545454545454545 0.14675767918088736 0.11818181818181818
0 0.4658703071672355 0.8545454545454545 0.14675767918088736 0.11818181818181818
0 0.6177474402730375 0.8590909090909091 0.15017064846416384 0.12727272727272726
0 0.7559726962457338 0.865909090909091 0.13310580204778158 0.07727272727272727
0 0.9027303754266212 0.8590909090909091 0.16040955631399317 0.13636363636363635
0 0.06313993174061433 0.9704545454545455 0.12627986348122866 0.05909090909090909
0 0.18430034129692832 0.975 0.11604095563139932 0.05
0 0.31569965870307165 0.9568181818181818 0.15358361774744028 0.08636363636363636
0 0.4641638225255973 0.9568181818181818 0.15017064846416384 0.08636363636363636
0 0.6143344709897611 0.9590909090909091 0.15017064846416384 0.08181818181818182
0 0.7627986348122867 0.95 0.15358361774744028 0.1
0 0.909556313993174 0.9590909090909091 0.14675767918088736 0.08181818181818182
