0 0.22112840409956078 0.5298961061197074 0.16934319180087848 0.11590105386545378
0 0.3832 0.5356071964017991 0.16560000000000002 0.0967016491754123
0 0.5528 0.5317841079460269 0.17639999999999997 0.09835082458770618
0 0.7356 0.5322338830584707 0.20120000000000005 0.10164917541229379
0 0.7995999999999999 0.6336581709145427 0.15639999999999998 0.13148425787106446
0 0.6475 0.6362818590704648 0.1485999999999999 0.12293853073463268
0 0.5023 0.6378560719640181 0.1462 0.11649175412293851
0 0.3585 0.6388305847076462 0.147 0.11514242878560721
0 0.2182 0.6395052473763119 0.14880000000000002 0.11409295352323842
0 0.21919999999999998 0.7514992503748126 0.14520000000000002 0.11409295352323832
0 0.22660000000000002 0.8607946026986508 0.1424 0.10809595202398804
0 0.36469999999999997 0.8603448275862069 0.143 0.10839580209895046
0 0.3603 0.7506746626686658 0.14539999999999997 0.11364317841079462
0 0.5032000000000001 0.7515742128935532 0.1468 0.11454272863568213
0 0.5058 0.8615442278860571 0.15080000000000007 0.11109445277361323
0 0.6492 0.8605697151424287 0.144 0.11184407796101935
0 0.6487 0.7515742128935532 0.14619999999999994 0.10824587706146925
0 0.7954000000000001 0.7499250374812594 0.14839999999999998 0.11424287856071953
0 0.7925 0.8595952023988006 0.145 0.11169415292353824
