0 0.13414634146341464 0.45 0.2682926829268293 0.19333333333333333
0 0.3630393996247655 0.44666666666666666 0.1894934333958724 0.14
0 0.5159474671669794 0.43833333333333335 0.12382739212007504 0.11666666666666667
0 0.5112570356472795 0.5483333333333333 0.09568480300187618 0.12333333333333334
0 0.4146341463414634 0.5683333333333334 0.10881801125703565 0.13666666666666666
0 0.48405253283302063 0.6566666666666666 0.1425891181988743 0.14666666666666667
0 0.4971857410881801 0.7566666666666667 0.0900562851782364 0.14
0 0.40150093808630394 0.7983333333333333 0.10131332082551595 0.19
0 0.2851782363977486 0.87 0.13883677298311445 0.19333333333333333
0 0.3330206378986867 0.9216666666666666 0.1894934333958724 0.15666666666666668
0 0.47842401500938087 0.8683333333333333 0.10881801125703565 0.17
0 0.47560975609756095 0.9433333333333334 0.08818011257035648 0.11333333333333333
0 0.39587242026266417 0.9716666666666667 0.075046904315197 0.056666666666666664
0 0.551594746716698 0.9433333333333334 0.0675422138836773 0.11333333333333333
0 0.6529080675422139 0.9633333333333334 0.150093808630394 0.07333333333333333
0 0.5544090056285178 0.8616666666666667 0.058161350844277676 0.11666666666666667
0 0.6538461538461539 0.9133333333333333 0.14821763602251406 0.14666666666666667
0 0.6425891181988743 0.8116666666666666 0.1669793621013133 0.15666666666666668
0 0.549718574108818 0.7683333333333333 0.04127579737335835 0.10333333333333333
0 0.5666041275797373 0.5916666666666667 0.02626641651031895 0.08333333333333333
0 0.3348968105065666 0.7183333333333334 0.15196998123827393 0.19
0 0.10787992495309569 0.9016666666666666 0.21575984990619138 0.19
0 0.19793621013133209 0.98 0.08067542213883677 0.04
0 0.13133208255159476 0.7866666666666666 0.2589118198874296 0.23333333333333334
0 0.11350844277673545 0.6083333333333333 0.2270168855534709 0.24333333333333335
0 0.5787992495309568 0.515 0.039399624765478425 0.09666666666666666
0 0.4333958724202627 0.30666666666666664 0.11632270168855535 0.14666666666666667
0 0.5919324577861164 0.3283333333333333 0.03189493433395872 0.09666666666666666
0 0.5356472795497186 0.32 0.09568480300187618 0.12666666666666668
0 0.6829268292682927 0.33666666666666667 0.1575984990619137 0.10666666666666667
0 0.6622889305816135 0.44 0.1726078799249531 0.12
0 0.6726078799249531 0.5333333333333333 0.15947467166979362 0.12
0 0.797373358348968 0.5233333333333333 0.0975609756097561 0.10666666666666667
0 0.7954971857410882 0.44166666666666665 0.1050656660412758 0.10333333333333333
0 0.7889305816135085 0.345 0.06191369606003752 0.08333333333333333
0 0.30112570356472795 0.29333333333333333 0.15196998123827393 0.16666666666666666
0 0.11350844277673545 0.27666666666666667 0.22326454033771106 0.20666666666666667
0 0.3442776735459662 0.14333333333333334 0.18574108818011256 0.18666666666666668
0 0.12851782363977485 0.10666666666666667 0.2570356472795497 0.21333333333333335
0 0.5046904315196998 0.18333333333333332 0.13133208255159476 0.16
0 0.5787992495309568 0.22166666666666668 0.024390243902439025 0.09
0 0.6697936210131332 0.23333333333333334 0.16885553470919323 0.12
0 0.7879924953095685 0.24833333333333332 0.0600375234521576 0.11
0 0.8386491557223265 0.25666666666666665 0.0525328330206379 0.1
0 0.9099437148217636 0.19666666666666666 0.11632270168855535 0.06666666666666667
0 0.8864915572232646 0.26666666666666666 0.04690431519699812 0.08666666666666667
0 0.9549718574108818 0.27 0.0900562851782364 0.09333333333333334
0 0.8893058161350844 0.34833333333333333 0.075046904315197 0.09
0 0.8367729831144465 0.35 0.0450281425891182 0.08666666666666667
0 0.9624765478424016 0.35333333333333333 0.075046904315197 0.09333333333333334
0 0.950281425891182 0.43666666666666665 0.09943714821763602 0.09333333333333334
0 0.875234521575985 0.4216666666666667 0.054409005628517824 0.08333333333333333
0 0.8808630393996247 0.5 0.08067542213883677 0.09333333333333334
0 0.9559099437148217 0.52 0.08818011257035648 0.1
0 0.948405253283302 0.6 0.10318949343339587 0.10666666666666667
0 0.8724202626641651 0.5733333333333334 0.0600375234521576 0.09333333333333334
0 0.8198874296435272 0.5933333333333334 0.04878048780487805 0.1
0 0.6585365853658537 0.63 0.1575984990619137 0.14666666666666667
0 0.5703564727954972 0.6916666666666667 0.04878048780487805 0.10333333333333333
0 0.6688555347091932 0.7333333333333333 0.14821763602251406 0.14
0 0.7720450281425891 0.7 0.06191369606003752 0.12
0 0.8198874296435272 0.6683333333333333 0.0375234521575985 0.10333333333333333
0 0.8133208255159474 0.7433333333333333 0.039399624765478425 0.1
0 0.7598499061913696 0.7816666666666666 0.075046904315197 0.12333333333333334
0 0.7607879924953096 0.86 0.06191369606003752 0.12
0 0.8095684803001876 0.82 0.039399624765478425 0.11333333333333333
0 0.799249530956848 0.8916666666666667 0.0450281425891182 0.11
0 0.7532833020637899 0.9383333333333334 0.05065666041275797 0.11666666666666667
0 0.8771106941838649 0.645 0.07317073170731707 0.09666666666666666
0 0.9559099437148217 0.6733333333333333 0.08818011257035648 0.10666666666666667
0 0.9437148217636022 0.75 0.1125703564727955 0.12
0 0.8621013133208255 0.715 0.054409005628517824 0.09
0 0.8677298311444653 0.7866666666666666 0.08067542213883677 0.1
0 0.9512195121951219 0.8233333333333334 0.09380863039399624 0.12
0 0.9409005628517824 0.8983333333333333 0.11819887429643527 0.12333333333333334
0 0.8527204502814258 0.8533333333333334 0.06191369606003752 0.09333333333333334
0 0.7654784240150094 0.615 0.0600375234521576 0.11
0 0.2926829268292683 0.5816666666666667 0.14634146341463414 0.19666666666666666
