0 0.274 0.20933333333333334 0.548 0.20533333333333334
0 0.145 0.4146666666666667 0.282 0.20533333333333334
0 0.407 0.41333333333333333 0.254 0.20266666666666666
0 0.772 0.212 0.456 0.18933333333333333
0 0.736 0.06533333333333333 0.1 0.10933333333333334
0 0.816 0.06266666666666666 0.06 0.11466666666666667
0 0.874 0.06666666666666667 0.064 0.10666666666666667
0 0.939 0.06 0.07 0.12
0 0.657 0.4 0.258 0.18666666666666668
0 0.889 0.39866666666666667 0.222 0.184
0 0.271 0.5933333333333334 0.522 0.20533333333333334
0 0.765 0.572 0.47 0.18933333333333333
0 0.156 0.7866666666666666 0.256 0.19733333333333333
0 0.4 0.772 0.236 0.184
0 0.633 0.7533333333333333 0.234 0.184
0 0.858 0.7453333333333333 0.224 0.184
0 0.287 0.9173333333333333 0.486 0.16533333333333333
0 0.758 0.8986666666666666 0.452 0.20266666666666666
