0 0.979 0.9449275362318841 0.042 0.11014492753623188
0 0.87 0.9318840579710145 0.18 0.13623188405797101
0 0.703 0.9188405797101449 0.158 0.16231884057971013
0 0.549 0.9072463768115943 0.138 0.1855072463768116
0 0.939 0.7608695652173914 0.122 0.2579710144927536
0 0.757 0.744927536231884 0.23 0.2492753623188406
0 0.542 0.7260869565217392 0.196 0.22318840579710145
0 0.964 0.5014492753623189 0.072 0.27246376811594203
0 0.841 0.5014492753623189 0.182 0.25507246376811593
0 0.669 0.5072463768115942 0.158 0.24347826086956523
0 0.515 0.5014492753623189 0.154 0.22608695652173913
0 0.557 0.2985507246376812 0.122 0.19130434782608696
0 0.695 0.28840579710144926 0.15 0.2
0 0.638 0.0536231884057971 0.144 0.10144927536231885
0 0.615 0.14782608695652175 0.106 0.12173913043478261
0 0.8 0.034782608695652174 0.168 0.06956521739130435
0 0.75 0.14492753623188406 0.12 0.1855072463768116
0 0.876 0.1246376811594203 0.132 0.20869565217391303
0 0.97 0.1 0.06 0.2
0 0.944 0.013043478260869565 0.108 0.02608695652173913
0 0.084 0.043478260869565216 0.168 0.08695652173913043
0 0.226 0.06811594202898551 0.116 0.13623188405797101
0 0.071 0.1289855072463768 0.142 0.21739130434782608
0 0.028 0.2898550724637681 0.056 0.11594202898550725
0 0.132 0.2811594202898551 0.152 0.1855072463768116
0 0.104 0.5347826086956522 0.208 0.3739130434782609
0 0.252 0.5144927536231884 0.12 0.30434782608695654
0 0.303 0.2855072463768116 0.214 0.24057971014492754
0 0.348 0.5217391304347826 0.088 0.23768115942028986
0 0.414 0.5057971014492754 0.052 0.20579710144927535
0 0.43 0.6753623188405797 0.04 0.1681159420289855
0 0.363 0.7289855072463768 0.11 0.2579710144927536
0 0.426 0.8681159420289855 0.064 0.21739130434782608
0 0.364 0.8985507246376812 0.076 0.2028985507246377
0 0.263 0.7797101449275362 0.114 0.3130434782608696
0 0.111 0.8333333333333334 0.222 0.3333333333333333
0 0.277 0.927536231884058 0.11 0.14492753623188406
0 0.193 0.9681159420289855 0.066 0.06376811594202898
0 0.818 0.2956521739130435 0.096 0.1565217391304348
0 0.94 0.2855072463768116 0.12 0.18840579710144928
0 0.442 0.3130434782608696 0.08 0.19710144927536233
0 0.449 0.18115942028985507 0.162 0.15942028985507245
0 0.546 0.08840579710144927 0.044 0.14782608695652175
0 0.461 0.06956521739130435 0.13 0.1391304347826087
0 0.491 0.32318840579710145 0.022 0.14782608695652175
0 0.333 0.15942028985507245 0.082 0.06956521739130435
0 0.342 0.06956521739130435 0.112 0.1391304347826087
0 0.182 0.13768115942028986 0.084 0.13043478260869565
0 0.258 0.14492753623188406 0.068 0.06376811594202898
