0 0.17333333333333334 0.3233333333333333 0.3466666666666667 0.32666666666666666
0 0.42 0.36 0.38666666666666666 0.3466666666666667
0 0.81 0.35333333333333333 0.38 0.38666666666666666
0 0.57 0.13333333333333333 0.46 0.26666666666666666
0 0.9 0.07666666666666666 0.2 0.15333333333333332
0 0.25666666666666665 0.05 0.18 0.1
0 0.15 0.5866666666666667 0.3 0.2
0 0.44666666666666666 0.63 0.3466666666666667 0.22
0 0.8166666666666667 0.66 0.36666666666666664 0.24
0 0.8 0.85 0.37333333333333335 0.22
0 0.44666666666666666 0.81 0.32 0.19333333333333333
0 0.15333333333333332 0.78 0.29333333333333333 0.17333333333333334
0 0.19666666666666666 0.9066666666666666 0.26 0.10666666666666667
0 0.22666666666666666 0.9833333333333333 0.21333333333333335 0.03333333333333333
0 0.47 0.9366666666666666 0.2866666666666667 0.12666666666666668
0 0.7766666666666666 0.9533333333333334 0.31333333333333335 0.09333333333333334
