0 0.19795221843003413 0.1318181818181818 0.17064846416382254 0.2636363636363636
0 0.363481228668942 0.12727272727272726 0.18088737201365188 0.2545454545454545
0 0.5392491467576792 0.12954545454545455 0.19112627986348124 0.2590909090909091
0 0.71160409556314 0.12727272727272726 0.20136518771331058 0.2545454545454545
0 0.8839590443686007 0.12727272727272726 0.20477815699658702 0.2545454545454545
0 0.9761092150170648 0.12045454545454545 0.04778156996587031 0.2409090909090909
0 0.18088737201365188 0.42727272727272725 0.18430034129692832 0.35454545454545455
0 0.363481228668942 0.42272727272727273 0.1945392491467577 0.33636363636363636
0 0.5546075085324232 0.425 0.20136518771331058 0.33181818181818185
0 0.7440273037542662 0.4159090909090909 0.20477815699658702 0.33181818181818185
0 0.9112627986348123 0.41818181818181815 0.17747440273037543 0.32727272727272727
0 0.18600682593856654 0.7840909090909091 0.20136518771331058 0.37727272727272726
0 0.3771331058020478 0.7772727272727272 0.18771331058020477 0.4
0 0.5750853242320819 0.7818181818181819 0.2150170648464164 0.4
0 0.773037542662116 0.775 0.22866894197952217 0.39545454545454545
0 0.9283276450511946 0.7909090909090909 0.14334470989761092 0.39090909090909093
