0 0.898 0.02180232558139535 0.204 0.0436046511627907
0 0.887 0.20348837209302326 0.226 0.313953488372093
0 0.882 0.4680232558139535 0.236 0.27906976744186046
0 0.855 0.7020348837209303 0.29 0.2761627906976744
0 0.844 0.8372093023255814 0.312 0.32558139534883723
0 0.368 0.036337209302325583 0.716 0.07267441860465117
0 0.135 0.20784883720930233 0.27 0.2936046511627907
0 0.386 0.2136627906976744 0.268 0.2936046511627907
0 0.659 0.2063953488372093 0.274 0.313953488372093
0 0.659 0.4752906976744186 0.246 0.24709302325581395
0 0.411 0.4883720930232558 0.25 0.2558139534883721
0 0.157 0.4752906976744186 0.262 0.23546511627906977
0 0.028 0.436046511627907 0.056 0.27906976744186046
0 0.394 0.6816860465116279 0.592 0.2005813953488372
0 0.405 0.872093023255814 0.558 0.18604651162790697
0 0.582 0.9825581395348837 0.192 0.03488372093023256
0 0.44 0.9840116279069767 0.096 0.03197674418604651
0 0.345 0.9825581395348837 0.098 0.03488372093023256
0 0.198 0.9491279069767442 0.192 0.10174418604651163
0 0.059 0.9607558139534884 0.118 0.07848837209302326
0 0.071 0.8284883720930233 0.134 0.20348837209302326
0 0.061 0.6555232558139535 0.122 0.2063953488372093
