0 0.551 0.03373313343328336 0.274 0.06746626686656672
0 0.315 0.022488755622188907 0.198 0.044977511244377814
0 0.113 0.0239880059970015 0.206 0.047976011994003
0 0.581 0.10269865067466268 0.186 0.11244377811094453
0 0.394 0.10269865067466268 0.192 0.1184407796101949
0 0.158 0.10194902548725637 0.296 0.1199400299850075
0 0.103 0.212143928035982 0.198 0.11244377811094453
0 0.296 0.2143928035982009 0.192 0.11094452773613193
0 0.528 0.2143928035982009 0.288 0.11094452773613193
0 0.164 0.32233883058470764 0.296 0.11094452773613193
0 0.402 0.3193403298350825 0.188 0.11094452773613193
0 0.584 0.31784107946026985 0.176 0.10794602698650675
0 0.541 0.4235382308845577 0.262 0.10644677661169415
0 0.314 0.4280359820089955 0.192 0.10944527736131934
0 0.125 0.4302848575712144 0.194 0.11094452773613193
0 0.18 0.5352323838080959 0.28 0.10794602698650675
0 0.419 0.5284857571214393 0.174 0.10344827586206896
0 0.592 0.5262368815592204 0.172 0.10494752623688156
0 0.14 0.6341829085457271 0.18 0.095952023988006
0 0.318 0.631184407796102 0.176 0.10194902548725637
0 0.541 0.6251874062968515 0.254 0.10194902548725637
0 0.573 0.7188905547226386 0.166 0.09745127436281859
0 0.402 0.7271364317841079 0.168 0.10194902548725637
0 0.179 0.7308845577211395 0.27 0.10044977511244378
0 0.178 0.8275862068965517 0.268 0.09895052473763119
0 0.397 0.823088455772114 0.174 0.095952023988006
0 0.57 0.8133433283358321 0.168 0.09745127436281859
0 0.535 0.9062968515742129 0.242 0.09745127436281859
0 0.14 0.9347826086956522 0.18 0.12743628185907047
0 0.24 0.9347826086956522 0.308 0.13043478260869565
0 0.801 0.4077961019490255 0.258 0.1199400299850075
0 0.964 0.41679160419790107 0.072 0.10494752623688156
0 0.759 0.5172413793103449 0.174 0.09895052473763119
0 0.922 0.5164917541229386 0.156 0.10044977511244378
0 0.959 0.6116941529235382 0.082 0.095952023988006
0 0.795 0.6146926536731634 0.258 0.095952023988006
0 0.743 0.7098950524737632 0.17 0.09745127436281859
0 0.911 0.7076461769115442 0.174 0.10194902548725637
0 0.78 0.8073463268365817 0.252 0.10344827586206896
0 0.952 0.8013493253373314 0.096 0.09745127436281859
0 0.741 0.8988005997001499 0.166 0.0944527736131934
0 0.901 0.8928035982008995 0.158 0.0944527736131934
0 0.745 0.9715142428785607 0.162 0.05697151424287856
0 0.908 0.967016491754123 0.16 0.06596701649175413
0 0.623 0.9737631184407796 0.082 0.05247376311844078
0 0.501 0.9760119940029985 0.21 0.047976011994003
