0 0.338 0.1399548532731377 0.376 0.2799097065462754
0 0.128 0.1613995485327314 0.044 0.22799097065462753
0 0.261 0.3984198645598194 0.298 0.26410835214446954
0 0.105 0.3623024830699774 0.022 0.16027088036117382
0 0.087 0.2178329571106095 0.03 0.11963882618510158
0 0.063 0.23476297968397292 0.018 0.09029345372460497
0 0.084 0.34875846501128666 0.028 0.13318284424379231
0 0.06 0.34650112866817157 0.016 0.12415349887133183
0 0.042 0.34085778781038373 0.016 0.10835214446952596
0 0.313 0.6388261851015802 0.382 0.2708803611738149
0 0.275 0.801354401805869 0.29 0.22573363431151242
0 0.523 0.8239277652370203 0.206 0.18510158013544017
0 0.611 0.6252821670428894 0.218 0.23476297968397292
0 0.516 0.3972911963882618 0.216 0.24379232505643342
0 0.629 0.1670428893905192 0.21 0.23927765237020315
0 0.722 0.4018058690744921 0.204 0.23024830699774265
0 0.827 0.1930022573363431 0.198 0.23702031602708803
0 0.954 0.21557562076749437 0.092 0.20993227990970656
0 0.906 0.4074492099322799 0.188 0.2054176072234763
0 0.801 0.6162528216704289 0.178 0.2076749435665914
0 0.939 0.6027088036117382 0.122 0.18961625282167044
0 0.896 0.7866817155756207 0.208 0.2054176072234763
0 0.712 0.8126410835214447 0.184 0.20316027088036118
0 0.889 0.8939051918735892 0.222 0.045146726862302484
0 0.949 0.8724604966139955 0.066 0.056433408577878104
0 0.743 0.9063205417607223 0.082 0.020316027088036117
0 0.883 0.8758465011286681 0.062 0.022573363431151242
0 0.817 0.8939051918735892 0.066 0.02708803611738149
