0 0.8179261501726858 0.3848980754320043 0.34410761949430774 0.5460476830546034
0 0.7288577154308616 0.09339066482479522 0.2809619238476954 0.1663521217191665
0 0.9340823970037453 0.08181520671975565 0.1273408239700375 0.14726737209556015
0 0.3874429223744292 0.09143503125415614 0.41506849315068495 0.16624551137119298
0 0.5659817351598174 0.40175998581371636 0.16940639269406393 0.47435385911247063
0 0.38744292237442923 0.4084098062685641 0.2205479452054795 0.5364188500243828
0 0.4004566210045662 0.815711309127987 0.19178082191780824 0.34911557387950526
0 0.6703196347031963 0.7974835251967279 0.3598173515981735 0.3844628383328816
0 0.9029680365296804 0.8085073369685686 0.13470319634703196 0.3646318216074832
0 0.18493150684931506 0.8337212395265328 0.24748858447488584 0.3142040164915546
0 0.16412562306110356 0.417200090559387 0.2671825438321308 0.6108274644014637
0 0.08956743002544529 0.07102448183008472 0.17811704834605596 0.1247560463450184
0 0.029516539440203562 0.41842683860767305 0.059033078880407125 0.6256330442945726
0 0.03384223918575063 0.8569258133847181 0.06666666666666667 0.2686578225746683
0 0.9826257309941521 0.8070388349514563 0.030748538011695813 0.3713592233009709
