0 0.8296875 0.9444444444444444 0.321875 0.1111111111111111
0 0.575 0.9666666666666667 0.1875 0.06666666666666667
0 0.834375 0.8111111111111111 0.33125 0.24444444444444444
0 0.5734375 0.8305555555555556 0.190625 0.2722222222222222
0 0.371875 0.8722222222222222 0.2125 0.23333333333333334
0 0.1359375 0.8777777777777778 0.246875 0.24444444444444444
0 0.9296875 0.5888888888888889 0.140625 0.2111111111111111
0 0.76875 0.5944444444444444 0.1875 0.2111111111111111
0 0.584375 0.6027777777777777 0.1875 0.21666666666666667
0 0.9390625 0.36944444444444446 0.121875 0.22777777777777777
0 0.790625 0.375 0.1875 0.2388888888888889
0 0.9296875 0.14166666666666666 0.140625 0.2388888888888889
0 0.7703125 0.1388888888888889 0.184375 0.24444444444444444
0 0.5828125 0.13333333333333333 0.203125 0.26666666666666666
0 0.3671875 0.13055555555555556 0.228125 0.2611111111111111
0 0.596875 0.38055555555555554 0.2 0.25
0 0.365625 0.6388888888888888 0.225 0.26666666666666666
0 0.128125 0.6583333333333333 0.25625 0.2722222222222222
0 0.3796875 0.3861111111111111 0.215625 0.25
0 0.1328125 0.3972222222222222 0.265625 0.2833333333333333
0 0.121875 0.12777777777777777 0.24375 0.25555555555555554
