0 0.152 0.14666666666666667 0.284 0.23466666666666666
0 0.424 0.13733333333333334 0.248 0.21066666666666667
0 0.655 0.136 0.222 0.192
0 0.866 0.14933333333333335 0.208 0.18666666666666668
0 0.112 0.444 0.184 0.34933333333333333
0 0.283 0.43733333333333335 0.166 0.336
0 0.431 0.4186666666666667 0.146 0.32
0 0.568 0.412 0.132 0.30666666666666664
0 0.699 0.404 0.138 0.30133333333333334
0 0.831 0.3973333333333333 0.126 0.29333333333333333
0 0.13 0.7893333333333333 0.188 0.3626666666666667
0 0.304 0.7626666666666667 0.168 0.3413333333333333
0 0.455 0.732 0.158 0.32266666666666666
0 0.593 0.7106666666666667 0.138 0.30666666666666664
0 0.722 0.7026666666666667 0.136 0.296
0 0.852 0.6906666666666667 0.124 0.288
