0 0.4113636363636364 0.1159090909090909 0.33181818181818185 0.19545454545454546
0 0.3613636363636364 0.1590909090909091 0.39545454545454545 0.23636363636363636
0 0.11136363636363636 0.18409090909090908 0.1409090909090909 0.08636363636363636
0 0.07045454545454545 0.36363636363636365 0.1409090909090909 0.2818181818181818
0 0.17954545454545454 0.36818181818181817 0.2318181818181818 0.2818181818181818
0 0.38636363636363635 0.3840909090909091 0.21818181818181817 0.20454545454545456
0 0.7454545454545455 0.16818181818181818 0.19090909090909092 0.06363636363636363
0 0.8954545454545455 0.16590909090909092 0.2 0.06818181818181818
0 0.6045454545454545 0.31363636363636366 0.2 0.3090909090909091
0 0.8 0.3340909090909091 0.23636363636363636 0.2681818181818182
0 0.925 0.3340909090909091 0.15 0.2772727272727273
0 0.07272727272727272 0.5659090909090909 0.14545454545454545 0.1409090909090909
0 0.22727272727272727 0.5659090909090909 0.2 0.1318181818181818
0 0.41363636363636364 0.55 0.18181818181818182 0.15454545454545454
0 0.6 0.5545454545454546 0.18181818181818182 0.16363636363636364
0 0.7886363636363637 0.5522727272727272 0.19545454545454546 0.16818181818181818
0 0.9363636363636364 0.5590909090909091 0.12727272727272726 0.18181818181818182
0 0.09090909090909091 0.7 0.18181818181818182 0.11818181818181818
0 0.25227272727272726 0.6977272727272728 0.18636363636363637 0.1318181818181818
0 0.41818181818181815 0.6909090909090909 0.16363636363636364 0.11818181818181818
0 0.5886363636363636 0.7022727272727273 0.17727272727272728 0.1409090909090909
0 0.7704545454545455 0.7045454545454546 0.18636363636363637 0.13636363636363635
0 0.9272727272727272 0.7113636363636363 0.14545454545454545 0.12272727272727273
0 0.09772727272727273 0.8204545454545454 0.17727272727272728 0.12272727272727273
0 0.25681818181818183 0.8159090909090909 0.17727272727272728 0.12272727272727273
0 0.41818181818181815 0.8090909090909091 0.15454545454545454 0.11818181818181818
0 0.5795454545454546 0.8204545454545454 0.1590909090909091 0.12272727272727273
0 0.7454545454545455 0.8227272727272728 0.16363636363636364 0.1
0 0.9159090909090909 0.8318181818181818 0.16818181818181818 0.11818181818181818
0 0.9 0.9386363636363636 0.17272727272727273 0.10454545454545454
0 0.740909090909091 0.9295454545454546 0.16363636363636364 0.10454545454545454
0 0.5772727272727273 0.9340909090909091 0.15454545454545454 0.11363636363636363
0 0.42272727272727273 0.9204545454545454 0.14545454545454545 0.11363636363636363
0 0.27954545454545454 0.9272727272727272 0.1590909090909091 0.1
0 0.1340909090909091 0.925 0.16818181818181818 0.11363636363636363
