0 0.23004201680672268 0.13076923076923078 0.46008403361344535 0.2118343195266272
0 0.2867647058823529 0.2775147928994083 0.5735294117647058 0.19289940828402366
0 0.23004201680672268 0.40236686390532544 0.46008403361344535 0.13964497041420118
0 0.2920168067226891 0.5396449704142012 0.5840336134453782 0.13254437869822486
0 0.23319327731092437 0.6550295857988165 0.46638655462184875 0.14319526627218934
0 0.28886554621848737 0.7550295857988165 0.5777310924369747 0.18698224852071005
0 0.22163865546218486 0.878698224852071 0.4432773109243697 0.178698224852071
0 0.2773109243697479 0.9177514792899408 0.5546218487394958 0.16449704142011834
0 0.5367647058823529 0.9372781065088758 0.20378151260504201 0.12544378698224853
0 0.6144957983193278 0.850887573964497 0.12394957983193278 0.13254437869822486
0 0.5609243697478992 0.7923076923076923 0.23949579831932774 0.15502958579881657
0 0.6365546218487395 0.6875739644970414 0.1134453781512605 0.10177514792899409
0 0.5861344537815126 0.6183431952662722 0.25210084033613445 0.1289940828402367
0 0.6460084033613446 0.5189349112426036 0.12394957983193278 0.09585798816568047
0 0.5787815126050421 0.4171597633136095 0.23739495798319327 0.11005917159763313
0 0.6449579831932774 0.3337278106508876 0.14705882352941177 0.10650887573964497
0 0.582983193277311 0.2254437869822485 0.2920168067226891 0.1408284023668639
0 0.7993697478991597 0.2798816568047337 0.14915966386554622 0.09112426035502959
0 0.7752100840336135 0.3473372781065089 0.1092436974789916 0.0863905325443787
0 0.9086134453781513 0.35976331360946745 0.15756302521008403 0.08047337278106509
0 0.9359243697478992 0.2982248520710059 0.11974789915966387 0.08047337278106509
0 0.7909663865546218 0.42248520710059173 0.1869747899159664 0.0757396449704142
0 0.9338235294117647 0.4272189349112426 0.09873949579831932 0.06627218934911243
0 0.75 0.49644970414201184 0.10084033613445378 0.07218934911242604
0 0.8907563025210085 0.493491124260355 0.18067226890756302 0.07100591715976332
0 0.9222689075630253 0.5544378698224852 0.10504201680672269 0.06982248520710059
0 0.792016806722689 0.5662721893491124 0.1638655462184874 0.08165680473372781
0 0.7531512605042017 0.6414201183431952 0.11554621848739496 0.08520710059171598
0 0.8939075630252101 0.6195266272189349 0.17436974789915966 0.0863905325443787
0 0.7846638655462185 0.7076923076923077 0.20798319327731093 0.1136094674556213
0 0.9359243697478992 0.6727810650887573 0.09873949579831932 0.07692307692307693
0 0.7510504201680672 0.7798816568047338 0.14495798319327732 0.0970414201183432
0 0.9086134453781513 0.737869822485207 0.17436974789915966 0.10059171597633136
0 0.7657563025210085 0.8378698224852071 0.2542016806722689 0.13254437869822486
0 0.9432773109243697 0.7887573964497041 0.10084033613445378 0.0863905325443787
