0 0.12861209964412812 0.42704626334519574 0.23202846975088964 0.19598741554489663
0 0.138220640569395 0.5864149775645985 0.2313167259786477 0.20527102996544433
0 0.14711743772241992 0.7457836917840013 0.21494661921708183 0.20011346639847344
0 0.15494661921708183 0.8900097993707772 0.2064056939501779 0.2141832998091702
0 0.034056939501779356 0.8607973593274536 0.06811387900355871 0.16194749600288813
0 0.025516014234875442 0.7194801175924493 0.051032028469750884 0.15163236886894638
0 0.037 0.9594202898550724 0.074 0.07536231884057971
0 0.15827758007117437 0.9673732528753417 0.18744483985765123 0.05945639280004132
0 0.3229181494661922 0.23518489865387593 0.1665480427046263 0.18567228841095465
0 0.47451957295373665 0.06189076280365154 0.26761565836298934 0.12171850018051472
0 0.24676156583629894 0.08200526071483831 0.23345195729537366 0.16401052142967662
0 0.31330960854092527 0.4115735726442828 0.1516014234875445 0.18360926298416624
0 0.3197153024911032 0.5828046830677188 0.14733096085409256 0.17535716127701276
0 0.32754448398576513 0.739594615503636 0.1473309608540925 0.1856722884109546
0 0.32149466192170817 0.8951673629377482 0.15658362989323843 0.20386817267522828
0 0.5136654804270462 0.2264170405900253 0.26334519572953735 0.23002733508690495
0 0.5168683274021353 0.4389086595492289 0.2583629893238434 0.23415338594048168
0 0.5197153024911032 0.6385063695910052 0.25551601423487547 0.25168910206818296
0 0.5225622775800711 0.824694414358657 0.2569395017793595 0.24240548764763534
0 0.5197153024911032 0.9281757697663624 0.2427046263345196 0.1378513590179999
0 0.7631316725978647 0.054670173809892204 0.30533807829181503 0.10727732219299604
0 0.8001423487544485 0.21558615709938628 0.3053380782918149 0.2537521274949714
0 0.8012099644128113 0.4600546701738099 0.304626334519573 0.24343700036102944
0 0.7912455516014235 0.6699675073495281 0.29181494661921714 0.23002733508690495
0 0.7898220640569396 0.8607973593274536 0.27758007117437716 0.2217752333797513
0 0.7706049822064057 0.9498375367476403 0.25480427046263343 0.09452782505544387
