0 0.5133333333333333 0.21875 0.3422222222222222 0.0825
0 0.17555555555555555 0.33625 0.3511111111111111 0.1475
0 0.1811111111111111 0.47625 0.3488888888888889 0.14
0 0.19444444444444445 0.604375 0.33555555555555555 0.13625
0 0.21 0.72125 0.32666666666666666 0.1275
0 0.5111111111111111 0.706875 0.29333333333333333 0.12125
0 0.5066666666666667 0.59 0.30666666666666664 0.13
0 0.5077777777777778 0.465625 0.3088888888888889 0.13625
0 0.5044444444444445 0.330625 0.3333333333333333 0.14125
0 0.8311111111111111 0.32625 0.31555555555555553 0.14
0 0.8222222222222222 0.45625 0.29777777777777775 0.13
0 0.81 0.575 0.2911111111111111 0.125
0 0.7966666666666666 0.68875 0.2822222222222222 0.1225
