0 0.014444444444444444 0.2125 0.028888888888888888 0.075
0 0.051111111111111114 0.21083333333333334 0.04888888888888889 0.07833333333333334
0 0.1 0.21166666666666667 0.057777777777777775 0.08333333333333333
0 0.18222222222222223 0.21 0.12 0.08666666666666667
0 0.2911111111111111 0.20916666666666667 0.11555555555555555 0.08833333333333333
0 0.41444444444444445 0.21083333333333334 0.13555555555555557 0.10166666666666667
0 0.5511111111111111 0.215 0.1511111111111111 0.10333333333333333
0 0.7033333333333334 0.2175 0.1711111111111111 0.105
0 0.88 0.22083333333333333 0.21333333333333335 0.11833333333333333
0 0.006666666666666667 0.28583333333333333 0.013333333333333334 0.07166666666666667
0 0.05 0.2891666666666667 0.1 0.07833333333333334
0 0.14444444444444443 0.2925 0.10666666666666667 0.08166666666666667
0 0.24888888888888888 0.2966666666666667 0.10666666666666667 0.08666666666666667
0 0.35333333333333333 0.3 0.1111111111111111 0.09333333333333334
0 0.4711111111111111 0.30583333333333335 0.1288888888888889 0.09833333333333333
0 0.6033333333333334 0.315 0.15333333333333332 0.1
0 0.8022222222222222 0.325 0.26666666666666666 0.11
0 0.08444444444444445 0.36333333333333334 0.12 0.08
0 0.015555555555555555 0.3575 0.02666666666666667 0.07166666666666667
0 0.19 0.37083333333333335 0.10444444444444445 0.08166666666666667
0 0.29444444444444445 0.37833333333333335 0.11333333333333333 0.08666666666666667
0 0.4066666666666667 0.38916666666666666 0.11555555555555555 0.08833333333333333
0 0.53 0.39916666666666667 0.13555555555555557 0.095
0 0.6677777777777778 0.41083333333333333 0.15777777777777777 0.10166666666666667
0 0.8333333333333334 0.4241666666666667 0.17777777777777778 0.105
0 0.015555555555555555 0.42583333333333334 0.02666666666666667 0.07166666666666667
0 0.02 0.4925 0.035555555555555556 0.07833333333333334
0 0.023333333333333334 0.5591666666666667 0.04666666666666667 0.075
0 0.02666666666666667 0.625 0.04888888888888889 0.07666666666666666
0 0.03 0.6666666666666666 0.06 0.04
0 0.06777777777777778 0.43166666666666664 0.07333333333333333 0.08333333333333333
0 0.15 0.43916666666666665 0.1 0.07833333333333334
0 0.24888888888888888 0.4475 0.10666666666666667 0.08166666666666667
0 0.35333333333333333 0.46 0.1111111111111111 0.08333333333333333
0 0.4677777777777778 0.47333333333333333 0.12666666666666668 0.09
0 0.5933333333333334 0.49 0.14666666666666667 0.09666666666666666
0 0.7811111111111111 0.5083333333333333 0.2511111111111111 0.10333333333333333
0 0.04777777777777778 0.495 0.03333333333333333 0.07333333333333333
0 0.10555555555555556 0.5016666666666667 0.1 0.07333333333333333
0 0.20444444444444446 0.5125 0.09777777777777778 0.08166666666666667
0 0.30444444444444446 0.5258333333333334 0.10666666666666667 0.08166666666666667
0 0.41333333333333333 0.5383333333333333 0.11555555555555555 0.08666666666666667
0 0.5344444444444445 0.5566666666666666 0.12666666666666668 0.09333333333333334
0 0.6611111111111111 0.5775 0.14444444444444443 0.095
0 0.8266666666666667 0.5783333333333334 0.18666666666666668 0.13333333333333333
0 0.08 0.5616666666666666 0.08444444444444445 0.06666666666666667
0 0.06444444444444444 0.6183333333333333 0.04 0.06333333333333334
0 0.09444444444444444 0.68 0.07777777777777778 0.06333333333333334
0 0.12777777777777777 0.6275 0.09111111111111111 0.07166666666666667
0 0.20777777777777778 0.6966666666666667 0.14888888888888888 0.07333333333333333
0 0.22555555555555556 0.6425 0.11333333333333333 0.075
0 0.1688888888888889 0.5733333333333334 0.09333333333333334 0.07666666666666666
0 0.26555555555555554 0.5858333333333333 0.09555555555555556 0.075
0 0.3688888888888889 0.605 0.11555555555555555 0.08333333333333333
0 0.48333333333333334 0.6225 0.12222222222222222 0.08833333333333333
0 0.6055555555555555 0.6425 0.13555555555555557 0.095
0 0.7911111111111111 0.6516666666666666 0.2577777777777778 0.14666666666666667
0 0.3522222222222222 0.6675 0.14444444444444443 0.09166666666666666
0 0.48444444444444446 0.6925 0.12444444444444444 0.095
0 0.6066666666666667 0.7175 0.13777777777777778 0.09166666666666666
0 0.7777777777777778 0.7491666666666666 0.22666666666666666 0.11166666666666666
0 0.4822222222222222 0.7575 0.11555555555555555 0.08166666666666667
0 0.5988888888888889 0.7858333333333334 0.13111111111111112 0.08833333333333333
0 0.7666666666666667 0.8166666666666667 0.22666666666666666 0.10666666666666667
0 0.30444444444444446 0.8058333333333333 0.27555555555555555 0.25166666666666665
0 0.9777777777777777 0.3491666666666667 0.044444444444444446 0.26166666666666666
0 0.9655555555555555 0.6008333333333333 0.06888888888888889 0.25166666666666665
0 0.9544444444444444 0.7716666666666666 0.09111111111111111 0.17333333333333334
0 0.9466666666666667 0.8991666666666667 0.10666666666666667 0.165
0 0.9388888888888889 0.96 0.12222222222222222 0.08
0 0.06 0.72 0.12 0.08
0 0.1288888888888889 0.8716666666666667 0.2577777777777778 0.25666666666666665
