0 0.5295454545454545 0.07954545454545454 0.9409090909090909 0.1590909090909091
0 0.13863636363636364 0.25227272727272726 0.2772727272727273 0.19545454545454546
0 0.48409090909090907 0.23863636363636365 0.4590909090909091 0.21363636363636362
0 0.8545454545454545 0.20909090909090908 0.2909090909090909 0.21818181818181817
0 0.5 0.4113636363636364 1.0 0.21363636363636362
0 0.8772727272727273 0.5795454545454546 0.24545454545454545 0.18636363636363637
0 0.5477272727272727 0.5840909090909091 0.41363636363636364 0.16818181818181818
0 0.17272727272727273 0.6045454545454545 0.34545454545454546 0.18181818181818182
0 0.5 0.75 1.0 0.17272727272727273
0 0.8454545454545455 0.9181818181818182 0.3090909090909091 0.16363636363636364
0 0.4818181818181818 0.9181818181818182 0.41818181818181815 0.16363636363636364
0 0.13863636363636364 0.9159090909090909 0.2772727272727273 0.16818181818181818
