0 0.078 0.12666666666666668 0.156 0.24266666666666667
0 0.225 0.12666666666666668 0.19 0.25333333333333335
0 0.402 0.12933333333333333 0.204 0.25866666666666666
0 0.573 0.13733333333333334 0.15 0.27466666666666667
0 0.724 0.14133333333333334 0.192 0.2826666666666667
0 0.896 0.144 0.208 0.288
0 0.564 0.43866666666666665 0.244 0.3333333333333333
0 0.81 0.456 0.288 0.352
0 0.938 0.312 0.036 0.05333333333333334
0 0.098 0.3426666666666667 0.184 0.2
0 0.249 0.348 0.186 0.20533333333333334
0 0.408 0.35733333333333334 0.168 0.208
0 0.4 0.5466666666666666 0.116 0.192
0 0.272 0.536 0.164 0.18133333333333335
0 0.129 0.5213333333333333 0.174 0.17866666666666667
0 0.16 0.6733333333333333 0.16 0.15733333333333333
0 0.294 0.692 0.152 0.16266666666666665
0 0.411 0.7106666666666667 0.11 0.17333333333333334
0 0.558 0.6946666666666667 0.212 0.23733333333333334
0 0.788 0.732 0.256 0.248
0 0.559 0.8253333333333334 0.198 0.09333333333333334
0 0.761 0.9066666666666666 0.222 0.18666666666666668
0 0.564 0.9 0.24 0.2
