0 0.05038022813688213 0.058333333333333334 0.055133079847908745 0.09666666666666666
0 0.11977186311787072 0.05333333333333334 0.08365019011406843 0.08
0 0.20627376425855512 0.07666666666666666 0.09315589353612168 0.12
0 0.045627376425855515 0.14333333333333334 0.045627376425855515 0.09333333333333334
0 0.11311787072243346 0.11833333333333333 0.09315589353612168 0.12333333333333334
0 0.32509505703422054 0.07 0.1444866920152091 0.11333333333333333
0 0.04752851711026616 0.22666666666666666 0.045627376425855515 0.09333333333333334
0 0.09315589353612168 0.21833333333333332 0.045627376425855515 0.09666666666666666
0 0.1634980988593156 0.19666666666666666 0.09505703422053231 0.13333333333333333
0 0.2975285171102662 0.165 0.17300380228136883 0.16333333333333333
0 0.06368821292775666 0.31166666666666665 0.0779467680608365 0.09
0 0.12927756653992395 0.31166666666666665 0.053231939163498096 0.11
0 0.20627376425855512 0.3 0.10456273764258556 0.12666666666666668
0 0.32129277566539927 0.29833333333333334 0.12927756653992395 0.15666666666666668
0 0.043726235741444866 0.4 0.03802281368821293 0.08666666666666667
0 0.08840304182509506 0.3983333333333333 0.055133079847908745 0.09666666666666666
0 0.1634980988593156 0.41833333333333333 0.10646387832699619 0.12333333333333334
0 0.30228136882129275 0.4266666666666667 0.17490494296577946 0.14
0 0.05608365019011407 0.49166666666666664 0.06273764258555133 0.09
0 0.09980988593155894 0.495 0.03231939163498099 0.09
0 0.13688212927756654 0.5283333333333333 0.049429657794676805 0.11
0 0.21197718631178708 0.5433333333333333 0.10836501901140684 0.13333333333333333
0 0.32604562737642584 0.5583333333333333 0.12737642585551331 0.13666666666666666
0 0.03802281368821293 0.57 0.026615969581749048 0.08666666666666667
0 0.08269961977186312 0.5833333333333334 0.06273764258555133 0.10666666666666667
0 0.16064638783269963 0.6416666666666667 0.10076045627376426 0.13
0 0.053231939163498096 0.6616666666666666 0.057034220532319393 0.11
0 0.09980988593155894 0.68 0.03612167300380228 0.1
0 0.0370722433460076 0.745 0.024714828897338403 0.09666666666666666
0 0.08555133079847908 0.7666666666666667 0.07604562737642585 0.12
0 0.055133079847908745 0.8366666666666667 0.060836501901140684 0.11333333333333333
0 0.10551330798479087 0.865 0.04752851711026616 0.10333333333333333
0 0.0370722433460076 0.905 0.024714828897338403 0.09
0 0.08555133079847908 0.9233333333333333 0.07984790874524715 0.08666666666666667
0 0.2984790874524715 0.6783333333333333 0.18250950570342206 0.15
0 0.188212927756654 0.7633333333333333 0.1444866920152091 0.17333333333333334
0 0.32509505703422054 0.8066666666666666 0.13307984790874525 0.14666666666666667
0 0.17015209125475286 0.8533333333333334 0.09695817490494296 0.13333333333333333
0 0.3032319391634981 0.8966666666666666 0.17300380228136883 0.13333333333333333
0 0.1473384030418251 0.925 0.043726235741444866 0.08333333333333333
0 0.20817490494296578 0.9333333333333333 0.0779467680608365 0.06
0 0.4695817490494297 0.06166666666666667 0.1482889733840304 0.09666666666666666
0 0.594106463878327 0.051666666666666666 0.10836501901140684 0.07666666666666666
0 0.7091254752851711 0.04 0.11787072243346007 0.05333333333333334
0 0.42585551330798477 0.17 0.08365019011406843 0.14666666666666667
0 0.5171102661596958 0.16 0.11026615969581749 0.16
0 0.6929657794676806 0.12833333333333333 0.25285171102661597 0.21666666666666667
0 0.46577946768060835 0.31 0.1634980988593156 0.15333333333333332
0 0.5960076045627376 0.30666666666666664 0.10836501901140684 0.16666666666666666
0 0.7262357414448669 0.30333333333333334 0.1634980988593156 0.18666666666666668
0 0.43155893536121676 0.4483333333333333 0.07984790874524715 0.13
0 0.5171102661596958 0.455 0.09885931558935361 0.15
0 0.6787072243346007 0.47333333333333333 0.23954372623574144 0.16666666666666666
0 0.46482889733840305 0.5866666666666667 0.15399239543726237 0.16666666666666666
0 0.5884030418250951 0.6083333333333333 0.10456273764258556 0.15666666666666668
0 0.7167300380228137 0.6316666666666667 0.16730038022813687 0.17666666666666667
0 0.4296577946768061 0.7083333333333334 0.08745247148288973 0.14333333333333334
0 0.5142585551330798 0.73 0.08555133079847908 0.14666666666666667
0 0.6730038022813688 0.7783333333333333 0.24334600760456274 0.21
0 0.4629277566539924 0.8483333333333334 0.14638783269961977 0.17
0 0.5807984790874525 0.8833333333333333 0.10076045627376426 0.16666666666666666
0 0.7043726235741445 0.9033333333333333 0.15779467680608364 0.12666666666666668
0 0.42395437262357416 0.915 0.08365019011406843 0.10333333333333333
0 0.5095057034220533 0.935 0.09885931558935361 0.06333333333333334
0 0.8906844106463878 0.2 0.17680608365019013 0.36666666666666664
0 0.8697718631178707 0.48 0.15399239543726237 0.18666666666666668
0 0.9572243346007605 0.48333333333333334 0.039923954372623575 0.19333333333333333
0 0.8859315589353612 0.6616666666666666 0.18250950570342206 0.20333333333333334
0 0.8555133079847909 0.8316666666666667 0.1482889733840304 0.22333333333333333
0 0.9524714828897338 0.8583333333333333 0.049429657794676805 0.20333333333333334
0 0.8726235741444867 0.9283333333333333 0.21292775665399238 0.07666666666666666
