0 0.09 0.11884057971014493 0.18 0.23768115942028986
0 0.1 0.39565217391304347 0.2 0.34492753623188405
0 0.109 0.6652173913043479 0.218 0.3159420289855073
0 0.119 0.8565217391304348 0.238 0.2811594202898551
0 0.387 0.1753623188405797 0.426 0.3507246376811594
0 0.387 0.4855072463768116 0.41 0.40869565217391307
0 0.391 0.7797101449275362 0.386 0.4289855072463768
0 0.4 0.9115942028985508 0.352 0.17101449275362318
0 0.715 0.9420289855072463 0.274 0.11594202898550725
0 0.789 0.8318840579710145 0.422 0.33043478260869563
0 0.792 0.6159420289855072 0.412 0.36231884057971014
0 0.794 0.34782608695652173 0.412 0.34782608695652173
0 0.8 0.11159420289855072 0.4 0.21739130434782608
