0 0.6625835189309577 0.11610049193568124 0.6703786191536747 0.23220098387136248
0 0.6452115812917595 0.20543209574389973 0.6632516703786191 0.16000146846472013
0 0.7348574610244989 0.3187195599500722 0.5262850779510022 0.15651692405589956
0 0.6844097995545657 0.45032918084143025 0.4645879732739421 0.14195158961305954
0 0.676391982182628 0.5866210626789691 0.47082405345211575 0.1532710051641009
0 0.6770601336302896 0.714652830465748 0.48106904231625836 0.1731564649159304
0 0.6810690423162583 0.8403901221273159 0.4775055679287305 0.18722925181722513
0 0.6799554565701558 0.928956900560464 0.45835189309576835 0.13858635796275
0 0.06792873051224944 0.8691475562299615 0.133184855233853 0.16459042071514224
0 0.24543429844097994 0.8732776132553416 0.4240534521158129 0.18141657896669033
0 0.24320712694877503 0.7729325240461097 0.40089086859688194 0.16367263026505793
0 0.2465478841870824 0.6690692381115544 0.3897550111358574 0.14501089111334095
0 0.24521158129175946 0.5642881617269145 0.40579064587973274 0.12573729166156783
0 0.2510022271714922 0.4501762157664162 0.40133630289532296 0.11717124746077977
0 0.2741648106904231 0.3371350253310164 0.40757238307349664 0.12359578061137085
0 0.2 0.18386402016691547 0.28418708240534524 0.13338554541227146
0 0.23184855233853005 0.25835801169876893 0.17060133630289534 0.07556474705695192
0 0.07461024498886414 0.28007905235076724 0.14922048997772827 0.07066986465650164
0 0.03704081632653061 0.3555543096359423 0.07408163265306122 0.0859684533153921
0 0.028764478764478768 0.44589821375535665 0.057528957528957536 0.09519920234205956
0 0.025868725868725868 0.5409648266791124 0.0501930501930502 0.09652509652509658
0 0.02702702702702703 0.63430777716492 0.05405405405405406 0.09864652721795575
0 0.025482625482625483 0.730169926598498 0.05019305019305019 0.10633671347957065
0 0.24541100323624596 0.950742825136029 0.2988220064724919 0.09576709698068923
