0 0.89 0.966 0.16 0.068
0 0.731 0.963 0.166 0.074
0 0.568 0.969 0.164 0.062
0 0.397 0.97 0.166 0.06
0 0.231 0.971 0.17 0.058
0 0.079 0.971 0.158 0.058
0 0.841 0.829 0.318 0.226
0 0.789 0.633 0.234 0.238
0 0.935 0.622 0.13 0.192
0 0.852 0.382 0.296 0.296
0 0.922 0.115 0.156 0.23
0 0.507 0.378 0.41 0.316
0 0.16 0.411 0.32 0.318
0 0.588 0.634 0.188 0.224
0 0.394 0.65 0.2 0.24
0 0.517 0.85 0.338 0.236
0 0.247 0.866 0.202 0.192
0 0.091 0.866 0.182 0.184
0 0.198 0.66 0.224 0.228
0 0.055 0.667 0.11 0.206
0 0.757 0.113 0.242 0.226
0 0.523 0.12 0.234 0.24
0 0.298 0.128 0.244 0.256
0 0.094 0.137 0.188 0.274
