0 0.4071294559099437 0.18166666666666667 0.3076923076923077 0.36333333333333334
0 0.18198874296435272 0.51 0.2026266416510319 0.4533333333333333
0 0.34146341463414637 0.5316666666666666 0.17636022514071295 0.36333333333333334
0 0.49624765478424016 0.4866666666666667 0.1669793621013133 0.44
0 0.6604127579737336 0.47833333333333333 0.1651031894934334 0.43666666666666665
0 0.8151969981238274 0.47833333333333333 0.2045028142589118 0.43666666666666665
0 0.2073170731707317 0.8616666666666667 0.18574108818011256 0.27666666666666667
0 0.3574108818011257 0.855 0.16322701688555347 0.29
0 0.5 0.8516666666666667 0.15572232645403378 0.2966666666666667
0 0.648217636022514 0.85 0.15196998123827393 0.3
0 0.8030018761726079 0.8516666666666667 0.1651031894934334 0.2966666666666667
