0 0.061 0.024 0.122 0.048
0 0.069 0.113 0.138 0.15
0 0.183 0.018 0.122 0.036
0 0.186 0.099 0.124 0.162
0 0.356 0.087 0.224 0.174
0 0.54 0.085 0.16 0.17
0 0.762 0.08 0.3 0.16
0 0.97 0.076 0.06 0.152
0 0.064 0.262 0.128 0.156
0 0.219 0.253 0.186 0.158
0 0.387 0.254 0.146 0.168
0 0.02 0.397 0.04 0.138
0 0.089 0.403 0.114 0.146
0 0.232 0.407 0.188 0.154
0 0.393 0.413 0.134 0.162
0 0.576 0.248 0.232 0.188
0 0.796 0.245 0.216 0.21
0 0.955 0.251 0.09 0.202
0 0.947 0.451 0.106 0.202
0 0.788 0.44 0.2 0.192
0 0.573 0.428 0.23 0.18
0 0.027 0.53 0.054 0.128
0 0.939 0.642 0.122 0.2
0 0.78 0.621 0.2 0.198
0 0.941 0.828 0.118 0.212
0 0.732 0.792 0.272 0.232
0 0.566 0.59 0.224 0.192
0 0.39 0.567 0.136 0.166
0 0.234 0.551 0.176 0.158
0 0.096 0.534 0.096 0.14
0 0.539 0.744 0.146 0.184
0 0.363 0.716 0.206 0.184
0 0.217 0.682 0.094 0.148
0 0.12 0.666 0.104 0.148
0 0.035 0.657 0.07 0.138
0 0.944 0.957 0.112 0.086
0 0.736 0.925 0.268 0.15
0 0.537 0.898 0.142 0.184
0 0.357 0.872 0.214 0.196
0 0.214 0.813 0.092 0.146
0 0.093 0.794 0.158 0.152
0 0.086 0.914 0.164 0.172
0 0.214 0.932 0.092 0.136
0 0.364 0.963 0.208 0.074
0 0.535 0.977 0.134 0.046
0 0.078 0.978 0.156 0.044
