0 0.271 0.1661654135338346 0.542 0.3323308270676692
0 0.691 0.18045112781954886 0.326 0.29774436090225564
0 0.77 0.05112781954887218 0.46 0.10225563909774436
0 0.905 0.21578947368421053 0.19 0.2511278195488722
0 0.888 0.44285714285714284 0.224 0.21804511278195488
0 0.662 0.4548872180451128 0.312 0.24812030075187969
0 0.261 0.45714285714285713 0.518 0.3398496240601504
0 0.276 0.6932330827067669 0.48 0.37293233082706767
0 0.641 0.6699248120300751 0.278 0.24812030075187969
0 0.87 0.6285714285714286 0.232 0.21353383458646616
0 0.974 0.5992481203007519 0.052 0.16090225563909774
0 0.954 0.749624060150376 0.092 0.16390977443609023
0 0.832 0.7962406015037594 0.224 0.21203007518796993
0 0.621 0.856390977443609 0.25 0.23609022556390977
0 0.281 0.862406015037594 0.45 0.2721804511278195
0 0.609 0.9488721804511279 0.23 0.10225563909774436
0 0.807 0.9180451127819549 0.194 0.16390977443609023
0 0.94 0.8834586466165414 0.12 0.16691729323308271
