0 0.2544 0.12079999999999999 0.20693333333333333 0.24159999999999998
0 0.26639999999999997 0.408 0.20853333333333335 0.3317333333333333
0 0.29306666666666664 0.7245333333333333 0.19573333333333334 0.328
0 0.124 0.9435333333333333 0.24 0.10893333333333328
0 0.10453333333333333 0.7522666666666666 0.208 0.35679999999999995
0 0.09173333333333333 0.4106666666666666 0.1824 0.3605333333333333
0 0.07786666666666665 0.1144 0.15466666666666665 0.22773333333333334
0 0.43914141414141417 0.12196969696969696 0.1843434343434343 0.24393939393939393
0 0.4462121212121212 0.4017676767676767 0.1803030303030303 0.3136363636363636
0 0.4686868686868687 0.7017676767676768 0.17070707070707072 0.3116161616161617
0 0.31286868686868685 0.9282929292929293 0.17826262626262626 0.13941414141414146
0 0.4837575757575758 0.9128888888888889 0.1644848484848485 0.17022222222222216
0 0.6090909090909091 0.12449494949494949 0.15656565656565657 0.247979797979798
0 0.6174242424242425 0.39595959595959596 0.15909090909090912 0.296969696969697
0 0.6277777777777779 0.6820707070707072 0.14949494949494954 0.28939393939393937
0 0.6428383838383839 0.900010101010101 0.15032323232323233 0.19597979797979792
0 0.7858585858585859 0.88989898989899 0.13333333333333336 0.21616161616161617
0 0.9126262626262626 0.8790505050505051 0.12323232323232321 0.23789898989898983
0 0.7724747474747474 0.6641414141414141 0.13686868686868683 0.27575757575757587
0 0.7704545454545455 0.39242424242424245 0.14191919191919192 0.2858585858585858
0 0.7631313131313132 0.12702020202020203 0.1454545454545455 0.25202020202020203
0 0.8974747474747474 0.12878787878787878 0.13030303030303025 0.25757575757575757
0 0.9012626262626263 0.3906565656565657 0.11969696969696964 0.2641414141414141
0 0.9040404040404042 0.643939393939394 0.12020202020202021 0.26565656565656565
0 0.9802297734627832 0.129 0.03554045307443357 0.258
0 0.9802588996763755 0.38446601941747577 0.03430420711974102 0.2511326860841424
0 0.980906148867314 0.6320388349514563 0.033009708737864005 0.24660194174757277
0 0.9844368932038835 0.8720873786407767 0.027126213592232943 0.2441747572815534
