0 0.517 0.283033033033033 0.31 0.24474474474474475
0 0.837 0.29429429429429427 0.326 0.24924924924924924
0 0.814 0.5255255255255256 0.32 0.23123123123123124
0 0.504 0.5135135135135135 0.296 0.23123123123123124
0 0.793 0.7424924924924925 0.31 0.22372372372372373
0 0.497 0.7304804804804805 0.29 0.22072072072072071
0 0.483 0.9144144144144144 0.282 0.17117117117117117
0 0.773 0.9211711711711712 0.282 0.15765765765765766
0 0.128 0.19894894894894896 0.256 0.3978978978978979
0 0.121 0.5397897897897898 0.238 0.36786786786786785
0 0.115 0.8265765765765766 0.23 0.34684684684684686
0 0.263 0.9091591591591591 0.138 0.1816816816816817
0 0.145 0.9542042042042042 0.106 0.0915915915915916
0 0.28 0.7424924924924925 0.116 0.25375375375375375
0 0.291 0.512012012012012 0.114 0.25225225225225223
0 0.2990689655172414 0.2672672672672673 0.1181379310344828 0.2882882882882883
0 0.953 0.9737237237237237 0.094 0.052552552552552555
0 0.955 0.8678678678678678 0.09 0.16816816816816818
0 0.966 0.6944444444444444 0.068 0.17567567567567569
0 0.978 0.5187687687687688 0.044 0.1816816816816817
