0 0.099 0.10533333333333333 0.198 0.19466666666666665
0 0.346 0.013333333333333334 0.328 0.02666666666666667
0 0.363 0.12266666666666666 0.358 0.20266666666666666
0 0.612 0.12666666666666668 0.34 0.22666666666666666
0 0.892 0.11866666666666667 0.216 0.2
0 0.893 0.2813333333333333 0.214 0.184
0 0.783 0.26 0.022 0.14133333333333334
0 0.777 0.4026666666666667 0.038 0.13333333333333333
0 0.898 0.42933333333333334 0.204 0.17066666666666666
0 0.889 0.5653333333333334 0.222 0.17066666666666666
0 0.987 0.7026666666666667 0.026 0.088
0 0.877 0.688 0.21 0.16
0 0.854 0.6706666666666666 0.208 0.07733333333333334
0 0.845 0.776 0.246 0.22933333333333333
0 0.768 0.536 0.032 0.128
0 0.74 0.5933333333333334 0.032 0.19466666666666665
0 0.848 0.92 0.228 0.15466666666666667
0 0.82 0.944 0.236 0.112
0 0.788 0.9706666666666667 0.216 0.05333333333333334
0 0.697 0.916 0.026 0.06666666666666667
0 0.562 0.948 0.26 0.104
0 0.099 0.2866666666666667 0.198 0.18933333333333333
0 0.326 0.32 0.276 0.21866666666666668
0 0.612 0.3333333333333333 0.3 0.21866666666666668
0 0.766 0.284 0.016 0.17333333333333334
0 0.605 0.5186666666666667 0.314 0.22666666666666666
0 0.588 0.6866666666666666 0.284 0.25333333333333335
0 0.717 0.7773333333333333 0.026 0.136
0 0.563 0.8426666666666667 0.27 0.24533333333333332
0 0.318 0.7973333333333333 0.224 0.224
0 0.319 0.9173333333333333 0.226 0.16
0 0.129 0.8826666666666667 0.182 0.20266666666666666
0 0.132 0.9453333333333334 0.164 0.104
0 0.118 0.748 0.2 0.2
0 0.327 0.6626666666666666 0.242 0.2
0 0.324 0.496 0.252 0.21866666666666668
0 0.103 0.456 0.206 0.19733333333333333
0 0.11 0.608 0.212 0.208
