0 0.29791666666666666 0.79375 0.4125 0.190625
0 0.69375 0.7734375 0.36666666666666664 0.1625
0 0.28541666666666665 0.63203125 0.4166666666666667 0.1703125
0 0.6854166666666667 0.62109375 0.39166666666666666 0.1578125
0 0.675 0.4625 0.37916666666666665 0.15
0 0.2791666666666667 0.4625 0.4125 0.165625
0 0.6833333333333333 0.30078125 0.375 0.1703125
0 0.284375 0.2953125 0.41458333333333336 0.16875
0 0.678125 0.13359375 0.3770833333333333 0.1671875
0 0.2760416666666667 0.11875 0.41041666666666665 0.1875
