0 0.732 0.25487256371814093 0.372 0.20689655172413793
0 0.724 0.44302848575712145 0.36 0.1934032983508246
0 0.723 0.6341829085457271 0.366 0.1889055472263868
0 0.712 0.8178410794602698 0.368 0.1934032983508246
0 0.325 0.22713643178410794 0.446 0.2353823088455772
0 0.326 0.43853073463268366 0.432 0.21139430284857572
0 0.329 0.6476761619190404 0.43 0.2128935532233883
0 0.314 0.8478260869565217 0.424 0.22638680659670166
0 0.954 0.5674662668665668 0.092 0.17541229385307347
0 0.942 0.7331334332833583 0.096 0.1889055472263868
0 0.916 0.2151424287856072 0.08 0.1874062968515742
0 0.937 0.3875562218890555 0.062 0.16941529235382308
0 0.941 0.9010494752623688 0.066 0.18290854572713644
