0 0.144 0.057 0.288 0.114
0 0.412 0.061 0.248 0.118
0 0.564 0.063 0.056 0.122
0 0.604 0.089 0.024 0.13
0 0.713 0.07 0.206 0.136
0 0.903 0.058 0.174 0.112
0 0.993 0.083 0.014 0.122
0 0.907 0.181 0.182 0.146
0 0.718 0.178 0.212 0.148
0 0.57 0.192 0.048 0.136
0 0.419 0.275 0.258 0.322
0 0.143 0.272 0.286 0.328
0 0.585 0.326 0.086 0.144
0 0.697 0.325 0.138 0.146
0 0.824 0.321 0.132 0.142
0 0.94 0.322 0.12 0.144
0 0.911 0.467 0.178 0.146
0 0.732 0.467 0.196 0.15
0 0.594 0.456 0.092 0.124
0 0.648 0.597 0.18 0.166
0 0.783 0.604 0.102 0.136
0 0.916 0.608 0.168 0.132
0 0.942 0.73 0.116 0.196
0 0.946 0.901 0.108 0.15
0 0.951 0.987 0.098 0.026
0 0.792 0.985 0.216 0.026
0 0.626 0.916 0.116 0.164
0 0.79 0.9 0.22 0.168
0 0.781 0.748 0.218 0.164
0 0.62 0.759 0.116 0.158
0 0.364 0.88 0.416 0.24
0 0.361 0.603 0.402 0.342
0 0.08 0.608 0.16 0.348
0 0.081 0.883 0.162 0.23
