0 0.028 0.04933333333333333 0.056 0.09866666666666667
0 0.156 0.064 0.224 0.128
0 0.369 0.06933333333333333 0.222 0.13866666666666666
0 0.169 0.19733333333333333 0.21 0.16533333333333333
0 0.19 0.3466666666666667 0.188 0.14933333333333335
0 0.212 0.472 0.164 0.13333333333333333
0 0.213 0.5973333333333334 0.182 0.15466666666666667
0 0.217 0.7173333333333334 0.174 0.144
0 0.208 0.8333333333333334 0.18 0.15733333333333333
0 0.196 0.932 0.192 0.136
0 0.367 0.9506666666666667 0.166 0.09866666666666667
0 0.371 0.8653333333333333 0.17 0.168
0 0.383 0.744 0.178 0.17066666666666666
0 0.385 0.6213333333333333 0.174 0.13866666666666666
0 0.381 0.5053333333333333 0.19 0.14666666666666667
0 0.38 0.36666666666666664 0.208 0.16266666666666665
0 0.367 0.22266666666666668 0.21 0.168
0 0.584 0.23866666666666667 0.208 0.16266666666666665
0 0.576 0.39466666666666667 0.208 0.16533333333333333
0 0.039 0.2 0.078 0.13333333333333333
0 0.054 0.3506666666666667 0.108 0.152
0 0.069 0.496 0.138 0.176
0 0.071 0.6226666666666667 0.142 0.22133333333333333
0 0.084 0.7453333333333333 0.1 0.17333333333333334
0 0.085 0.8653333333333333 0.078 0.16266666666666665
0 0.525 0.08 0.098 0.11733333333333333
0 0.572 0.5386666666666666 0.2 0.17066666666666666
0 0.562 0.6746666666666666 0.196 0.16533333333333333
0 0.565 0.772 0.186 0.18933333333333333
0 0.562 0.8946666666666667 0.168 0.136
0 0.553 0.9573333333333334 0.162 0.08533333333333333
0 0.819 0.09333333333333334 0.294 0.18666666666666668
0 0.802 0.2613333333333333 0.252 0.192
0 0.784 0.416 0.24 0.17066666666666666
0 0.77 0.5533333333333333 0.216 0.168
0 0.755 0.6786666666666666 0.206 0.152
0 0.746 0.7906666666666666 0.2 0.15733333333333333
0 0.73 0.8933333333333333 0.18 0.144
0 0.721 0.9586666666666667 0.174 0.08266666666666667
0 0.886 0.98 0.148 0.04
0 0.904 0.924 0.192 0.152
0 0.915 0.8146666666666667 0.17 0.152
0 0.92 0.6933333333333334 0.16 0.16533333333333333
0 0.933 0.5626666666666666 0.134 0.16
0 0.941 0.4226666666666667 0.118 0.168
0 0.952 0.2613333333333333 0.096 0.176
0 0.97 0.08933333333333333 0.06 0.17866666666666667
