0 0.02 0.26152980877390325 0.04 0.09561304836895389
0 0.028 0.3312710911136108 0.056 0.06636670416197975
0 0.04 0.3914510686164229 0.08 0.11698537682789652
0 0.089 0.40101237345331836 0.026 0.019122609673790775
0 0.061 0.4915635545556805 0.122 0.19797525309336333
0 0.077 0.6417322834645669 0.154 0.1203599550056243
0 0.011 0.6692913385826772 0.022 0.08548931383577053
0 0.025 0.750843644544432 0.05 0.11361079865016872
0 0.04 0.8492688413948256 0.08 0.08998875140607424
0 0.125 0.8498312710911136 0.126 0.09111361079865017
0 0.096 0.750843644544432 0.144 0.10686164229471316
0 0.22 0.749156355455568 0.128 0.11023622047244094
0 0.239 0.8453318335208099 0.13 0.1046119235095613
0 0.35 0.7542182227221598 0.124 0.10911136107986502
0 0.358 0.8509561304836896 0.12 0.09111361079865017
0 0.479 0.8487064116985377 0.11 0.09786276715410573
0 0.479 0.749718785151856 0.118 0.10236220472440945
0 0.603 0.7553430821147357 0.122 0.10011248593925759
0 0.599 0.8503937007874016 0.122 0.08998875140607424
0 0.719 0.8464566929133859 0.134 0.09111361079865017
0 0.73 0.7536557930258717 0.14 0.12373453318335208
0 0.84 0.8278965129358831 0.128 0.10348706411698538
0 0.85 0.7249718785151856 0.128 0.12260967379077616
0 0.853 0.6332958380202475 0.126 0.09673790776152981
0 0.737 0.6484814398200225 0.146 0.12485939257592801
0 0.608 0.6484814398200225 0.14 0.11811023622047244
0 0.471 0.6400449943757031 0.13 0.11698537682789652
0 0.331 0.641169853768279 0.134 0.11923509561304838
0 0.205 0.6349831271091113 0.138 0.1203599550056243
0 0.176 0.5050618672665916 0.16 0.15748031496062992
0 0.317 0.516872890888639 0.146 0.13160854893138357
0 0.461 0.5179977502812149 0.142 0.12935883014623173
0 0.601 0.5219347581552306 0.146 0.13498312710911137
0 0.744 0.5224971878515186 0.16 0.13160854893138357
0 0.882 0.49943757030371205 0.168 0.1732283464566929
0 0.717 0.3672665916760405 0.422 0.18110236220472442
0 0.305 0.36220472440944884 0.414 0.1844769403824522
