0 0.842 0.17783505154639176 0.316 0.25257731958762886
0 0.849 0.4329896907216495 0.302 0.25257731958762886
0 0.847 0.6842783505154639 0.306 0.25
0 0.847 0.904639175257732 0.306 0.19072164948453607
0 0.477 0.16881443298969073 0.402 0.2654639175257732
0 0.483 0.4265463917525773 0.402 0.2603092783505155
0 0.49 0.6881443298969072 0.4 0.25773195876288657
0 0.494 0.904639175257732 0.408 0.19072164948453607
0 0.132 0.15721649484536082 0.264 0.25773195876288657
0 0.139 0.42396907216494845 0.278 0.2551546391752577
0 0.137 0.6829896907216495 0.274 0.25257731958762886
0 0.137 0.9033505154639175 0.274 0.19329896907216496
