0 0.097 0.1424287856071964 0.19 0.15892053973013492
0 0.299 0.12518740629685157 0.222 0.16041979010494753
0 0.094 0.2848575712143928 0.188 0.15892053973013492
0 0.282 0.27511244377811095 0.192 0.1664167916041979
0 0.094 0.44002998500749624 0.188 0.1664167916041979
0 0.281 0.41829085457271364 0.198 0.1409295352323838
0 0.195 0.5749625187406296 0.358 0.19940029985007496
0 0.188 0.7728635682158921 0.372 0.21739130434782608
0 0.171 0.9302848575712144 0.342 0.13943028485757122
0 0.553 0.01199400299850075 0.278 0.020989505247376312
0 0.559 0.08995502248875563 0.298 0.17691154422788605
0 0.453 0.2413793103448276 0.146 0.13493253373313344
0 0.638 0.22788605697151423 0.228 0.1409295352323838
0 0.451 0.3650674662668666 0.15 0.13043478260869565
0 0.64 0.356071964017991 0.228 0.13343328335832083
0 0.487 0.5014992503748126 0.206 0.15742128935532235
0 0.672 0.4955022488755622 0.168 0.15742128935532235
0 0.472 0.6214392803598201 0.16 0.08845577211394302
0 0.663 0.6551724137931034 0.226 0.1619190404797601
0 0.493 0.7668665667166417 0.226 0.21139430284857572
0 0.521 0.9235382308845578 0.378 0.15292353823088456
0 0.698 0.8658170914542729 0.184 0.2683658170914543
0 0.878 0.0712143928035982 0.244 0.13943028485757122
0 0.88 0.2128935532233883 0.24 0.18290854572713644
0 0.881 0.3875562218890555 0.238 0.18440779610194902
0 0.83 0.5734632683658171 0.112 0.1904047976011994
0 0.843 0.7668665667166417 0.126 0.19940029985007496
0 0.855 0.9302848575712144 0.134 0.13343328335832083
0 0.934 0.5179910044977512 0.132 0.2773613193403298
0 0.945 0.8095952023988006 0.11 0.3148425787106447
0 0.959 0.9805097451274363 0.082 0.038980509745127435
0 0.012 0.6979010494752623 0.024 0.3523238380809595
