0 0.08056112224448897 0.13386773547094188 0.16112224448897794 0.23780895123580495
0 0.13306613226452904 0.3585838343353373 0.2653306613226453 0.20841683366733466
0 0.07995991983967934 0.5050100200400801 0.15751503006012024 0.08657314629258515
0 0.26973947895791583 0.5547094188376753 0.17795591182364728 0.20414161656646623
0 0.15711422845691383 0.7468269873079492 0.31342685370741485 0.40881763527054105
0 0.1565130260521042 0.9010714762859052 0.3130260521042084 0.19252371409485644
0 0.23947895791583165 0.1269205076820307 0.1903807615230461 0.25063460253841013
0 0.41943887775551103 0.14081496325985302 0.17354709418837677 0.23460253841015363
0 0.393186372745491 0.3599198396793587 0.26212424849699395 0.2110888443553774
0 0.4458917835671342 0.5576486305945223 0.17354709418837677 0.21002004008016031
0 0.42224448897795586 0.7307949231796926 0.2304609218436873 0.19826319305277215
0 0.3364729458917835 0.9100868403473614 0.06533066132264531 0.1731462925851703
0 0.44929859719438875 0.9010020040080159 0.15150300601202413 0.18062792251169002
0 0.6489090909090909 0.14157575757575758 0.2781818181818182 0.2366060606060606
0 0.6165454545454545 0.3536969696969697 0.17418181818181813 0.20799999999999996
0 0.662 0.5546666666666666 0.246909090909091 0.2055757575757575
0 0.614 0.7323636363636363 0.15527272727272726 0.16339393939393934
0 0.7665454545454545 0.7168484848484848 0.15127272727272725 0.16436363636363632
0 0.6483636363636364 0.895030303030303 0.22181818181818175 0.192
0 0.8630909090909091 0.8821818181818182 0.22727272727272727 0.18569696969696967
0 0.9074545454545455 0.7173333333333334 0.16327272727272726 0.16727272727272732
0 0.8886363636363637 0.5435151515151515 0.21872727272727274 0.18618181818181817
0 0.7790909090909092 0.3595151515151515 0.1734545454545455 0.18763636363636363
0 0.923 0.3604848484848485 0.15 0.18763636363636366
0 0.8837272727272727 0.16036363636363637 0.2285454545454545 0.2179393939393939
0 0.5370741482965932 0.03820975283901135 0.11142284569138275 0.07535070140280561
0 0.38236472945891786 0.014696058784235137 0.17234468937875755 0.029392117568470273
0 0.6565130260521042 0.019238476953907815 0.1106212424849699 0.03847695390781563
0 0.769939879759519 0.025651302605210417 0.10501002004008012 0.051302605210420835
0 0.7493723849372383 0.9787224546722455 0.12719665271966515 0.03722175732217572
0 0.8877322175732217 0.9865327754532776 0.1274644351464435 0.021601115760111648
0 0.9743138075313806 0.9098242677824268 0.047372384937238506 0.1750181311018132
