0 0.946 0.39066666666666666 0.108 0.12533333333333332
0 0.952 0.5173333333333333 0.096 0.13866666666666666
0 0.958 0.6613333333333333 0.084 0.16
0 0.965 0.8173333333333334 0.07 0.168
0 0.967 0.948 0.066 0.104
0 0.821 0.9506666666666667 0.246 0.09866666666666667
0 0.823 0.828 0.242 0.17866666666666667
0 0.816 0.6693333333333333 0.228 0.16533333333333333
0 0.808 0.5266666666666666 0.224 0.14666666666666667
0 0.801 0.3933333333333333 0.214 0.13066666666666665
0 0.595 0.392 0.214 0.128
0 0.591 0.524 0.226 0.14133333333333334
0 0.589 0.6733333333333333 0.234 0.15733333333333333
0 0.587 0.8333333333333334 0.242 0.168
0 0.574 0.96 0.248 0.08
0 0.381 0.39066666666666666 0.21 0.13066666666666665
0 0.367 0.52 0.226 0.13866666666666666
0 0.357 0.668 0.234 0.15733333333333333
0 0.343 0.8293333333333334 0.242 0.176
0 0.326 0.9506666666666667 0.248 0.09866666666666667
0 0.104 0.9506666666666667 0.208 0.09866666666666667
0 0.116 0.8133333333333334 0.232 0.15466666666666667
0 0.137 0.664 0.23 0.144
0 0.154 0.52 0.216 0.13866666666666666
0 0.177 0.38666666666666666 0.21 0.128
0 0.857 0.04533333333333334 0.286 0.09066666666666667
0 0.837 0.132 0.274 0.11466666666666667
0 0.802 0.21866666666666668 0.24 0.11733333333333333
0 0.778 0.2813333333333333 0.216 0.088
0 0.949 0.23733333333333334 0.102 0.096
0 0.584 0.036 0.284 0.072
0 0.585 0.12133333333333333 0.258 0.09866666666666667
0 0.576 0.21466666666666667 0.236 0.09333333333333334
0 0.565 0.292 0.218 0.06666666666666667
0 0.305 0.036 0.278 0.072
0 0.326 0.11733333333333333 0.26 0.10133333333333333
0 0.345 0.21866666666666668 0.234 0.112
0 0.354 0.2986666666666667 0.212 0.064
0 0.093 0.03866666666666667 0.186 0.07733333333333334
0 0.111 0.13066666666666665 0.222 0.112
0 0.125 0.22666666666666666 0.25 0.10666666666666667
0 0.151 0.304 0.21 0.05333333333333334
0 0.045 0.39466666666666667 0.09 0.12266666666666666
