0 0.09 0.01639344262295082 0.06 0.03278688524590164
0 0.173 0.028688524590163935 0.058 0.036885245901639344
0 0.228 0.03790983606557377 0.06 0.0389344262295082
0 0.287 0.0430327868852459 0.058 0.03278688524590164
0 0.342 0.04918032786885246 0.056 0.028688524590163935
0 0.398 0.05430327868852459 0.056 0.02663934426229508
0 0.451 0.0625 0.054 0.030737704918032786
0 0.503 0.06864754098360656 0.05 0.022540983606557378
0 0.556 0.06864754098360656 0.056 0.02663934426229508
0 0.608 0.07684426229508197 0.044 0.030737704918032786
0 0.034 0.04405737704918033 0.068 0.0389344262295082
0 0.105 0.05122950819672131 0.07 0.040983606557377046
0 0.184 0.06454918032786885 0.084 0.0430327868852459
0 0.263 0.07479508196721311 0.074 0.0389344262295082
0 0.334 0.07684426229508197 0.068 0.030737704918032786
0 0.4 0.08811475409836066 0.064 0.040983606557377046
0 0.468 0.09118852459016394 0.072 0.0389344262295082
0 0.536 0.09836065573770492 0.056 0.036885245901639344
0 0.591 0.10040983606557377 0.054 0.036885245901639344
0 0.649 0.10655737704918032 0.058 0.028688524590163935
0 0.699 0.1567622950819672 0.07 0.06762295081967214
0 0.633 0.1557377049180328 0.066 0.07377049180327869
0 0.564 0.14856557377049182 0.068 0.06762295081967214
0 0.494 0.14651639344262296 0.072 0.07581967213114754
0 0.417 0.14754098360655737 0.09 0.0860655737704918
0 0.338 0.13729508196721313 0.076 0.09836065573770492
0 0.252 0.11987704918032786 0.096 0.06762295081967214
0 0.167 0.12090163934426229 0.082 0.09836065573770492
0 0.175 0.2151639344262295 0.05 0.09016393442622951
0 0.175 0.2807377049180328 0.05 0.040983606557377046
0 0.361 0.22950819672131148 0.018 0.09016393442622951
0 0.389 0.23258196721311475 0.038 0.09221311475409837
0 0.357 0.2930327868852459 0.01 0.03278688524590164
0 0.385 0.29508196721311475 0.042 0.03278688524590164
0 0.013 0.06864754098360656 0.026 0.018442622950819672
0 0.076 0.07581967213114754 0.096 0.02459016393442623
0 0.376 0.3524590163934426 0.056 0.0860655737704918
0 0.231 0.3463114754098361 0.014 0.0778688524590164
0 0.176 0.38114754098360654 0.096 0.16393442622950818
0 0.08 0.1864754098360656 0.16 0.22950819672131148
0 0.077 0.3114754098360656 0.098 0.028688524590163935
0 0.083 0.39549180327868855 0.138 0.14344262295081966
0 0.276 0.22848360655737704 0.152 0.16598360655737704
0 0.28 0.2223360655737705 0.096 0.07991803278688525
0 0.289 0.32786885245901637 0.114 0.13114754098360656
0 0.597 0.257172131147541 0.134 0.15778688524590165
0 0.732 0.26229508196721313 0.148 0.1557377049180328
0 0.73 0.3401639344262295 0.128 0.012295081967213115
0 0.512 0.29610655737704916 0.22 0.22745901639344263
0 0.645 0.375 0.07 0.0778688524590164
0 0.722 0.39959016393442626 0.088 0.11475409836065574
0 0.803 0.40061475409836067 0.09 0.1168032786885246
0 0.664 0.4774590163934426 0.108 0.13114754098360656
0 0.575 0.47438524590163933 0.082 0.1290983606557377
0 0.473 0.47848360655737704 0.13 0.14549180327868852
0 0.347 0.4682377049180328 0.126 0.14959016393442623
0 0.222 0.4641393442622951 0.124 0.15778688524590165
0 0.01 0.39241803278688525 0.02 0.13729508196721313
0 0.079 0.5747950819672131 0.158 0.2192622950819672
0 0.05 0.6301229508196722 0.1 0.19467213114754098
0 0.224 0.6147540983606558 0.132 0.14754098360655737
0 0.352 0.6168032786885246 0.124 0.14754098360655737
0 0.76 0.5112704918032787 0.096 0.09221311475409837
0 0.801 0.4651639344262295 0.082 0.01639344262295082
0 0.737 0.4600409836065574 0.046 0.010245901639344262
0 0.839 0.5174180327868853 0.078 0.08811475409836066
0 0.935 0.5532786885245902 0.13 0.16393442622950818
0 0.489 0.6434426229508197 0.146 0.19262295081967212
0 0.62 0.6383196721311475 0.164 0.19057377049180327
0 0.726 0.639344262295082 0.208 0.20081967213114754
0 0.85 0.6454918032786885 0.208 0.1885245901639344
0 0.964 0.7161885245901639 0.072 0.16188524590163936
0 0.151 0.8288934426229508 0.302 0.33401639344262296
0 0.466 0.8350409836065574 0.332 0.2930327868852459
0 0.781 0.8534836065573771 0.318 0.23565573770491804
0 0.961 0.8801229508196722 0.078 0.15778688524590165
