0 0.854 0.912 0.292 0.176
0 0.852 0.7253333333333334 0.296 0.224
0 0.85 0.496 0.3 0.24
0 0.855 0.256 0.29 0.256
0 0.858 0.064 0.284 0.128
0 0.507 0.072 0.414 0.144
0 0.145 0.07866666666666666 0.29 0.15733333333333333
0 0.167 0.2733333333333333 0.286 0.25866666666666666
0 0.514 0.27066666666666667 0.404 0.25333333333333335
0 0.508 0.5133333333333333 0.388 0.22666666666666666
0 0.156 0.5213333333333333 0.312 0.24266666666666667
0 0.518 0.736 0.368 0.208
0 0.519 0.9226666666666666 0.362 0.15466666666666667
0 0.167 0.7413333333333333 0.334 0.22933333333333333
0 0.168 0.928 0.336 0.144
