0 0.886 0.09534534534534535 0.164 0.09759759759759759
0 0.724 0.09834834834834835 0.16 0.09759759759759759
0 0.562 0.09984984984984985 0.16 0.09759759759759759
0 0.563 0.1921921921921922 0.158 0.09009009009009009
0 0.722 0.1906906906906907 0.16 0.09309309309309309
0 0.886 0.19369369369369369 0.164 0.0960960960960961
0 0.423 0.09234234234234234 0.118 0.09759759759759759
0 0.422 0.1891891891891892 0.12 0.0960960960960961
0 0.306 0.0945945945945946 0.116 0.09009009009009009
0 0.301 0.18768768768768768 0.118 0.0960960960960961
0 0.188 0.09384384384384384 0.116 0.08558558558558559
0 0.179 0.18618618618618618 0.122 0.0990990990990991
0 0.067 0.0945945945945946 0.122 0.09009009009009009
0 0.064 0.1906906906906907 0.124 0.10510510510510511
0 0.407 0.2852852852852853 0.158 0.0960960960960961
0 0.244 0.28453453453453453 0.16 0.09759759759759759
0 0.083 0.2822822822822823 0.162 0.09309309309309309
0 0.545 0.2852852852852853 0.118 0.0960960960960961
0 0.663 0.28603603603603606 0.118 0.09759759759759759
0 0.78 0.2852852852852853 0.116 0.0960960960960961
0 0.901 0.28903903903903905 0.122 0.0945945945945946
0 0.905 0.38213213213213215 0.114 0.0945945945945946
0 0.788 0.38213213213213215 0.12 0.0945945945945946
0 0.665 0.38213213213213215 0.118 0.0945945945945946
0 0.546 0.38213213213213215 0.12 0.0945945945945946
0 0.405 0.3813813813813814 0.162 0.0960960960960961
0 0.244 0.3783783783783784 0.16 0.0960960960960961
0 0.082 0.3633633633633634 0.164 0.06906906906906907
0 0.891 0.4774774774774775 0.158 0.0960960960960961
0 0.729 0.4767267267267267 0.162 0.0945945945945946
0 0.564 0.47597597597597596 0.16 0.09309309309309309
0 0.888 0.575075075075075 0.164 0.0960960960960961
0 0.726 0.5713213213213213 0.16 0.0945945945945946
0 0.564 0.5713213213213213 0.164 0.0945945945945946
0 0.423 0.4774774774774775 0.118 0.0960960960960961
0 0.422 0.5728228228228228 0.12 0.0915915915915916
0 0.344 0.47822822822822825 0.04 0.0945945945945946
0 0.345 0.5728228228228228 0.038 0.0945945945945946
0 0.269 0.4722222222222222 0.114 0.1066066066066066
0 0.271 0.581081081081081 0.11 0.11411411411411411
0 0.106 0.46096096096096095 0.212 0.13813813813813813
0 0.108 0.5975975975975976 0.216 0.14114114114114115
0 0.025 0.737987987987988 0.05 0.13963963963963963
0 0.183 0.7214714714714715 0.262 0.17267267267267267
0 0.4 0.722972972972973 0.232 0.16366366366366367
0 0.434 0.6306306306306306 0.144 0.024024024024024024
0 0.559 0.6674174174174174 0.118 0.09759759759759759
0 0.678 0.6681681681681682 0.12 0.0960960960960961
0 0.799 0.668918918918919 0.122 0.09759759759759759
0 0.919 0.6696696696696697 0.118 0.0990990990990991
0 0.924 0.7680180180180181 0.116 0.09759759759759759
0 0.754 0.8453453453453453 0.208 0.19519519519519518
0 0.6 0.8475975975975976 0.168 0.1966966966966967
0 0.604 0.7327327327327328 0.176 0.03003003003003003
0 0.776 0.7897897897897898 0.216 0.14414414414414414
0 0.939 0.8453453453453453 0.122 0.06606606606606606
0 0.857 0.93993993993994 0.234 0.12012012012012012
0 0.949 0.9391891891891891 0.102 0.11861861861861862
0 0.622 0.9722222222222222 0.236 0.05555555555555555
0 0.399 0.8746246246246246 0.23 0.13963963963963963
0 0.166 0.8783783783783784 0.236 0.14714714714714713
0 0.417 0.9722222222222222 0.174 0.05555555555555555
0 0.243 0.9737237237237237 0.17 0.052552552552552555
0 0.079 0.9744744744744744 0.158 0.05105105105105105
0 0.024 0.8798798798798799 0.048 0.14114114114114115
0 0.3428104575163399 0.6300418065123947 0.07254901960784314 0.020608844138255852
0 0.904248366013072 0.8537949714420303 0.09215686274509802 0.05201279711083625
