0 0.743 0.462 0.17 0.172
0 0.73 0.641 0.184 0.194
0 0.91 0.653 0.18 0.194
0 0.91 0.473 0.18 0.194
0 0.907 0.845 0.182 0.214
0 0.717 0.844 0.21 0.224
0 0.503 0.849 0.23 0.242
0 0.922 0.313 0.156 0.15
0 0.763 0.307 0.182 0.154
0 0.926 0.176 0.148 0.136
0 0.772 0.18 0.176 0.124
0 0.612 0.205 0.164 0.134
0 0.592 0.341 0.168 0.158
0 0.568 0.493 0.196 0.178
0 0.539 0.666 0.206 0.196
0 0.361 0.64 0.214 0.188
0 0.328 0.821 0.212 0.222
0 0.41 0.483 0.188 0.17
0 0.44 0.328 0.176 0.14
0 0.462 0.197 0.164 0.122
0 0.336 0.184 0.16 0.128
0 0.296 0.318 0.164 0.148
0 0.266 0.461 0.176 0.166
0 0.19 0.623 0.208 0.174
0 0.152 0.797 0.208 0.214
0 0.051 0.792 0.098 0.204
0 0.106 0.453 0.204 0.166
0 0.065 0.606 0.13 0.2
0 0.197 0.194 0.162 0.132
0 0.155 0.323 0.186 0.162
0 0.062 0.281 0.12 0.122
0 0.084 0.175 0.148 0.11
0 0.037 0.422 0.066 0.168
