0 0.138 0.19066666666666668 0.08 0.14133333333333334
0 0.041 0.3373333333333333 0.078 0.12533333333333332
0 0.109 0.32133333333333336 0.078 0.13066666666666665
0 0.181 0.304 0.094 0.13866666666666666
0 0.281 0.2853333333333333 0.134 0.13866666666666666
0 0.238 0.16533333333333333 0.128 0.144
0 0.049 0.44533333333333336 0.078 0.11733333333333333
0 0.119 0.43466666666666665 0.078 0.12266666666666666
0 0.194 0.42133333333333334 0.092 0.13333333333333333
0 0.289 0.4093333333333333 0.122 0.13066666666666665
0 0.058 0.552 0.08 0.128
0 0.129 0.5493333333333333 0.078 0.112
0 0.2 0.54 0.084 0.12
0 0.296 0.532 0.12 0.13066666666666665
0 0.067 0.6613333333333333 0.082 0.10666666666666667
0 0.139 0.6586666666666666 0.082 0.112
0 0.214 0.6573333333333333 0.08 0.12
0 0.299 0.652 0.114 0.136
0 0.389 0.4066666666666667 0.106 0.10933333333333334
0 0.414 0.5173333333333333 0.132 0.13866666666666666
0 0.417 0.6466666666666666 0.13 0.14133333333333334
0 0.404 0.21866666666666668 0.104 0.144
0 0.49 0.2 0.104 0.13333333333333333
0 0.408 0.32 0.088 0.10666666666666667
0 0.496 0.31066666666666665 0.104 0.13066666666666665
0 0.449 0.4106666666666667 0.022 0.07466666666666667
0 0.506 0.42133333333333334 0.104 0.12266666666666666
0 0.518 0.5293333333333333 0.092 0.10933333333333334
0 0.525 0.6346666666666667 0.09 0.112
0 0.581 0.10133333333333333 0.118 0.16533333333333333
0 0.697 0.07466666666666667 0.122 0.14933333333333335
0 0.828 0.050666666666666665 0.14 0.10133333333333333
0 0.951 0.03866666666666667 0.098 0.07733333333333334
0 0.593 0.232 0.114 0.16
0 0.707 0.20533333333333334 0.126 0.17066666666666666
0 0.836 0.16 0.14 0.18666666666666668
0 0.951 0.13066666666666665 0.098 0.144
0 0.602 0.36666666666666664 0.112 0.14666666666666667
0 0.715 0.34933333333333333 0.126 0.15466666666666667
0 0.844 0.31466666666666665 0.14 0.17066666666666666
0 0.95 0.2826666666666667 0.1 0.20266666666666666
0 0.61 0.496 0.112 0.13866666666666666
0 0.723 0.484 0.126 0.152
0 0.851 0.4653333333333333 0.142 0.16266666666666665
0 0.957 0.464 0.086 0.18666666666666668
0 0.62 0.624 0.112 0.13333333333333333
0 0.733 0.6213333333333333 0.126 0.14933333333333335
0 0.862 0.6173333333333333 0.144 0.152
0 0.964 0.6413333333333333 0.072 0.17866666666666667
0 0.355 0.06666666666666667 0.074 0.096
0 0.422 0.04533333333333334 0.06 0.09066666666666667
0 0.364 0.172 0.064 0.07733333333333334
0 0.427 0.132 0.062 0.050666666666666665
0 0.345 0.2733333333333333 0.042 0.12533333333333332
0 0.087 0.17466666666666666 0.026 0.056
