0 0.06777493606138107 0.2318181818181818 0.13554987212276215 0.22727272727272727
0 0.18414322250639387 0.225 0.10741687979539642 0.2318181818181818
0 0.31841432225063937 0.21818181818181817 0.17135549872122763 0.24545454545454545
0 0.42838874680306904 0.23636363636363636 0.058823529411764705 0.2
0 0.4884910485933504 0.25227272727272726 0.061381074168797956 0.16818181818181818
0 0.04603580562659847 0.45 0.09207161125319693 0.21818181818181817
0 0.14066496163682865 0.45454545454545453 0.10230179028132992 0.22727272727272727
0 0.24040920716112532 0.4590909090909091 0.10230179028132992 0.23636363636363636
0 0.37595907928388744 0.4590909090909091 0.16879795396419436 0.24545454545454545
0 0.049872122762148335 0.6704545454545454 0.09974424552429667 0.22272727272727272
0 0.14578005115089515 0.6772727272727272 0.10230179028132992 0.22727272727272727
0 0.24808184143222506 0.6840909090909091 0.11253196930946291 0.2318181818181818
0 0.38491048593350385 0.6909090909090909 0.16112531969309463 0.2727272727272727
0 0.05115089514066496 0.875 0.10230179028132992 0.21363636363636362
0 0.1483375959079284 0.8931818181818182 0.09718670076726342 0.21363636363636362
0 0.2506393861892583 0.8954545454545455 0.10741687979539642 0.20909090909090908
0 0.3836317135549872 0.8931818181818182 0.1636828644501279 0.21363636363636362
0 0.5895140664961637 0.20909090909090908 0.15089514066496162 0.2727272727272727
0 0.7391304347826086 0.19090909090909092 0.1534526854219949 0.2818181818181818
0 0.829923273657289 0.2340909090909091 0.03836317135549872 0.19545454545454546
0 0.9066496163682864 0.2340909090909091 0.12020460358056266 0.21363636363636362
0 0.5230179028132992 0.4636363636363636 0.13043478260869565 0.2636363636363636
0 0.6560102301790282 0.4636363636363636 0.14066496163682865 0.2727272727272727
0 0.7979539641943734 0.4681818181818182 0.1483375959079284 0.2727272727272727
0 0.5242966751918159 0.7204545454545455 0.1278772378516624 0.25
0 0.659846547314578 0.7295454545454545 0.1432225063938619 0.2590909090909091
0 0.8017902813299232 0.740909090909091 0.15089514066496162 0.2818181818181818
0 0.5268542199488491 0.9159090909090909 0.12276214833759591 0.16818181818181818
0 0.6572890025575447 0.9227272727272727 0.13810741687979539 0.15454545454545454
0 0.7979539641943734 0.9295454545454546 0.1534526854219949 0.1409090909090909
0 0.887468030690537 0.4431818181818182 0.030690537084398978 0.20454545454545456
0 0.9475703324808185 0.4431818181818182 0.09974424552429667 0.20454545454545456
0 0.8861892583120204 0.6454545454545455 0.028132992327365727 0.2
0 0.948849104859335 0.6477272727272727 0.10230179028132992 0.20454545454545456
0 0.887468030690537 0.8409090909090909 0.02557544757033248 0.2
0 0.948849104859335 0.85 0.10230179028132992 0.20909090909090908
