0 0.102 0.05656108597285068 0.2 0.11312217194570136
0 0.323 0.11990950226244344 0.254 0.2398190045248869
0 0.536 0.1244343891402715 0.196 0.248868778280543
0 0.724 0.11764705882352941 0.184 0.23529411764705882
0 0.907 0.1255656108597285 0.186 0.251131221719457
0 0.906 0.3914027149321267 0.188 0.29411764705882354
0 0.726 0.3733031674208145 0.18 0.2850678733031674
0 0.544 0.38009049773755654 0.192 0.27601809954751133
0 0.341 0.36877828054298645 0.234 0.3076923076923077
0 0.119 0.26357466063348417 0.222 0.3054298642533937
0 0.127 0.5441176470588235 0.226 0.29638009049773756
0 0.346 0.6323529411764706 0.224 0.3190045248868778
0 0.541 0.6368778280542986 0.17 0.251131221719457
0 0.712 0.6368778280542986 0.168 0.25565610859728505
0 0.9 0.6583710407239819 0.2 0.26244343891402716
0 0.886 0.8868778280542986 0.176 0.22624434389140272
0 0.717 0.8789592760180995 0.166 0.2420814479638009
0 0.542 0.8699095022624435 0.164 0.2420814479638009
0 0.348 0.8574660633484162 0.228 0.2850678733031674
0 0.125 0.8144796380090498 0.25 0.3212669683257919
0 0.123 0.9389140271493213 0.246 0.12217194570135746
0 0.56 0.9660633484162896 0.152 0.06787330316742081
