0 0.862 0.16666666666666666 0.276 0.2463768115942029
0 0.856 0.39710144927536234 0.288 0.2492753623188406
0 0.852 0.6173913043478261 0.296 0.26666666666666666
0 0.849 0.8347826086956521 0.302 0.23768115942028986
0 0.852 0.9768115942028985 0.296 0.0463768115942029
0 0.848 0.02753623188405797 0.304 0.05507246376811594
0 0.523 0.14492753623188406 0.414 0.2608695652173913
0 0.514 0.39565217391304347 0.412 0.26956521739130435
0 0.514 0.6318840579710145 0.396 0.25507246376811593
0 0.507 0.8478260869565217 0.39 0.24057971014492754
0 0.507 0.9710144927536232 0.374 0.057971014492753624
0 0.158 0.16376811594202897 0.316 0.24057971014492754
0 0.157 0.391304347826087 0.314 0.26666666666666666
0 0.159 0.6202898550724638 0.318 0.23768115942028986
0 0.158 0.8246376811594203 0.316 0.2289855072463768
0 0.159 0.9536231884057971 0.318 0.0927536231884058
