0 0.836 0.5093333333333333 0.328 0.176
0 0.846 0.688 0.308 0.19733333333333333
0 0.858 0.8493333333333334 0.284 0.152
0 0.48 0.16666666666666666 0.376 0.17866666666666667
0 0.479 0.32266666666666666 0.386 0.18133333333333335
0 0.47 0.492 0.416 0.20533333333333334
0 0.487 0.6906666666666667 0.438 0.208
0 0.496 0.8786666666666667 0.464 0.17333333333333334
0 0.135 0.8933333333333333 0.27 0.18666666666666668
0 0.138 0.696 0.276 0.22933333333333333
0 0.134 0.48133333333333334 0.268 0.2
0 0.146 0.304 0.292 0.18666666666666668
0 0.151 0.13333333333333333 0.302 0.16533333333333333
