0 0.8352272727272727 0.8560477001703578 0.19318181818181818 0.2504258943781942
0 0.6681818181818182 0.8637137989778535 0.18636363636363637 0.2555366269165247
0 0.5034090909090909 0.8739352640545145 0.175 0.252129471890971
0 0.3352272727272727 0.873083475298126 0.17045454545454544 0.25383304940374785
0 0.15681818181818183 0.8841567291311755 0.17727272727272728 0.23168654173764908
0 0.7920454545454545 0.6183986371379898 0.17954545454545454 0.21465076660988075
0 0.6443181818181818 0.6260647359454855 0.17045454545454544 0.20954003407155025
0 0.48409090909090907 0.6354344122657581 0.16818181818181818 0.22146507666098808
0 0.33295454545454545 0.5919931856899489 0.1431818181818182 0.20272572402044292
0 0.225 0.6277683134582623 0.2772727272727273 0.21976149914821125
0 0.75 0.42589437819420783 0.18636363636363637 0.20442930153321975
0 0.6113636363636363 0.43611584327086883 0.15 0.1839863713798978
0 0.4681818181818182 0.43270868824531517 0.1590909090909091 0.19080068143100512
0 0.3159090909090909 0.3977853492333901 0.15454545454545454 0.18568994889267462
0 0.1715909090909091 0.42674616695059625 0.15227272727272728 0.19591141396933562
0 0.15681818181818183 0.23850085178875638 0.15 0.18057921635434412
0 0.2988636363636364 0.21465076660988075 0.14772727272727273 0.1737649063032368
0 0.4431818181818182 0.24105621805792163 0.1409090909090909 0.19250425894378195
0 0.5772727272727273 0.24872231686541738 0.16363636363636364 0.19080068143100512
0 0.7181818181818181 0.23764906303236796 0.17272727272727273 0.17546848381601363
0 0.6840909090909091 0.075809199318569 0.1590909090909091 0.14821124361158433
0 0.5522727272727272 0.07836456558773425 0.1590909090909091 0.15332197614991483
0 0.425 0.07921635434412266 0.15 0.15502555366269166
0 0.22386363636363638 0.09369676320272573 0.26136363636363635 0.10562180579216354
