0 0.252 0.2732732732732733 0.28 0.15315315315315314
0 0.507 0.26426426426426425 0.266 0.15315315315315314
0 0.16 0.42567567567567566 0.292 0.16366366366366367
0 0.42 0.4099099099099099 0.264 0.15015015015015015
0 0.658 0.39564564564564564 0.236 0.14564564564564564
0 0.168 0.5885885885885885 0.328 0.2042042042042042
0 0.458 0.5638138138138138 0.292 0.19369369369369369
0 0.705 0.5442942942942943 0.29 0.17867867867867868
0 0.175 0.6944444444444444 0.322 0.04954954954954955
0 0.484 0.6606606606606606 0.296 0.04504504504504504
0 0.757 0.6351351351351351 0.266 0.03903903903903904
0 0.185 0.8018018018018018 0.354 0.23423423423423423
0 0.503 0.7612612612612613 0.318 0.2222222222222222
0 0.79 0.7312312312312312 0.296 0.2072072072072072
