0 0.162 0.10026737967914438 0.324 0.20053475935828877
0 0.505 0.11229946524064172 0.374 0.22459893048128343
0 0.707 0.017379679144385027 0.294 0.034759358288770054
0 0.833 0.12566844919786097 0.314 0.22459893048128343
0 0.922 0.03074866310160428 0.156 0.06149732620320856
0 0.817 0.3235294117647059 0.35 0.19786096256684493
0 0.162 0.3088235294117647 0.324 0.22192513368983957
0 0.481 0.30614973262032086 0.346 0.21657754010695188
0 0.139 0.5187165775401069 0.278 0.21390374331550802
0 0.41 0.5080213903743316 0.284 0.1925133689839572
0 0.671 0.4893048128342246 0.258 0.2192513368983957
0 0.892 0.49732620320855614 0.216 0.19786096256684493
0 0.194 0.7058823529411765 0.356 0.20855614973262032
0 0.533 0.6898395721925134 0.326 0.18716577540106952
0 0.842 0.6778074866310161 0.312 0.17914438502673796
0 0.172 0.8796791443850267 0.276 0.18181818181818182
0 0.246 0.9425133689839572 0.316 0.11497326203208556
0 0.446 0.8582887700534759 0.244 0.16042780748663102
0 0.543 0.9545454545454546 0.29 0.09090909090909091
0 0.682 0.8288770053475936 0.24 0.18181818181818182
0 0.827 0.9478609625668449 0.294 0.10427807486631016
0 0.891 0.8061497326203209 0.218 0.19518716577540107
