0 0.235 0.35771276595744683 0.446 0.6356382978723404
0 0.237 0.8111702127659575 0.446 0.3776595744680851
0 0.542 0.8337765957446809 0.172 0.3324468085106383
0 0.721 0.8031914893617021 0.182 0.3351063829787234
0 0.905 0.7446808510638298 0.19 0.35638297872340424
0 0.715 0.5066489361702128 0.198 0.31117021276595747
0 0.533 0.5159574468085106 0.17 0.3404255319148936
0 0.725 0.1768617021276596 0.21 0.3324468085106383
0 0.527 0.1702127659574468 0.202 0.3404255319148936
0 0.221 0.047872340425531915 0.41 0.09574468085106383
0 0.892 0.5 0.136 0.14893617021276595
0 0.829 0.29388297872340424 0.014 0.10372340425531915
0 0.871 0.29521276595744683 0.082 0.10638297872340426
0 0.844 0.39228723404255317 0.036 0.05585106382978723
0 0.879 0.39095744680851063 0.034 0.05319148936170213
0 0.955 0.4015957446808511 0.09 0.11170212765957446
0 0.956 0.29521276595744683 0.088 0.10638297872340426
0 0.834 0.18351063829787234 0.02 0.11170212765957446
0 0.876 0.1875 0.08 0.11436170212765957
0 0.956 0.1675531914893617 0.088 0.14893617021276595
0 0.959 0.05053191489361702 0.078 0.10106382978723404
0 0.881 0.07845744680851063 0.086 0.1196808510638298
0 0.8 0.06382978723404255 0.084 0.1276595744680851
0 0.886 0.014627659574468085 0.08 0.02925531914893617
