0 0.38322033898305086 0.07902828246893502 0.24847457627118644 0.15805656493787004
0 0.632542372881356 0.069880314080248 0.24338983050847457 0.139760628160496
0 0.5823728813559321 0.20316113129875737 0.23389830508474568 0.15068736818031664
0 0.8206779661016949 0.1893121235992173 0.24474576271186435 0.1478921556171067
0 0.8361016949152541 0.30328056310827634 0.24779661016949148 0.10088176250857624
0 0.8298305084745762 0.39463319187863694 0.23796610169491522 0.09300434528498461
0 0.8257627118644069 0.4823012222702207 0.22983050847457628 0.08690569969252664
0 0.8303389830508474 0.5613295047391558 0.22474576271186436 0.09097146342083193
0 0.8242372881355932 0.6390872360429954 0.21661016949152542 0.07775773130383959
0 0.8257627118644069 0.7117627626864533 0.21084745762711862 0.0787741722359159
0 0.6184745762711864 0.7159555815312683 0.20033898305084744 0.07343785734251523
0 0.6108474576271186 0.6449317714024344 0.20813559322033892 0.07674129037176329
0 0.6071186440677966 0.5686987014967092 0.2135593220338983 0.08385637689629766
0 0.5969491525423728 0.49195741112494595 0.21762711864406775 0.08944680202271739
0 0.5977966101694915 0.40670342794704334 0.22135593220338978 0.09478311691611818
0 0.5947457627118644 0.3167484054582878 0.2335593220338983 0.10393108530480522
0 0.3550847457627119 0.217137194114807 0.24033898305084747 0.14357228165578229
0 0.3627118644067796 0.32970802734226107 0.23254237288135593 0.09783243971234724
0 0.37271186440677967 0.41737605773384495 0.22542372881355932 0.09122557365385103
0 0.3794915254237288 0.5009783243971235 0.21796610169491526 0.08817625085762201
0 0.3781355932203389 0.5774655045358676 0.21661016949152537 0.0805529438670495
0 0.38890600924499236 0.651215224437088 0.2052388289676425 0.07438499548376815
0 0.3933744221879815 0.7243296687557608 0.20616332819722652 0.07322994897004499
0 0.19599383667180276 0.7265242571318347 0.20277349768875189 0.07854316293317128
0 0.19029275808936824 0.6581455035194267 0.20493066255778114 0.07484701408925738
0 0.17534668721109398 0.5851465638521263 0.21448382126348225 0.0808532559606175
0 0.16533127889060092 0.5093755125518905 0.2234206471494607 0.08685949783197772
0 0.1563944530046225 0.42609665891245435 0.2271186440677966 0.09078665597863632
0 0.14006163328197227 0.34143174945655064 0.23204930662557782 0.09563785133627332
0 0.13636363636363635 0.23227985390971695 0.2382126348228043 0.1374505351330498
