0 0.222 0.21166666666666667 0.092 0.12333333333333334
0 0.298 0.21666666666666667 0.064 0.12
0 0.358 0.21833333333333332 0.064 0.12333333333333334
0 0.415 0.22166666666666668 0.05 0.11
0 0.192 0.33666666666666667 0.068 0.12666666666666668
0 0.259 0.33666666666666667 0.066 0.12
0 0.322 0.33666666666666667 0.064 0.12
0 0.396 0.3383333333333333 0.088 0.12333333333333334
0 0.203 0.455 0.09 0.12333333333333334
0 0.283 0.45666666666666667 0.062 0.12
0 0.349 0.4583333333333333 0.066 0.12333333333333334
0 0.399 0.46 0.042 0.12
0 0.169 0.5466666666666666 0.086 0.08
0 0.247 0.5533333333333333 0.07 0.06666666666666667
0 0.309 0.5466666666666666 0.062 0.05333333333333334
0 0.381 0.5466666666666666 0.082 0.05333333333333334
0 0.13 0.6616666666666666 0.108 0.15
0 0.22 0.6566666666666666 0.076 0.15333333333333332
0 0.297 0.65 0.082 0.16
0 0.382 0.6466666666666666 0.08 0.14666666666666667
0 0.084 0.8233333333333334 0.096 0.16
0 0.173 0.82 0.094 0.16
0 0.263 0.815 0.09 0.16333333333333333
0 0.367 0.8116666666666666 0.122 0.16333333333333333
0 0.078 0.9516666666666667 0.128 0.09
0 0.187 0.95 0.09 0.1
0 0.277 0.9483333333333334 0.09 0.10333333333333333
0 0.372 0.9466666666666667 0.108 0.10666666666666667
0 0.491 0.095 0.07 0.13666666666666666
0 0.451 0.13333333333333333 0.006 0.08
0 0.565 0.1 0.074 0.13333333333333333
0 0.652 0.09833333333333333 0.108 0.13666666666666666
0 0.751 0.105 0.094 0.13666666666666666
0 0.852 0.10333333333333333 0.108 0.13333333333333333
0 0.949 0.09833333333333333 0.102 0.13666666666666666
0 0.479 0.23666666666666666 0.082 0.14
0 0.554 0.23666666666666666 0.072 0.13333333333333333
0 0.63 0.23833333333333334 0.08 0.13666666666666666
0 0.7 0.24333333333333335 0.076 0.14
0 0.775 0.24333333333333335 0.074 0.14
0 0.849 0.24 0.082 0.14666666666666667
0 0.941 0.23666666666666666 0.118 0.14
0 0.473 0.38166666666666665 0.106 0.15
0 0.581 0.38 0.106 0.14666666666666667
0 0.685 0.38 0.106 0.14
0 0.79 0.38333333333333336 0.108 0.14
0 0.895 0.38 0.106 0.14666666666666667
0 0.97 0.375 0.056 0.13666666666666666
0 0.459 0.5316666666666666 0.082 0.15
0 0.537 0.53 0.082 0.15333333333333332
0 0.63 0.5316666666666666 0.104 0.15
0 0.721 0.5233333333333333 0.082 0.14666666666666667
0 0.798 0.525 0.08 0.14333333333333334
0 0.87 0.5233333333333333 0.076 0.14666666666666667
0 0.944 0.52 0.076 0.14
0 0.988 0.5216666666666666 0.024 0.14333333333333334
0 0.486 0.6816666666666666 0.116 0.14333333333333334
0 0.593 0.6766666666666666 0.09 0.15333333333333332
0 0.694 0.6766666666666666 0.112 0.15333333333333332
0 0.804 0.6716666666666666 0.112 0.15
0 0.907 0.665 0.106 0.15
0 0.98 0.6633333333333333 0.04 0.14666666666666667
0 0.47 0.8383333333333334 0.08 0.16333333333333333
0 0.565 0.8316666666666667 0.11 0.15666666666666668
0 0.662 0.83 0.084 0.15333333333333332
0 0.74 0.8283333333333334 0.084 0.15666666666666668
0 0.82 0.8283333333333334 0.08 0.15666666666666668
0 0.896 0.825 0.08 0.15666666666666668
0 0.964 0.8116666666666666 0.072 0.15
0 0.486 0.96 0.116 0.08
0 0.603 0.9566666666666667 0.114 0.08666666666666667
0 0.712 0.9533333333333334 0.112 0.09333333333333334
0 0.825 0.9516666666666667 0.118 0.09666666666666666
0 0.933 0.9466666666666667 0.114 0.10666666666666667
0 0.994 0.945 0.012 0.11
