0 0.1768085106382979 0.40744680851063836 0.35248226950354616 0.1652482269503546
0 0.1793617021276596 0.5673687943262412 0.3587234042553192 0.17873758865248227
0 0.18106382978723407 0.7280141843971631 0.36099290780141846 0.1794326241134752
0 0.17858156028368796 0.8929078014184397 0.3560283687943263 0.1815602836879433
0 0.5721985815602836 0.8699219858156029 0.4326241134751773 0.2561560283687943
0 0.5753900709219859 0.7226950354609929 0.426241134751773 0.23120567375886525
0 0.5697163120567376 0.5695035460992908 0.424822695035461 0.20283687943262413
0 0.5658156028368794 0.4117021276595745 0.4326241134751773 0.18936170212765954
0 0.6304 0.05973333333333333 0.2581333333333334 0.11946666666666667
0 0.6306666666666667 0.14933333333333332 0.25866666666666666 0.10666666666666666
0 0.6258666666666667 0.24533333333333335 0.2426666666666667 0.10453333333333335
0 0.6314666666666667 0.3032 0.23573333333333335 0.03680000000000001
0 0.8698666666666667 0.1768 0.2549333333333334 0.10506666666666668
0 0.875 0.2792 0.246 0.10293333333333336
0 0.8887999999999999 0.38133333333333336 0.21813333333333332 0.10346666666666664
0 0.8885333333333333 0.484 0.21866666666666662 0.10720000000000005
0 0.8890666666666666 0.5864000000000001 0.21760000000000002 0.11039999999999997
0 0.8915333333333333 0.6893333333333334 0.21293333333333328 0.11573333333333335
