0 0.847 0.1386806596701649 0.142 0.1424287856071964
0 0.861 0.2863568215892054 0.146 0.15892053973013492
0 0.878 0.4482758620689655 0.152 0.1679160419790105
0 0.892 0.6214392803598201 0.164 0.18440779610194902
0 0.908 0.8133433283358321 0.168 0.1934032983508246
0 0.754 0.8095952023988006 0.176 0.20689655172413793
0 0.743 0.6176911544227887 0.158 0.17991004497751126
0 0.73 0.4452773613193403 0.144 0.16491754122938532
0 0.72 0.2841079460269865 0.14 0.15442278860569716
0 0.711 0.13418290854572715 0.142 0.14842578710644677
0 0.593 0.8148425787106447 0.166 0.20539730134932535
0 0.59 0.6199400299850075 0.152 0.18440779610194902
0 0.437 0.6154422788605697 0.154 0.17841079460269865
0 0.435 0.8020989505247377 0.158 0.19490254872563717
0 0.275 0.8035982008995503 0.166 0.19490254872563717
0 0.116 0.8058470764617691 0.168 0.1934032983508246
0 0.127 0.6191904047976012 0.162 0.18590704647676162
0 0.282 0.616191904047976 0.16 0.17991004497751126
0 0.586 0.444527736131934 0.148 0.1664167916041979
0 0.44 0.44227886056971516 0.144 0.1679160419790105
0 0.29 0.444527736131934 0.148 0.1664167916041979
0 0.147 0.4460269865067466 0.154 0.1664167916041979
0 0.579 0.2848575712143928 0.142 0.15292353823088456
0 0.577 0.13418290854572715 0.138 0.1424287856071964
0 0.438 0.2818590704647676 0.14 0.15292353823088456
0 0.44 0.13193403298350825 0.136 0.1469265367316342
0 0.297 0.2848575712143928 0.138 0.15292353823088456
0 0.157 0.2863568215892054 0.146 0.15592203898050974
0 0.306 0.13493253373313344 0.132 0.14392803598200898
0 0.169 0.136431784107946 0.142 0.1469265367316342
