0 0.854 0.16933333333333334 0.292 0.31733333333333336
0 0.905 0.4573333333333333 0.19 0.27466666666666667
0 0.593 0.2 0.21 0.26666666666666666
0 0.655 0.45866666666666667 0.282 0.256
0 0.862 0.7173333333333334 0.276 0.272
0 0.395 0.21333333333333335 0.174 0.24533333333333332
0 0.184 0.216 0.264 0.23466666666666666
0 0.392 0.44666666666666666 0.228 0.23733333333333334
0 0.618 0.6813333333333333 0.204 0.248
0 0.421 0.6586666666666666 0.17 0.23466666666666666
0 0.675 0.8866666666666667 0.266 0.22666666666666666
0 0.904 0.9093333333333333 0.192 0.18133333333333335
0 0.2 0.4226666666666667 0.148 0.2
0 0.239 0.62 0.194 0.22666666666666666
0 0.421 0.852 0.222 0.248
0 0.594 0.9853333333333333 0.1 0.029333333333333333
0 0.456 0.9626666666666667 0.164 0.07466666666666667
0 0.245 0.792 0.146 0.20266666666666666
0 0.281 0.9293333333333333 0.182 0.14133333333333334
0 0.071 0.4186666666666667 0.142 0.192
0 0.082 0.596 0.136 0.17333333333333334
0 0.089 0.7653333333333333 0.17 0.192
0 0.036 0.896 0.072 0.16
0 0.133 0.916 0.134 0.168
0 0.1 0.976 0.2 0.048
0 0.041 0.22266666666666668 0.058 0.168
