0 0.15410447761194027 0.1665952223218113 0.29328358208955224 0.28740111453177974
0 0.14832089552238806 0.40991192860761466 0.28246268656716417 0.254764038813764
0 0.14794776119402983 0.6666244495537975 0.2802238805970149 0.25378979774755467
0 0.4513991163475699 0.6581249495302953 0.3272459499263623 0.2672491030812476
0 0.4496268656716418 0.38945286621721675 0.3291044776119402 0.2674291726744865
0 0.45093283582089555 0.13834223140173804 0.33097014925373136 0.2571996414792876
0 0.4477611940298507 0.8557538677370328 0.3828358208955223 0.2832703324110519
0 0.14701492537313432 0.8736506761232999 0.2776119402985075 0.2469701102840886
0 0.8028680688336519 0.1577562665681522 0.3835564053537284 0.2965418428527924
0 0.8095602294455065 0.36693308837845523 0.37093690248565964 0.28655726901936507
0 0.810472275334608 0.6487476848269423 0.375055449330784 0.28206421079432287
0 0.822 0.894582869466674 0.352 0.20561232895176962
