0 0.11726078799249531 0.43166666666666664 0.23452157598499063 0.5566666666666666
0 0.11726078799249531 0.7616666666666667 0.23452157598499063 0.4766666666666667
0 0.22045028142589118 0.8716666666666667 0.07317073170731707 0.25666666666666665
0 0.2701688555347092 0.8066666666666666 0.07129455909943715 0.24666666666666667
0 0.2851782363977486 0.6033333333333334 0.08630393996247655 0.2866666666666667
0 0.3227016885553471 0.345 0.17636022514071295 0.31
0 0.30956848030018763 0.09833333333333333 0.1951219512195122 0.19666666666666666
0 0.5 0.10833333333333334 0.19324577861163228 0.21666666666666667
0 0.49343339587242024 0.27 0.16885553470919323 0.14
0 0.4099437148217636 0.75 0.21951219512195122 0.5
0 0.4624765478424015 0.5283333333333333 0.23452157598499063 0.4033333333333333
0 0.6153846153846154 0.8633333333333333 0.225140712945591 0.2733333333333333
0 0.6697936210131332 0.5366666666666666 0.26641651031894936 0.3933333333333333
0 0.6801125703564728 0.11166666666666666 0.19324577861163228 0.22333333333333333
0 0.5909943714821764 0.2783333333333333 0.03377110694183865 0.12333333333333334
0 0.7485928705440901 0.2866666666666667 0.30393996247654786 0.37333333333333335
0 0.7851782363977486 0.06166666666666667 0.04690431519699812 0.12333333333333334
0 0.8958724202626641 0.11 0.20825515947467166 0.22
0 0.8958724202626641 0.31666666666666665 0.20825515947467166 0.38666666666666666
0 0.8067542213883677 0.86 0.22138836772983114 0.28
0 0.8864915572232646 0.6016666666666667 0.2270168855534709 0.27
0 0.9455909943714822 0.84 0.10881801125703565 0.32
