0 0.5 0.1220472440944882 0.14 0.043869516310461196
0 0.648 0.11529808773903262 0.16 0.04611923509561305
0 0.427 0.17547806524184478 0.146 0.06524184476940383
0 0.551 0.1597300337457818 0.11 0.03824521934758155
0 0.684 0.21316085489313835 0.152 0.1608548931383577
0 0.5 0.18335208098987626 0.22 0.047244094488188976
0 0.246 0.2514060742407199 0.2 0.08211473565804274
0 0.418 0.24859392575928008 0.164 0.08548931383577053
0 0.6 0.2761529808773903 0.22 0.15185601799775028
0 0.159 0.3346456692913386 0.174 0.08211473565804274
0 0.325 0.3312710911136108 0.182 0.08211473565804274
0 0.532 0.33183352080989875 0.248 0.08773903262092239
0 0.221 0.4145106861642295 0.21 0.08211473565804274
0 0.406 0.4167604049493813 0.164 0.08661417322834646
0 0.584 0.4229471316085489 0.192 0.10123734533183353
0 0.171 0.4921259842519685 0.158 0.08886389201349831
0 0.323 0.4983127109111361 0.178 0.08773903262092239
0 0.531 0.5039370078740157 0.238 0.08998875140607424
0 0.178 0.5753655793025871 0.232 0.09786276715410573
0 0.368 0.5849268841394826 0.18 0.0922384701912261
0 0.554 0.5911136107986502 0.2 0.09336332958380203
0 0.125 0.655793025871766 0.162 0.08548931383577053
0 0.283 0.6676040494938132 0.178 0.09786276715410573
0 0.495 0.6782902137232846 0.266 0.10573678290213723
0 0.046 0.5787401574803149 0.092 0.16985376827896512
0 0.033 0.7564679415073116 0.066 0.19460067491563554
0 0.018 0.9235095613048369 0.036 0.15073115860517436
0 0.127 0.796400449943757 0.21 0.2047244094488189
0 0.098 0.9364454443194601 0.196 0.12485939257592801
0 0.216 0.9229471316085489 0.06 0.15185601799775028
0 0.245 0.7485939257592801 0.05 0.09111361079865017
0 0.349 0.7598425196850394 0.178 0.09786276715410573
0 0.539 0.7637795275590551 0.218 0.1124859392575928
0 0.286 0.8402699662542182 0.148 0.09898762654668167
0 0.477 0.8548931383577053 0.258 0.10348706411698538
0 0.312 0.9308211473565804 0.156 0.10011248593925759
0 0.492 0.9347581552305961 0.228 0.13048368953880765
0 0.632 0.8149606299212598 0.06 0.10911136107986502
0 0.619 0.891451068616423 0.042 0.10236220472440945
0 0.658 0.8526434195725534 0.044 0.08998875140607424
0 0.674 0.7755905511811023 0.032 0.08211473565804274
0 0.715 0.7210348706411699 0.054 0.04499437570303712
0 0.647 0.6659167604049494 0.046 0.08323959505061868
0 0.663 0.7266591676040495 0.05 0.05849268841394826
0 0.713 0.7750281214848144 0.058 0.06974128233970754
0 0.709 0.8363329583802025 0.058 0.06411698537682789
0 0.743 0.6372328458942632 0.19 0.14285714285714285
0 0.917 0.5770528683914511 0.166 0.08548931383577053
0 0.921 0.6518560179977503 0.158 0.07311586051743532
0 0.82 0.7193475815523059 0.16 0.09786276715410573
0 0.944 0.7311586051743532 0.112 0.08998875140607424
0 0.814 0.8065241844769404 0.156 0.0922384701912261
0 0.943 0.8155230596175478 0.114 0.09448818897637795
0 0.803 0.8852643419572553 0.158 0.09448818897637795
0 0.937 0.8976377952755905 0.126 0.0922384701912261
0 0.796 0.5264341957255343 0.172 0.06524184476940383
0 0.938 0.516872890888639 0.124 0.03937007874015748
0 0.777 0.5838020247469067 0.118 0.05849268841394826
0 0.799 0.46625421822272217 0.138 0.06636670416197975
0 0.928 0.4701912260967379 0.144 0.0719910011248594
0 0.956 0.41057367829021374 0.088 0.06524184476940383
0 0.831 0.4111361079865017 0.154 0.05061867266591676
0 0.93 0.3481439820022497 0.14 0.06411698537682789
0 0.956 0.2857142857142857 0.088 0.06299212598425197
0 0.981 0.20416197975253092 0.034 0.05511811023622047
0 0.936 0.26152980877390325 0.128 0.06411698537682789
0 0.846 0.3177727784026997 0.144 0.048368953880764905
0 0.813 0.36670416197975253 0.11 0.04499437570303712
0 0.689 0.3695163104611924 0.07 0.1203599550056243
0 0.733 0.3228346456692913 0.054 0.14173228346456693
0 0.693 0.47244094488188976 0.09 0.15523059617547807
0 0.05 0.27109111361079863 0.1 0.05174353205849269
0 0.124 0.2727784026996625 0.052 0.043869516310461196
0 0.041 0.32395950506186727 0.082 0.05849268841394826
0 0.065 0.37682789651293586 0.13 0.06524184476940383
0 0.061 0.43082114735658045 0.118 0.0562429696287964
0 0.053 0.48368953880764903 0.102 0.05849268841394826
