0 0.836 0.3483483483483483 0.272 0.1891891891891892
0 0.838 0.7432432432432432 0.244 0.18018018018018017
0 0.44 0.512012012012012 0.216 0.16216216216216217
0 0.119 0.3130630630630631 0.238 0.17867867867867868
0 0.922 0.5675675675675675 0.156 0.15015015015015015
0 0.749 0.566066066066066 0.198 0.15015015015015015
0 0.926 0.1478978978978979 0.148 0.14264264264264265
0 0.764 0.1448948948948949 0.192 0.14264264264264265
0 0.576 0.13588588588588588 0.196 0.14564564564564564
0 0.389 0.13063063063063063 0.194 0.14414414414414414
0 0.199 0.12462462462462462 0.198 0.13813813813813813
0 0.055 0.12312312312312312 0.11 0.13813813813813813
0 0.57 0.27402402402402404 0.196 0.14864864864864866
0 0.38 0.268018018018018 0.196 0.14564564564564564
0 0.188 0.26426426426426425 0.192 0.14114114114114115
0 0.048 0.2132132132132132 0.096 0.04504504504504504
0 0.178 0.40615615615615613 0.2 0.14264264264264265
0 0.37 0.40765765765765766 0.2 0.14264264264264265
0 0.566 0.4166666666666667 0.196 0.14264264264264265
0 0.757 0.27927927927927926 0.198 0.14114114114114115
0 0.928 0.28678678678678676 0.144 0.14114114114114115
0 0.753 0.4219219219219219 0.194 0.14414414414414414
0 0.924 0.42792792792792794 0.152 0.14114114114114115
0 0.743 0.7087087087087087 0.198 0.15015015015015015
0 0.922 0.7132132132132132 0.156 0.15015015015015015
0 0.917 0.8618618618618619 0.166 0.14714714714714713
0 0.732 0.8596096096096096 0.2 0.15465465465465467
0 0.555 0.5585585585585585 0.202 0.14714714714714713
0 0.545 0.7027027027027027 0.206 0.15315315315315314
0 0.538 0.8521021021021021 0.208 0.15765765765765766
0 0.338 0.8483483483483484 0.208 0.15315315315315314
0 0.349 0.6996996996996997 0.206 0.15315315315315314
0 0.355 0.5540540540540541 0.198 0.15015015015015015
0 0.139 0.8483483483483484 0.206 0.15615615615615616
0 0.152 0.6959459459459459 0.208 0.15465465465465467
0 0.167 0.5480480480480481 0.206 0.14714714714714713
0 0.041 0.4144144144144144 0.082 0.12012012012012012
0 0.038 0.545045045045045 0.076 0.14714714714714713
0 0.03 0.6944444444444444 0.06 0.15165165165165165
0 0.024 0.8475975975975976 0.048 0.15465465465465467
