0 0.308 0.30266666666666664 0.208 0.14666666666666667
0 0.315 0.43333333333333335 0.182 0.14133333333333334
0 0.313 0.5573333333333333 0.182 0.14933333333333335
0 0.316 0.6733333333333333 0.176 0.152
0 0.327 0.7826666666666666 0.174 0.15733333333333333
0 0.111 0.312 0.222 0.15466666666666667
0 0.111 0.456 0.222 0.16
0 0.109 0.5946666666666667 0.218 0.16533333333333333
0 0.12 0.7186666666666667 0.22 0.17333333333333334
0 0.132 0.8386666666666667 0.216 0.17333333333333334
0 0.498 0.728 0.176 0.13866666666666666
0 0.641 0.6866666666666666 0.11 0.12533333333333332
0 0.645 0.5946666666666667 0.114 0.12266666666666666
0 0.496 0.6306666666666667 0.18 0.136
0 0.647 0.5 0.118 0.12
0 0.495 0.5293333333333333 0.182 0.13066666666666665
0 0.495 0.42133333333333334 0.178 0.128
0 0.644 0.4013333333333333 0.12 0.11466666666666667
0 0.498 0.304 0.172 0.144
0 0.626 0.292 0.16 0.12533333333333332
0 0.911 0.268 0.098 0.088
0 0.761 0.272 0.21 0.096
0 0.903 0.34933333333333333 0.102 0.08533333333333333
0 0.779 0.36133333333333334 0.154 0.09866666666666667
0 0.895 0.42933333333333334 0.102 0.09066666666666667
0 0.775 0.444 0.15 0.104
0 0.892 0.5053333333333333 0.088 0.088
0 0.775 0.5266666666666666 0.146 0.104
0 0.894 0.5813333333333334 0.088 0.10666666666666667
0 0.775 0.6146666666666667 0.15 0.11466666666666667
0 0.486 0.192 0.088 0.07466666666666667
0 0.433 0.19466666666666665 0.022 0.07466666666666667
