0 0.5277777777777778 0.7159468438538206 0.4797979797979798 0.521594684385382
0 0.15151515151515152 0.6229235880398671 0.30303030303030304 0.2956810631229236
0 0.15404040404040403 0.33554817275747506 0.30808080808080807 0.27906976744186046
0 0.5441919191919192 0.24584717607973422 0.5429292929292929 0.43853820598006643
0 0.8800505050505051 0.6146179401993356 0.2398989898989899 0.27906976744186046
0 0.8825757575757576 0.8754152823920266 0.23484848484848486 0.2425249169435216
0 0.8674242424242424 0.3538205980066445 0.26515151515151514 0.26245847176079734
0 0.7765151515151515 0.11295681063122924 0.44696969696969696 0.21926910299003322
0 0.2702020202020202 0.10132890365448505 0.5404040404040404 0.2026578073089701
0 0.27904040404040403 0.8803986710963455 0.5580808080808081 0.23920265780730898
