0 0.455 0.09295352323838081 0.29 0.18590704647676162
0 0.227 0.33883058470764615 0.282 0.27586206896551724
0 0.508 0.31634182908545727 0.288 0.28785607196401797
0 0.796 0.315592203898051 0.316 0.29535232383808097
0 0.25 0.6146926536731634 0.28 0.272863568215892
0 0.522 0.5989505247376312 0.292 0.28335832083958024
0 0.808 0.5952023988005997 0.316 0.28785607196401797
0 0.256 0.8740629685157422 0.28 0.2518740629685157
0 0.529 0.8695652173913043 0.282 0.2608695652173913
0 0.814 0.868815592203898 0.292 0.2623688155922039
