0 0.05545112781954887 0.30333333333333334 0.11090225563909774 0.08666666666666667
0 0.05733082706766917 0.385 0.11466165413533834 0.07666666666666666
0 0.05169172932330827 0.465 0.10338345864661654 0.09
0 0.022556390977443608 0.5333333333333333 0.045112781954887216 0.07333333333333333
0 0.06109022556390977 0.5783333333333334 0.03571428571428571 0.14333333333333334
0 0.03101503759398496 0.6633333333333333 0.06203007518796992 0.19333333333333333
0 0.13909774436090225 0.32 0.04887218045112782 0.11333333333333333
0 0.18045112781954886 0.31833333333333336 0.03759398496240601 0.12333333333333334
0 0.24154135338345864 0.32166666666666666 0.08834586466165413 0.13666666666666666
0 0.13157894736842105 0.43666666666666665 0.06015037593984962 0.12666666666666668
0 0.17199248120300753 0.45 0.06578947368421052 0.14666666666666667
0 0.24530075187969924 0.455 0.08082706766917293 0.14333333333333334
0 0.12687969924812031 0.5683333333333334 0.10338345864661654 0.15
0 0.2236842105263158 0.5883333333333334 0.09774436090225563 0.13
0 0.10714285714285714 0.7316666666666667 0.11654135338345864 0.17666666666666667
0 0.22180451127819548 0.73 0.12030075187969924 0.18
0 0.34398496240601506 0.19666666666666666 0.13157894736842105 0.17333333333333334
0 0.4680451127819549 0.20833333333333334 0.11654135338345864 0.17
0 0.34022556390977443 0.36333333333333334 0.11278195488721804 0.16666666666666666
0 0.46898496240601506 0.36833333333333335 0.12593984962406016 0.16333333333333333
0 0.34022556390977443 0.5183333333333333 0.12781954887218044 0.16333333333333333
0 0.46616541353383456 0.5216666666666666 0.10902255639097744 0.15666666666666668
0 0.34116541353383456 0.6833333333333333 0.11842105263157894 0.16
0 0.45864661654135336 0.68 0.12781954887218044 0.16
0 0.3468045112781955 0.8316666666666667 0.12969924812030076 0.15666666666666668
0 0.46146616541353386 0.8283333333333334 0.10714285714285714 0.14333333333333334
0 0.5629699248120301 0.265 0.07330827067669173 0.12333333333333334
0 0.6259398496240601 0.27666666666666667 0.05639097744360902 0.1
0 0.5573308270676691 0.37833333333333335 0.05451127819548872 0.11
0 0.6296992481203008 0.37666666666666665 0.09398496240601503 0.11333333333333333
0 0.5733082706766918 0.5 0.10526315789473684 0.13333333333333333
0 0.5704887218045113 0.63 0.10714285714285714 0.14
0 0.5676691729323309 0.765 0.10526315789473684 0.13
0 0.681390977443609 0.49833333333333335 0.11090225563909774 0.15666666666666668
0 0.674812030075188 0.64 0.10902255639097744 0.14
0 0.6738721804511278 0.7716666666666666 0.11090225563909774 0.13
0 0.7105263157894737 0.2916666666666667 0.09398496240601503 0.11
0 0.7941729323308271 0.2833333333333333 0.07706766917293233 0.08666666666666667
0 0.7020676691729323 0.37833333333333335 0.05075187969924812 0.07666666666666666
0 0.7875939849624061 0.3933333333333333 0.12406015037593984 0.13333333333333333
0 0.7941729323308271 0.52 0.11090225563909774 0.13333333333333333
0 0.8242481203007519 0.6383333333333333 0.19736842105263158 0.15666666666666668
0 0.8618421052631579 0.40166666666666667 0.03195488721804511 0.11
0 0.8580827067669173 0.5066666666666667 0.020676691729323307 0.1
0 0.75 0.7633333333333333 0.045112781954887216 0.13333333333333333
0 0.8477443609022557 0.7666666666666667 0.16917293233082706 0.26
