0 0.49659318637274547 0.5132932531730127 0.25330661322645287 0.3190380761523046
0 0.5212424849699399 0.721442885771543 0.22484969939879756 0.3110220440881764
0 0.5390781563126252 0.8780921843687375 0.2196392785571142 0.2384822979291918
0 0.33544889779559117 0.9042778891115565 0.17310220440881763 0.18611088844355375
0 0.3130260521042084 0.7297261189044756 0.18597194388777555 0.21536406145624573
0 0.31663326653306617 0.49191716766867066 0.257314629258517 0.2859051436205744
0 0.3725450901803607 0.24021376085504342 0.20801603206412825 0.2239144956579826
0 0.35791583166332663 0.07000668002672011 0.211623246492986 0.1389445557782231
0 0.21022044088176353 0.2447561790247161 0.16072144288577156 0.20734802939211752
0 0.18356713426853707 0.07565869995023605 0.16432865731462926 0.150248595625255
0 0.5633266533066132 0.22818971275885103 0.17434869739478961 0.23299933199732792
0 0.5665330661322645 0.059585838343353376 0.18476953907815635 0.11917167668670675
0 0.7645290581162325 0.23460253841015363 0.22164328657314628 0.26078824315297255
0 0.7685370741482966 0.05691382765531062 0.22565130260521038 0.11382765531062124
0 0.7529058116232464 0.4726786907147628 0.20240480961923846 0.22391449565798258
0 0.751503006012024 0.6725450901803607 0.1907815631262524 0.22070808283233131
0 0.7521042084168337 0.8505010020040079 0.17675350701402806 0.21108884435537736
0 0.7580420841683367 0.9566492985971944 0.1680841683366733 0.08136806947227797
0 0.9150320641282564 0.8924515698062792 0.16593587174348703 0.2073480293921175
0 0.9196412825651302 0.7048550434201737 0.15671743486973946 0.23295657982631937
0 0.9216452905811623 0.4830273881095524 0.15270941883767533 0.2446118904475618
0 0.9314649298597194 0.23066666666666666 0.1330701402805612 0.264
0 0.942687374749499 0.04996659986639946 0.11062525050100203 0.09993319973279892
0 0.06258389261744966 0.07516778523489932 0.12449664429530202 0.15033557046979865
0 0.07785234899328859 0.23758389261744967 0.14362416107382553 0.19328859060402684
0 0.11426174496644297 0.41700223713646534 0.13926174496644297 0.16375838926174496
0 0.1394295302013423 0.5778523489932886 0.13187919463087247 0.15883668903803133
0 0.163255033557047 0.7252796420581656 0.12651006711409396 0.1458612975391499
0 0.18288590604026847 0.8608501118568231 0.1167785234899329 0.15123042505592835
0 0.9047615230460921 0.9825678022712091 0.11352304609218436 0.029531062124248518
0 0.5664 0.45280000000000004 0.1672 0.21866666666666668
0 0.6396000000000001 0.6477333333333334 0.031200000000000047 0.1765333333333333
0 0.6472 0.824 0.029600000000000022 0.176
0 0.651 0.9543999999999999 0.042 0.08586666666666663
0 0.21452513966480447 0.42830540037243947 0.11992551210428308 0.17628801986343887
0 0.2080074487895717 0.5961514587212912 0.037616387337057716 0.16139044072004965
0 0.2286778398510242 0.7503414028553693 0.03798882681564248 0.144009931719429
0 0.24953445065176907 0.8938547486033519 0.03798882681564245 0.14400993171942886
