0 0.3685517241379311 0.21661583001602647 0.5420689655172415 0.32156335625290805
0 0.48303448275862076 0.5087111616605491 0.7406896551724138 0.28123869099932797
0 0.8118965517241379 0.20886108669803033 0.3722068965517242 0.3184614589257096
0 0.06531034482758621 0.2397508142480484 0.13062068965517243 0.22514604766582225
0 0.07082758620689657 0.47632218373571833 0.14165517241379313 0.2557514346275138
0 0.4251034482758621 0.02740009305691982 0.52 0.05480018611383964
0 0.9153448275862069 0.48648089748229334 0.16531034482758605 0.2533216150545417
0 0.7905172413793103 0.7268779403401747 0.4149655172413793 0.2357441968670837
0 0.3623448275862069 0.7537610505092281 0.44965517241379316 0.2522876492788088
0 0.4657931034482759 0.9154215995450551 0.6151724137931035 0.16615830016026464
0 0.8801724137931035 0.9085457271364318 0.23565517241379302 0.17991004497751126
0 0.08255172413793105 0.7267486946182081 0.1651034482758621 0.2706405417980665
0 0.0880689655172414 0.9238484206172777 0.1761379310344828 0.14785710592979376
