0 0.751 0.0712143928035982 0.498 0.11244377811094453
0 0.766 0.18440779610194902 0.468 0.1199400299850075
0 0.768 0.29610194902548725 0.464 0.10944527736131934
0 0.772 0.41004497751124436 0.456 0.10644677661169415
0 0.772 0.5119940029985007 0.456 0.10344827586206896
0 0.773 0.6206896551724138 0.454 0.11394302848575712
0 0.789 0.7241379310344828 0.422 0.10194902548725637
0 0.796 0.8223388305847077 0.408 0.10344827586206896
0 0.793 0.9182908545727136 0.414 0.10644677661169415
0 0.778 0.9790104947526237 0.444 0.038980509745127435
0 0.252 0.06746626686656672 0.504 0.11094452773613193
0 0.268 0.18290854572713644 0.536 0.1199400299850075
0 0.272 0.4107946026986507 0.544 0.12293853073463268
0 0.269 0.29910044977511246 0.538 0.11244377811094453
0 0.272 0.52023988005997 0.544 0.12293853073463268
0 0.273 0.6266866566716641 0.546 0.12293853073463268
0 0.299 0.7338830584707646 0.558 0.13043478260869565
0 0.313 0.8380809595202399 0.55 0.13193403298350825
0 0.31 0.9400299850074962 0.556 0.1199400299850075
0 0.296 0.987256371814093 0.52 0.025487256371814093
0 0.487 0.011244377811094454 0.562 0.022488755622188907
