0 0.217 0.10674157303370786 0.33 0.1550561797752809
0 0.201 0.251685393258427 0.266 0.14382022471910114
0 0.214 0.3887640449438202 0.248 0.1348314606741573
0 0.231 0.5129213483146068 0.246 0.12247191011235956
0 0.249 0.6308988764044944 0.246 0.12247191011235956
0 0.262 0.744943820224719 0.232 0.11235955056179775
0 0.273 0.8533707865168539 0.23 0.11123595505617978
0 0.285 0.95 0.218 0.09775280898876404
0 0.131 0.9483146067415731 0.114 0.10337078651685393
0 0.464 0.25842696629213485 0.252 0.14382022471910114
0 0.472 0.39157303370786517 0.244 0.13370786516853933
0 0.473 0.5196629213483146 0.234 0.12247191011235956
0 0.499 0.6348314606741573 0.222 0.1101123595505618
0 0.5 0.7438202247191011 0.224 0.10786516853932585
0 0.494 0.849438202247191 0.212 0.10337078651685393
0 0.498 0.950561797752809 0.204 0.09887640449438202
0 0.73 0.1196629213483146 0.272 0.15393258426966291
0 0.736 0.26179775280898876 0.256 0.13707865168539327
0 0.731 0.3938202247191011 0.242 0.13146067415730336
0 0.71 0.5162921348314606 0.24 0.11797752808988764
0 0.729 0.6308988764044944 0.23 0.11348314606741573
0 0.73 0.7432584269662922 0.228 0.11123595505617978
0 0.716 0.8505617977528089 0.22 0.10337078651685393
0 0.71 0.9466292134831461 0.212 0.09101123595505618
0 0.933 0.12303370786516854 0.134 0.149438202247191
0 0.924 0.26235955056179777 0.152 0.13595505617977527
0 0.923 0.3943820224719101 0.154 0.1303370786516854
0 0.918 0.5179775280898876 0.164 0.11910112359550562
0 0.921 0.6325842696629214 0.158 0.11235955056179775
0 0.921 0.7432584269662922 0.158 0.11123595505617978
0 0.914 0.8488764044943821 0.172 0.10224719101123596
0 0.904 0.949438202247191 0.18 0.09887640449438202
