0 0.603030303030303 0.48863636363636365 0.28484848484848485 0.15
0 0.8606060606060606 0.47045454545454546 0.26666666666666666 0.15
0 0.8727272727272727 0.5954545454545455 0.2545454545454545 0.14545454545454545
0 0.6121212121212121 0.6227272727272727 0.26666666666666666 0.15454545454545454
0 0.3484848484848485 0.634090909090909 0.28484848484848485 0.1409090909090909
0 0.10909090909090909 0.6568181818181819 0.20606060606060606 0.15
0 0.09696969696969697 0.5159090909090909 0.18181818181818182 0.1409090909090909
0 0.3212121212121212 0.5068181818181818 0.3151515151515151 0.15
0 0.6212121212121212 0.7272727272727273 0.24848484848484848 0.1
0 0.37575757575757573 0.7545454545454545 0.3151515151515151 0.13636363636363635
0 0.8696969696969697 0.7113636363636363 0.2606060606060606 0.1409090909090909
0 0.12121212121212122 0.7840909090909091 0.24242424242424243 0.15
0 0.14545454545454545 0.8931818181818182 0.2909090909090909 0.15
0 0.4121212121212121 0.8636363636363636 0.26666666666666666 0.13636363636363635
0 0.6454545454545455 0.8340909090909091 0.2727272727272727 0.1409090909090909
0 0.8878787878787879 0.8204545454545454 0.22424242424242424 0.1318181818181818
0 0.8909090909090909 0.925 0.21818181818181817 0.12272727272727273
0 0.40606060606060607 0.9522727272727273 0.2545454545454545 0.09545454545454546
0 0.6666666666666666 0.9409090909090909 0.26666666666666666 0.10909090909090909
0 0.15151515151515152 0.9659090909090909 0.26666666666666666 0.06818181818181818
0 0.08181818181818182 0.3795454545454545 0.16363636363636364 0.1590909090909091
0 0.2909090909090909 0.36818181818181817 0.32727272727272727 0.14545454545454545
0 0.2696969696969697 0.22272727272727272 0.34545454545454546 0.16363636363636364
0 0.06060606060606061 0.225 0.12121212121212122 0.16818181818181818
0 0.048484848484848485 0.075 0.09696969696969697 0.1409090909090909
0 0.24242424242424243 0.07272727272727272 0.3393939393939394 0.13636363636363635
0 0.5606060606060606 0.07272727272727272 0.3212121212121212 0.14545454545454545
0 0.8545454545454545 0.0659090909090909 0.2909090909090909 0.1318181818181818
0 0.8575757575757575 0.3386363636363636 0.2727272727272727 0.1590909090909091
0 0.5878787878787879 0.35909090909090907 0.2909090909090909 0.15454545454545454
0 0.5666666666666667 0.21818181818181817 0.3090909090909091 0.16363636363636364
0 0.8545454545454545 0.19545454545454546 0.2787878787878788 0.17272727272727273
