0 0.12895377128953772 0.11461794019933555 0.25790754257907544 0.2292358803986711
0 0.13381995133819952 0.43023255813953487 0.26763990267639903 0.3754152823920266
0 0.13260340632603407 0.8023255813953488 0.26520681265206814 0.38205980066445183
0 0.3953771289537713 0.10631229235880399 0.26034063260340634 0.21262458471760798
0 0.4051094890510949 0.4069767441860465 0.27007299270072993 0.3754152823920266
0 0.4075425790754258 0.7956810631229236 0.2798053527980535 0.40863787375415284
0 0.6666666666666666 0.10963455149501661 0.2725060827250608 0.21926910299003322
0 0.6763990267639902 0.4069767441860465 0.2725060827250608 0.38205980066445183
0 0.6885644768856448 0.7973421926910299 0.2822384428223844 0.4053156146179402
0 0.9002433090024331 0.10963455149501661 0.19951338199513383 0.21926910299003322
0 0.9063260340632603 0.40863787375415284 0.1873479318734793 0.37209302325581395
0 0.9111922141119222 0.8006644518272426 0.17761557177615572 0.3853820598006645
