0 0.168 0.06666666666666667 0.336 0.13333333333333333
0 0.459 0.08 0.246 0.16
0 0.678 0.088 0.204 0.176
0 0.83 0.013333333333333334 0.096 0.02666666666666667
0 0.915 0.02266666666666667 0.078 0.04533333333333334
0 0.975 0.03333333333333333 0.05 0.06666666666666667
0 0.666 0.2613333333333333 0.2 0.18666666666666668
0 0.825 0.096 0.102 0.18133333333333335
0 0.909 0.112 0.09 0.16
0 0.97 0.128 0.06 0.144
0 0.812 0.2613333333333333 0.108 0.16
0 0.899 0.2613333333333333 0.09 0.144
0 0.968 0.264 0.064 0.13333333333333333
0 0.658 0.43733333333333335 0.196 0.192
0 0.454 0.25333333333333335 0.24 0.24
0 0.166 0.24266666666666667 0.332 0.2986666666666667
0 0.039 0.532 0.078 0.27466666666666667
0 0.192 0.512 0.252 0.2773333333333333
0 0.441 0.4786666666666667 0.246 0.22666666666666666
0 0.801 0.4146666666666667 0.106 0.152
0 0.893 0.4 0.086 0.13866666666666666
0 0.963 0.392 0.074 0.128
0 0.981 0.49866666666666665 0.038 0.10666666666666667
0 0.904 0.52 0.128 0.13866666666666666
0 0.98 0.6093333333333333 0.04 0.11466666666666667
0 0.977 0.7146666666666667 0.046 0.11733333333333333
0 0.906 0.6346666666666667 0.124 0.144
0 0.896 0.7506666666666667 0.128 0.152
0 0.042 0.784 0.084 0.2613333333333333
0 0.196 0.7373333333333333 0.248 0.2853333333333333
0 0.408 0.6813333333333333 0.176 0.23733333333333334
0 0.567 0.6293333333333333 0.146 0.224
0 0.692 0.592 0.108 0.18666666666666668
0 0.793 0.556 0.102 0.16266666666666665
0 0.135 0.912 0.27 0.176
0 0.377 0.8666666666666667 0.226 0.25066666666666665
0 0.56 0.8 0.14 0.21333333333333335
0 0.683 0.74 0.114 0.18933333333333333
0 0.795 0.6786666666666666 0.118 0.16266666666666665
0 0.292 0.96 0.048 0.08
0 0.436 0.9413333333333334 0.22 0.11733333333333333
0 0.971 0.808 0.054 0.10133333333333333
0 0.917 0.8426666666666667 0.07 0.128
0 0.834 0.892 0.092 0.152
0 0.787 0.8053333333333333 0.114 0.16
0 0.641 0.888 0.186 0.21866666666666668
0 0.756 0.9306666666666666 0.068 0.128
0 0.969 0.9066666666666666 0.062 0.13866666666666666
0 0.907 0.9386666666666666 0.074 0.12266666666666666
0 0.834 0.9613333333333334 0.08 0.07733333333333334
0 0.759 0.9853333333333333 0.066 0.029333333333333333
0 0.658 0.9613333333333334 0.132 0.07733333333333334
