0 0.132 0.15292353823088456 0.168 0.1409295352323838
0 0.127 0.27361319340329837 0.222 0.136431784107946
0 0.125 0.4002998500749625 0.25 0.13193403298350825
0 0.128 0.5337331334332833 0.252 0.13493253373313344
0 0.133 0.658920539730135 0.25 0.15142428785607195
0 0.169 0.7998500749625187 0.338 0.13343328335832083
0 0.171 0.9325337331334332 0.342 0.13193403298350825
0 0.531 0.9662668665667167 0.37 0.06746626686656672
0 0.558 0.883808095952024 0.432 0.10944527736131934
0 0.556 0.782608695652174 0.432 0.10494752623688156
0 0.852 0.9460269865067467 0.296 0.10794602698650675
0 0.901 0.8103448275862069 0.198 0.13943028485757122
0 0.9 0.8875562218890555 0.2 0.0239880059970015
0 0.351 0.6664167916041979 0.186 0.12743628185907047
0 0.496 0.6664167916041979 0.104 0.12743628185907047
0 0.599 0.6671664167916042 0.102 0.12893553223388307
0 0.348 0.5389805097451275 0.188 0.12743628185907047
0 0.34 0.411544227886057 0.188 0.12743628185907047
0 0.337 0.28335832083958024 0.19 0.13493253373313344
0 0.333 0.14917541229385306 0.19 0.13943028485757122
0 0.478 0.1446776611694153 0.108 0.1424287856071964
0 0.598 0.14167916041979012 0.108 0.13943028485757122
0 0.48 0.27961019490254874 0.104 0.136431784107946
0 0.598 0.2766116941529235 0.104 0.136431784107946
0 0.485 0.40929535232383807 0.11 0.12893553223388307
0 0.599 0.4085457271364318 0.106 0.12743628185907047
0 0.493 0.5382308845577212 0.102 0.12893553223388307
0 0.597 0.5382308845577212 0.102 0.13193403298350825
0 0.749 0.6671664167916042 0.198 0.12893553223388307
0 0.745 0.5382308845577212 0.198 0.12893553223388307
0 0.75 0.4062968515742129 0.2 0.13493253373313344
0 0.749 0.272863568215892 0.202 0.1409295352323838
0 0.752 0.13568215892053972 0.204 0.1454272863568216
0 0.927 0.13343328335832083 0.146 0.1409295352323838
0 0.927 0.272863568215892 0.146 0.1409295352323838
0 0.923 0.41004497751124436 0.154 0.136431784107946
0 0.923 0.5449775112443778 0.154 0.13343328335832083
0 0.923 0.676911544227886 0.154 0.13343328335832083
