0 0.1349206349206349 0.16166666666666665 0.2698412698412698 0.25
0 0.42063492063492064 0.17333333333333334 0.3055555555555556 0.26
0 0.7301587301587301 0.17666666666666667 0.30158730158730157 0.25333333333333335
0 0.939484126984127 0.17666666666666667 0.12103174603174603 0.25333333333333335
0 0.1359126984126984 0.41833333333333333 0.2718253968253968 0.2633333333333333
0 0.4255952380952381 0.425 0.30357142857142855 0.2633333333333333
0 0.7410714285714286 0.43 0.30753968253968256 0.24666666666666667
0 0.9464285714285714 0.42833333333333334 0.10714285714285714 0.25666666666666665
0 0.9474206349206349 0.68 0.10515873015873016 0.24666666666666667
0 0.9464285714285714 0.9 0.10714285714285714 0.2
0 0.7420634920634921 0.9 0.3055555555555556 0.19333333333333333
0 0.7390873015873016 0.6833333333333333 0.30357142857142855 0.26
0 0.435515873015873 0.9 0.30753968253968256 0.19333333333333333
0 0.43353174603174605 0.6816666666666666 0.30753968253968256 0.2633333333333333
0 0.13690476190476192 0.675 0.27380952380952384 0.25666666666666665
0 0.1349206349206349 0.8983333333333333 0.2698412698412698 0.20333333333333334
