0 0.368380288508084 0.4032336140962339 0.19847032626585343 0.1423177461516119
0 0.3647497337593184 0.5537806176783813 0.21734921095943455 0.15683996514667445
0 0.5818569077355019 0.4034756510794849 0.22364217252396165 0.1592603349791848
0 0.3652338077258205 0.7072320650595412 0.21928550682544293 0.14619033788362853
0 0.18903088391906284 0.6394617097492497 0.1311840449220641 0.14619033788362853
0 0.5845193145512634 0.7082002129925451 0.21444476716042207 0.14715848581663277
0 0.5886339432665311 0.5576532094103979 0.21686513699293247 0.14812663374963694
0 0.8212314841707814 0.7084422499757962 0.25704327621260525 0.1824958853712847
0 0.7972698228289281 0.40032917029722137 0.21686513699293242 0.1461903378836286
0 0.7936392680801625 0.5450672862813438 0.21154032336140965 0.1452221899506245
0 0.08250486829968227 0.7082094906221174 0.12093881315978271 0.0840422260940864
0 0.08898639321632813 0.3640800631039242 0.125714849142181 0.06162492605008878
0 0.08824689410372707 0.41683099980280025 0.12226385328337605 0.051764937882074494
0 0.08578189706172352 0.47032143561427725 0.11141786629856043 0.057187931374482366
0 0.09194438966673239 0.5270163675803589 0.11289686452376255 0.07296391244330507
0 0.09194438966673239 0.578534805758233 0.11092486689015973 0.06063892723328737
0 0.08257740090711892 0.6322717412739104 0.08035890356931571 0.05275093669887589
