0 0.906813627254509 0.15147453083109919 0.18637274549098196 0.24932975871313673
0 0.874749498997996 0.3967828418230563 0.250501002004008 0.2680965147453083
0 0.9378757515030061 0.6514745308310992 0.12424849699398798 0.257372654155496
0 0.7575150300601202 0.6394101876675603 0.22845691382765532 0.26541554959785524
0 0.5891783567134269 0.37667560321715815 0.3406813627254509 0.26541554959785524
0 0.5250501002004008 0.6179624664879356 0.22444889779559118 0.2707774798927614
0 0.7194388777555111 0.2225201072386059 0.16432865731462926 0.128686327077748
0 0.5561122244488977 0.20241286863270777 0.1623246492985972 0.10991957104557641
0 0.5811623246492986 0.10187667560321716 0.23246492985971945 0.16085790884718498
0 0.1963927855711423 0.8605898123324397 0.34468937875751504 0.27882037533512066
0 0.2925851703406814 0.6353887399463807 0.23246492985971945 0.24128686327077747
0 0.08917835671342686 0.6166219839142091 0.17835671342685372 0.24128686327077747
0 0.23046092184368738 0.403485254691689 0.34468937875751504 0.24396782841823056
0 0.03707414829659319 0.3873994638069705 0.07414829659318638 0.22788203753351208
0 0.33567134268537074 0.19302949061662197 0.28256513026052105 0.24128686327077747
0 0.1062124248496994 0.17158176943699732 0.2124248496993988 0.23056300268096513
0 0.2835671342685371 0.08310991957104558 0.374749498997996 0.16621983914209115
0 0.8547094188376754 0.8847184986595175 0.23046092184368738 0.23056300268096513
0 0.5621242484969939 0.8619302949061662 0.35070140280561124 0.2761394101876676
