0 0.20637898686679174 0.44666666666666666 0.41275797373358347 0.41333333333333333
0 0.20168855534709193 0.7833333333333333 0.399624765478424 0.43333333333333335
0 0.2607879924953096 0.9366666666666666 0.27392120075046905 0.12666666666666668
0 0.5300187617260788 0.6916666666666667 0.2570356472795497 0.35
0 0.524390243902439 0.87 0.24953095684803 0.26
0 0.6078799249530957 0.9766666666666667 0.06378986866791744 0.04666666666666667
0 0.3696060037523452 0.13166666666666665 0.41275797373358347 0.2633333333333333
0 0.7148217636022514 0.12666666666666668 0.2776735459662289 0.25333333333333335
0 0.7110694183864915 0.36833333333333335 0.26641651031894936 0.25
0 0.5384615384615384 0.4116666666666667 0.25140712945590993 0.30333333333333334
0 0.7476547842401501 0.5866666666666667 0.17448405253283303 0.25333333333333335
0 0.7335834896810507 0.785 0.17636022514071295 0.27
0 0.9015009380863039 0.5483333333333333 0.15196998123827393 0.25666666666666665
0 0.8574108818011257 0.7566666666666667 0.0900562851782364 0.23333333333333334
0 0.9446529080675422 0.8033333333333333 0.11069418386491557 0.24666666666666667
0 0.9230769230769231 0.9516666666666667 0.06378986866791744 0.09666666666666666
0 0.9878048780487805 0.37 0.024390243902439025 0.22666666666666666
0 0.850844277673546 0.3233333333333333 0.020637898686679174 0.25333333333333335
0 0.9080675422138836 0.31 0.0975609756097561 0.10666666666666667
0 0.8902439024390244 0.395 0.06191369606003752 0.07
0 0.9521575984990619 0.37166666666666665 0.06566604127579738 0.13666666666666666
0 0.9193245778611632 0.21333333333333335 0.1425891181988743 0.13333333333333333
0 0.9624765478424016 0.5933333333333334 0.07129455909943715 0.26
