0 0.511437908496732 0.07986202976942902 0.3535947712418301 0.15972405953885804
0 0.27647058823529413 0.07226778767479004 0.15294117647058822 0.1445355753495801
0 0.8042483660130719 0.08329168748958853 0.26993464052287586 0.14600542865821992
0 0.23366013071895422 0.23493155383092768 0.42026143790849674 0.17197283711085634
0 0.7349673202614379 0.2442406247856464 0.430718954248366 0.17687234813965566
0 0.19901960784313727 0.38828624903234654 0.28431372549019607 0.14943508637837943
0 0.476797385620915 0.385346542415067 0.2790849673202614 0.1876512724030142
0 0.7699346405228759 0.40739434204466396 0.29934640522875816 0.15825420623021821
0 0.2673202614379085 0.5254725578387277 0.36209150326797385 0.14649537976109986
0 0.6901960784313727 0.5467854308140048 0.36993464052287583 0.14306572204094037
0 0.22712418300653592 0.6425708714270315 0.23856209150326796 0.12591743344014267
0 0.47516339869281043 0.6411010181183918 0.2444444444444444 0.15335469520141895
0 0.7339869281045751 0.6636387688508687 0.2666666666666666 0.1366963577035012
0 0.28627450980392155 0.7444807008260574 0.3019607843137255 0.11219880255950447
0 0.6715686274509803 0.7677533782128544 0.3143790849673202 0.1215078735142232
0 0.26271604938271603 0.8325466896181539 0.2162962962962963 0.0962481722101911
0 0.48617283950617285 0.8268088178133156 0.2138271604938272 0.14474244359301836
0 0.7162962962962963 0.854202528365447 0.22864197530864203 0.11882947415181312
0 0.4747530864197531 0.9447683565624595 0.24950617283950624 0.10746478612545575
0 0.726 0.9530975253114183 0.24 0.09080644862753808
0 0.316747572815534 0.9210200724880279 0.2733009708737864 0.101163010727646
0 0.9116923076923076 0.895686771998616 0.17261538461538464 0.2056279552531427
