0 0.8466933867735471 0.5060240963855421 0.1342685370741483 0.18072289156626506
0 0.8517034068136272 0.6596385542168675 0.14829659318637275 0.18072289156626506
0 0.8306613226452906 0.8087349397590361 0.14228456913827656 0.1897590361445783
0 0.24849699398797595 0.26506024096385544 0.08016032064128256 0.1686746987951807
0 0.3517034068136273 0.25150602409638556 0.12224448897795591 0.18373493975903615
0 0.23046092184368738 0.43373493975903615 0.04008016032064128 0.16265060240963855
0 0.23547094188376755 0.5963855421686747 0.03807615230460922 0.16265060240963855
0 0.24248496993987975 0.7545180722891566 0.036072144288577156 0.14759036144578314
0 0.33867735470941884 0.8358433734939759 0.1523046092184369 0.2319277108433735
0 0.3306613226452906 0.6460843373493976 0.1523046092184369 0.21987951807228914
0 0.3256513026052104 0.44879518072289154 0.15430861723446893 0.21084337349397592
0 0.48697394789579157 0.8524096385542169 0.13226452905811623 0.1746987951807229
0 0.6232464929859719 0.8493975903614458 0.13226452905811623 0.18674698795180722
0 0.6222444889779559 0.6867469879518072 0.1342685370741483 0.1686746987951807
0 0.48296593186372744 0.6882530120481928 0.13226452905811623 0.1716867469879518
0 0.48096192384769537 0.5090361445783133 0.13627254509018036 0.18072289156626506
0 0.6202404809619239 0.5105421686746988 0.13827655310621242 0.17771084337349397
0 0.6212424849699398 0.32831325301204817 0.1402805611222445 0.18674698795180722
0 0.48096192384769537 0.32680722891566266 0.13627254509018036 0.17771084337349397
0 0.6202404809619239 0.14457831325301204 0.14228456913827656 0.18674698795180722
0 0.4779559118236473 0.14457831325301204 0.13827655310621242 0.18072289156626506
