0 0.222 0.8070913461538461 0.24 0.13341346153846154
0 0.45 0.8040865384615384 0.228 0.12980769230769232
0 0.669 0.7944711538461539 0.234 0.1201923076923077
0 0.686 0.9056490384615384 0.156 0.11658653846153846
0 0.533 0.9080528846153846 0.174 0.140625
0 0.659 0.9765625 0.21 0.046875
0 0.429 0.984375 0.258 0.03125
0 0.206 0.9939903846153846 0.196 0.01201923076923077
0 0.372 0.9248798076923077 0.184 0.12620192307692307
0 0.189 0.9326923076923077 0.202 0.12740384615384615
0 0.22 0.8076923076923077 0.248 0.1346153846153846
0 0.216 0.6724759615384616 0.204 0.13822115384615385
0 0.394 0.6730769230769231 0.184 0.13221153846153846
0 0.561 0.6736778846153846 0.17 0.12860576923076922
0 0.718 0.6790865384615384 0.16 0.11778846153846154
0 0.063 0.6947115384615384 0.106 0.1466346153846154
0 0.706 0.5637019230769231 0.232 0.11778846153846154
0 0.485 0.5600961538461539 0.234 0.12740384615384615
0 0.243 0.5528846153846154 0.266 0.1346153846153846
0 0.061 0.5462740384615384 0.11 0.15504807692307693
0 0.206 0.42367788461538464 0.244 0.13581730769230768
0 0.411 0.4332932692307692 0.194 0.13581730769230768
0 0.576 0.44290865384615385 0.18 0.12379807692307693
0 0.736 0.44711538461538464 0.168 0.1201923076923077
0 0.047 0.8413461538461539 0.078 0.1466346153846154
0 0.048 0.9405048076923077 0.08 0.11899038461538461
0 0.254 0.29447115384615385 0.288 0.14903846153846154
0 0.516 0.31189903846153844 0.252 0.14783653846153846
0 0.744 0.32872596153846156 0.24 0.13822115384615385
0 0.243 0.1796875 0.262 0.20552884615384615
0 0.46 0.17427884615384615 0.192 0.15144230769230768
0 0.628 0.19230769230769232 0.184 0.14182692307692307
0 0.786 0.20853365384615385 0.168 0.13822115384615385
0 0.804 0.08533653846153846 0.224 0.16346153846153846
0 0.573 0.06850961538461539 0.266 0.1346153846153846
0 0.295 0.061899038461538464 0.302 0.12379807692307693
0 0.085 0.2860576923076923 0.05 0.07211538461538461
0 0.059 0.21033653846153846 0.102 0.08653846153846154
0 0.041 0.12980769230769232 0.066 0.08173076923076923
0 0.11 0.13401442307692307 0.08 0.0733173076923077
0 0.074 0.04326923076923077 0.124 0.06009615384615385
0 0.08 0.07752403846153846 0.14 0.04447115384615385
0 0.819 0.015625 0.218 0.03125
