0 0.46495016611295675 0.08571428571428573 0.1345514950166113 0.17054263565891473
0 0.454485049833887 0.26312292358803985 0.12956810631229235 0.2728682170542635
0 0.4473421926910298 0.5149501661129567 0.1292358803986711 0.2511627906976744
0 0.4495016611295681 0.7634551495016612 0.13953488372093023 0.2777408637873754
0 0.33754152823920264 0.10586932447397562 0.09900332225913622 0.21085271317829454
0 0.32990033222591364 0.29833887043189367 0.10631229235880398 0.23078626799557034
0 0.32906976744186045 0.5138427464008859 0.10398671096345516 0.2170542635658914
0 0.14487704918032787 0.26147540983606554 0.26434426229508196 0.26939890710382514
0 0.14385245901639346 0.48497267759562845 0.26557377049180325 0.23879781420765023
0 0.6818556701030928 0.15917525773195876 0.3055670103092783 0.31725085910652917
0 0.6680412371134021 0.41182130584192433 0.30762886597938144 0.3101030927835051
0 0.6731958762886597 0.7186254295532645 0.30309278350515456 0.33539518900343634
0 0.6629160839160839 0.906914089347079 0.3098321678321679 0.18083848797250873
0 0.32712765957446804 0.7351063829787232 0.10531914893617023 0.2390070921985815
0 0.4316489361702127 0.924468085106383 0.1281914893617021 0.13829787234042548
0 0.16835106382978723 0.7212765957446808 0.20797872340425533 0.24822695035460993
0 0.10079787234042553 0.09432624113475176 0.20159574468085106 0.18439716312056736
0 0.24468085106382978 0.1177304964539007 0.09468085106382977 0.19290780141843972
0 0.2571428571428571 0.03122923588039867 0.07906976744186045 0.06157253599114063
0 0.1847176079734219 0.03632336655592469 0.05980066445182723 0.07176079734219268
0 0.9066152304609217 0.7232384769539079 0.1827695390781563 0.3028563794255177
0 0.9072164328657315 0.9092852371409483 0.18156713426853707 0.17368069472277892
0 0.904008016032064 0.4478289913159652 0.18797595190380764 0.275751503006012
0 0.9108236472945891 0.17391850367401468 0.17435270541082173 0.2891703406813627
0 0.9272545090180361 0.03286573146292585 0.14148296593186377 0.0635938543754175
0 0.7988888888888889 0.030740740740740742 0.054444444444444455 0.06
0 0.11472222222222223 0.01925925925925926 0.07722222222222223 0.037037037037037035
