0 0.54 0.28785607196401797 0.212 0.10794602698650675
0 0.72 0.29610194902548725 0.148 0.08845577211394302
0 0.792 0.4002998500749625 0.24 0.1199400299850075
0 0.552 0.4017991004497751 0.24 0.1199400299850075
0 0.348 0.4017991004497751 0.172 0.11694152923538231
0 0.796 0.5164917541229386 0.232 0.11244377811094453
0 0.571 0.5389805097451275 0.274 0.15142428785607195
0 0.329 0.5412293853073463 0.214 0.1619190404797601
0 0.125 0.6484257871064468 0.218 0.2143928035982009
0 0.337 0.6866566716641679 0.206 0.12893553223388307
0 0.572 0.6814092953523239 0.268 0.12743628185907047
0 0.848 0.6761619190404797 0.268 0.12593703148425786
0 0.841 0.7961019490254873 0.258 0.12293853073463268
0 0.58 0.8043478260869565 0.26 0.12743628185907047
0 0.347 0.8125937031484258 0.202 0.12593703148425786
0 0.142 0.8118440779610195 0.208 0.12443778110944528
0 0.841 0.30134932533733133 0.09 0.05997001499250375
0 0.938 0.30134932533733133 0.1 0.05997001499250375
0 0.935 0.36281859070464767 0.102 0.05997001499250375
0 0.841 0.3350824587706147 0.082 0.0074962518740629685
0 0.956 0.46101949025487254 0.088 0.06146926536731634
0 0.812 0.2563718140929535 0.06 0.026986506746626688
0 0.715 0.24812593703148425 0.086 0.010494752623688156
0 0.829 0.9167916041979011 0.25 0.12143928035982009
0 0.576 0.9250374812593704 0.26 0.1199400299850075
0 0.347 0.9310344827586207 0.194 0.1199400299850075
0 0.152 0.9355322338830585 0.204 0.11694152923538231
0 0.836 0.9880059970014993 0.24 0.020989505247376312
0 0.575 0.9902548725637181 0.246 0.013493253373313344
0 0.348 0.9940029985007496 0.184 0.008995502248875561
