0 0.099 0.21733333333333332 0.198 0.424
0 0.301 0.208 0.262 0.39466666666666667
0 0.5436201550387597 0.2097364341085271 0.2287596899224806 0.3698604651162791
0 0.746 0.23733333333333334 0.196 0.32
0 0.907 0.23066666666666666 0.186 0.30666666666666664
0 0.982 0.2813333333333333 0.036 0.18933333333333333
0 0.337 0.010666666666666666 0.246 0.021333333333333333
0 0.578 0.018666666666666668 0.22 0.037333333333333336
0 0.1 0.596 0.2 0.38133333333333336
0 0.302 0.572 0.24 0.3546666666666667
0 0.527 0.5373333333333333 0.19 0.312
0 0.703 0.528 0.19 0.2986666666666667
0 0.87 0.504 0.192 0.256
0 0.962 0.49466666666666664 0.076 0.23733333333333334
0 0.775 0.04 0.186 0.08
0 0.933 0.042666666666666665 0.134 0.08533333333333333
0 0.098 0.872 0.196 0.256
0 0.301 0.852 0.214 0.296
0 0.506 0.8133333333333334 0.2 0.30933333333333335
0 0.675 0.768 0.17 0.2613333333333333
0 0.831 0.7386666666666667 0.194 0.26666666666666666
0 0.951 0.7013333333333334 0.098 0.21333333333333335
0 0.322 0.9773333333333334 0.16 0.04533333333333334
0 0.491 0.952 0.166 0.096
0 0.654 0.9293333333333333 0.172 0.14133333333333334
0 0.795 0.9226666666666666 0.134 0.15466666666666667
0 0.905 0.8973333333333333 0.114 0.19466666666666665
0 0.96 0.848 0.08 0.304
