0 0.774 0.2918918918918919 0.212 0.21081081081081082
0 0.702 0.0972972972972973 0.32 0.1945945945945946
0 0.602 0.2864864864864865 0.156 0.1945945945945946
0 0.491 0.11486486486486487 0.102 0.1810810810810811
0 0.505 0.01891891891891892 0.078 0.03783783783783784
0 0.389 0.12702702702702703 0.098 0.16756756756756758
0 0.425 0.2851351351351351 0.202 0.17567567567567569
0 0.759 0.48783783783783785 0.234 0.21891891891891893
0 0.583 0.46621621621621623 0.138 0.1918918918918919
0 0.419 0.4472972972972973 0.198 0.17567567567567569
0 0.688 0.6567567567567567 0.328 0.23783783783783785
0 0.567 0.7891891891891892 0.126 0.2
0 0.749 0.7918918918918919 0.25 0.32432432432432434
0 0.669 0.9121621621621622 0.314 0.17027027027027028
0 0.849 0.8189189189189189 0.046 0.1945945945945946
0 0.473 0.6054054054054054 0.114 0.17297297297297298
0 0.369 0.5797297297297297 0.09 0.16486486486486487
0 0.419 0.7351351351351352 0.178 0.1945945945945946
0 0.368 0.8405405405405405 0.084 0.17297297297297298
0 0.462 0.8851351351351351 0.104 0.1918918918918919
0 0.87 0.11351351351351352 0.052 0.1891891891891892
0 0.908 0.14324324324324325 0.052 0.1945945945945946
0 0.891 0.2972972972972973 0.046 0.16216216216216217
0 0.888 0.4391891891891892 0.036 0.15405405405405406
0 0.868 0.5878378378378378 0.052 0.1864864864864865
0 0.19 0.40405405405405403 0.26 0.15405405405405406
0 0.26 0.28783783783783784 0.132 0.13783783783783785
0 0.246 0.1554054054054054 0.188 0.14324324324324325
0 0.28 0.052702702702702706 0.176 0.10540540540540541
0 0.175 0.05 0.034 0.1
0 0.108 0.1635135135135135 0.096 0.12162162162162163
0 0.145 0.28378378378378377 0.106 0.12972972972972974
0 0.076 0.27702702702702703 0.04 0.11081081081081082
0 0.266 0.5364864864864864 0.116 0.13783783783783785
0 0.269 0.6513513513513514 0.122 0.14054054054054055
0 0.248 0.7486486486486487 0.164 0.16756756756756758
0 0.152 0.5094594594594595 0.116 0.13783783783783785
0 0.139 0.6027027027027027 0.138 0.16216216216216217
0 0.086 0.4837837837837838 0.024 0.10270270270270271
0 0.099 0.6743243243243243 0.05 0.11621621621621622
0 0.144 0.7 0.048 0.12432432432432433
