0 0.096 0.21771771771771772 0.192 0.23123123123123124
0 0.293 0.19519519519519518 0.262 0.2702702702702703
0 0.55 0.1831831831831832 0.304 0.29429429429429427
0 0.842 0.17117117117117117 0.316 0.3183183183183183
0 0.887 0.466966966966967 0.226 0.2852852852852853
0 0.682 0.46096096096096095 0.192 0.2672672672672673
0 0.496 0.4519519519519519 0.18 0.24324324324324326
0 0.338 0.43843843843843844 0.172 0.24624624624624625
0 0.196 0.4369369369369369 0.148 0.21921921921921922
0 0.074 0.43543543543543545 0.144 0.2042042042042042
0 0.115 0.6216216216216216 0.198 0.21021021021021022
0 0.298 0.6501501501501501 0.224 0.21921921921921922
0 0.529 0.6831831831831832 0.262 0.24324324324324326
0 0.502 0.8798798798798799 0.16 0.21621621621621623
0 0.686 0.8993993993993994 0.176 0.2012012012012012
0 0.866 0.8903903903903904 0.192 0.21921921921921922
0 0.353 0.8408408408408409 0.154 0.21021021021021022
0 0.223 0.8198198198198198 0.142 0.1981981981981982
0 0.109 0.7927927927927928 0.134 0.2042042042042042
0 0.809 0.7162162162162162 0.306 0.2552552552552553
