0 0.102 0.34057971014492755 0.204 0.20579710144927535
0 0.434 0.1072463768115942 0.116 0.08695652173913043
0 0.544 0.11159420289855072 0.108 0.11304347826086956
0 0.6741266375545851 0.09691791658755775 0.162 0.13333333333333333
0 0.784 0.1246376811594203 0.064 0.09855072463768116
0 0.835 0.12173913043478261 0.074 0.12753623188405797
0 0.916 0.13478260869565217 0.092 0.13043478260869565
0 0.09 0.527536231884058 0.18 0.19130434782608696
0 0.192 0.5 0.044 0.16521739130434782
0 0.28 0.4971014492753623 0.152 0.17101449275362318
0 0.103 0.6927536231884058 0.206 0.22608695652173913
0 0.089 0.8826086956521739 0.174 0.17681159420289855
0 0.27 0.8463768115942029 0.2 0.22028985507246376
0 0.273 0.6840579710144927 0.166 0.2144927536231884
0 0.432 0.21884057971014492 0.16 0.13623188405797101
0 0.568 0.21739130434782608 0.12 0.12753623188405797
0 0.696 0.2246376811594203 0.14 0.1246376811594203
0 0.816 0.23043478260869565 0.104 0.1246376811594203
0 0.878 0.2594202898550725 0.02 0.1246376811594203
0 0.925 0.2594202898550725 0.074 0.1246376811594203
0 0.947 0.35797101449275365 0.106 0.19420289855072465
0 0.883 0.38115942028985506 0.03 0.11884057971014493
0 0.933 0.5231884057971015 0.126 0.17101449275362318
0 0.995 0.5347826086956522 0.01 0.13623188405797101
0 0.917 0.6826086956521739 0.102 0.1536231884057971
0 0.983 0.6797101449275362 0.034 0.14782608695652175
0 0.411 0.3492753623188406 0.15 0.13043478260869565
0 0.557 0.34347826086956523 0.142 0.11884057971014493
0 0.687 0.3463768115942029 0.114 0.11884057971014493
0 0.805 0.3536231884057971 0.126 0.12753623188405797
0 0.368 0.4826086956521739 0.028 0.1246376811594203
0 0.475 0.4985507246376812 0.19 0.19710144927536233
0 0.651 0.4971014492753623 0.198 0.18840579710144928
0 0.362 0.5927536231884057 0.016 0.18840579710144928
0 0.484 0.663768115942029 0.232 0.23768115942028986
0 0.674 0.6739130434782609 0.148 0.17681159420289855
0 0.479 0.8449275362318841 0.178 0.21159420289855072
0 0.656 0.8449275362318841 0.18 0.1826086956521739
0 0.759 0.47681159420289854 0.022 0.1246376811594203
0 0.823 0.4797101449275362 0.106 0.1246376811594203
0 0.752 0.6 0.012 0.11594202898550725
0 0.813 0.6 0.122 0.12173913043478261
0 0.759 0.7188405797101449 0.026 0.11594202898550725
0 0.819 0.7159420289855073 0.102 0.12173913043478261
0 0.03 0.17391304347826086 0.04 0.0463768115942029
0 0.071 0.16521739130434782 0.05 0.057971014492753624
0 0.124 0.1492753623188406 0.06 0.07246376811594203
0 0.211 0.13043478260869565 0.126 0.08115942028985507
0 0.034 0.21739130434782608 0.04 0.04057971014492753
0 0.076 0.21159420289855072 0.052 0.05217391304347826
0 0.129 0.20434782608695654 0.062 0.06086956521739131
0 0.213 0.19130434782608696 0.122 0.08695652173913043
0 0.23 0.3130434782608696 0.132 0.1855072463768116
0 0.235 0.39710144927536234 0.122 0.04057971014492753
0 0.98 0.16521739130434782 0.04 0.07536231884057971
0 0.981 0.2318840579710145 0.038 0.06376811594202898
