0 0.23 0.16533333333333333 0.164 0.16
0 0.191 0.20266666666666666 0.206 0.192
0 0.132 0.336 0.264 0.4053333333333333
0 0.035 0.44266666666666665 0.066 0.33066666666666666
0 0.164 0.6493333333333333 0.212 0.36533333333333334
0 0.105 0.804 0.21 0.392
0 0.378 0.17333333333333334 0.108 0.10133333333333333
0 0.362 0.232 0.14 0.042666666666666665
0 0.35 0.396 0.192 0.2906666666666667
0 0.328 0.72 0.22 0.3626666666666667
0 0.529 0.15333333333333332 0.198 0.296
0 0.726 0.15066666666666667 0.212 0.2853333333333333
0 0.536 0.41733333333333333 0.184 0.25333333333333335
0 0.531 0.7226666666666667 0.206 0.35733333333333334
0 0.716 0.41733333333333333 0.196 0.25333333333333335
0 0.704 0.6413333333333333 0.168 0.20533333333333334
0 0.862 0.236 0.108 0.034666666666666665
0 0.893 0.396 0.21 0.2906666666666667
0 0.862 0.64 0.188 0.208
0 0.962 0.6026666666666667 0.072 0.2773333333333333
0 0.932 0.20666666666666667 0.08 0.14133333333333334
