0 0.872 0.196 0.256 0.2693333333333333
0 0.64 0.21066666666666667 0.216 0.23466666666666666
0 0.452 0.224 0.172 0.208
0 0.307 0.23066666666666666 0.134 0.17866666666666667
0 0.189 0.24266666666666667 0.126 0.16533333333333333
0 0.122 0.4106666666666667 0.136 0.17066666666666666
0 0.852 0.4746666666666667 0.296 0.304
0 0.603 0.4613333333333333 0.254 0.2613333333333333
0 0.404 0.44266666666666665 0.208 0.22933333333333333
0 0.255 0.42533333333333334 0.178 0.20533333333333334
0 0.85 0.7413333333333333 0.292 0.29333333333333333
0 0.833 0.9093333333333333 0.274 0.18133333333333335
0 0.598 0.6866666666666666 0.228 0.25333333333333335
0 0.403 0.644 0.17 0.22133333333333333
0 0.251 0.6106666666666667 0.142 0.19733333333333333
0 0.595 0.88 0.214 0.24
0 0.404 0.828 0.164 0.22666666666666666
0 0.262 0.7826666666666666 0.136 0.19466666666666665
0 0.157 0.584 0.058 0.17066666666666666
0 0.104 0.576 0.06 0.16
0 0.131 0.724 0.054 0.14133333333333334
0 0.174 0.736 0.044 0.14933333333333335
