0 0.6391666666666667 0.21 0.135 0.13333333333333333
0 0.6425 0.30666666666666664 0.135 0.21333333333333335
0 0.6375 0.44666666666666666 0.13833333333333334 0.22
0 0.64 0.5633333333333334 0.13333333333333333 0.24
0 0.6391666666666667 0.6866666666666666 0.135 0.24666666666666667
0 0.505 0.23833333333333334 0.13333333333333333 0.19666666666666666
0 0.5083333333333333 0.38333333333333336 0.13333333333333333 0.23333333333333334
0 0.395 0.215 0.14333333333333334 0.15
0 0.37833333333333335 0.37166666666666665 0.12333333333333334 0.19
0 0.36916666666666664 0.5183333333333333 0.10166666666666667 0.15
0 0.52 0.5466666666666666 0.09666666666666666 0.13333333333333333
0 0.5275 0.695 0.09166666666666666 0.19
0 0.4 0.6066666666666667 0.16 0.29333333333333333
0 0.4141666666666667 0.725 0.14166666666666666 0.2833333333333333
0 0.43833333333333335 0.85 0.14666666666666667 0.2733333333333333
0 0.17666666666666667 0.535 0.26 0.35
0 0.185 0.7333333333333333 0.25666666666666665 0.29333333333333333
0 0.18333333333333332 0.8783333333333333 0.25 0.21666666666666667
0 0.2475 0.20333333333333334 0.11833333333333333 0.12
0 0.25833333333333336 0.30833333333333335 0.11 0.15
0 0.2658333333333333 0.4216666666666667 0.105 0.13
0 0.14666666666666667 0.295 0.13333333333333333 0.20333333333333334
0 0.0475 0.3 0.08166666666666667 0.19333333333333333
0 0.049166666666666664 0.445 0.085 0.15
0 0.02666666666666667 0.57 0.04 0.22
0 0.021666666666666667 0.7366666666666667 0.03 0.12
0 0.04583333333333333 0.69 0.041666666666666664 0.24
0 0.035833333333333335 0.8583333333333333 0.058333333333333334 0.21
0 0.31666666666666665 0.6533333333333333 0.023333333333333334 0.11333333333333333
