0 0.12664165103189493 0.21666666666666667 0.20075046904315197 0.43333333333333335
0 0.1294559099437148 0.615 0.19887429643527205 0.36333333333333334
0 0.1397748592870544 0.88 0.21575984990619138 0.24
0 0.3339587242026266 0.705 0.19136960600375236 0.59
0 0.30393996247654786 0.2783333333333333 0.16885553470919323 0.27
0 0.2973733583489681 0.075 0.1669793621013133 0.15
0 0.45684803001876173 0.2783333333333333 0.15572232645403378 0.2633333333333333
0 0.4202626641651032 0.09833333333333333 0.07879924953095685 0.12333333333333334
0 0.5037523452157598 0.9583333333333334 0.15196998123827393 0.08333333333333333
0 0.4896810506566604 0.8133333333333334 0.15384615384615385 0.3
0 0.474671669793621 0.5433333333333333 0.15384615384615385 0.2733333333333333
0 0.6463414634146342 0.9666666666666667 0.13696060037523453 0.06666666666666667
0 0.6275797373358349 0.8233333333333334 0.14446529080675422 0.30666666666666664
0 0.6088180112570356 0.5616666666666666 0.14446529080675422 0.27
0 0.5909943714821764 0.32166666666666666 0.1425891181988743 0.23
0 0.5544090056285178 0.10833333333333334 0.1894934333958724 0.21666666666666667
0 0.6660412757973734 0.21333333333333335 0.0525328330206379 0.18666666666666668
0 0.7607879924953096 0.24 0.14821763602251406 0.19333333333333333
0 0.7101313320825516 0.37666666666666665 0.11444652908067542 0.14666666666666667
0 0.797373358348968 0.3883333333333333 0.09380863039399624 0.13
0 0.726078799249531 0.5683333333333334 0.12382739212007504 0.25
0 0.7457786116322702 0.8033333333333333 0.12570356472795496 0.26
0 0.7570356472795498 0.9533333333333334 0.11819887429643527 0.09333333333333334
0 0.8480300187617261 0.8283333333333334 0.12382739212007504 0.3433333333333333
0 0.9549718574108818 0.9183333333333333 0.0900562851782364 0.16333333333333333
0 0.9774859287054409 0.725 0.0450281425891182 0.22333333333333333
0 0.9709193245778611 0.5233333333333333 0.058161350844277676 0.21333333333333335
0 0.925891181988743 0.7716666666666666 0.09193245778611632 0.24333333333333335
0 0.9080675422138836 0.565 0.0975609756097561 0.19666666666666666
0 0.8236397748592871 0.5616666666666666 0.1125703564727955 0.23
0 0.8836772983114447 0.395 0.09380863039399624 0.15
