0 0.062 0.06 0.124 0.12
0 0.192 0.06666666666666667 0.136 0.13333333333333333
0 0.323 0.07333333333333333 0.13 0.14666666666666667
0 0.443 0.016 0.122 0.032
0 0.447 0.088 0.122 0.144
0 0.57 0.03866666666666667 0.132 0.07733333333333334
0 0.57 0.10133333333333333 0.128 0.128
0 0.684 0.032 0.1 0.064
0 0.681 0.11466666666666667 0.106 0.12266666666666666
0 0.777 0.036 0.09 0.072
0 0.779 0.12533333333333332 0.09 0.12266666666666666
0 0.868 0.044 0.092 0.088
0 0.864 0.136 0.084 0.12266666666666666
0 0.949 0.052 0.078 0.104
0 0.946 0.148 0.088 0.12
0 0.007 0.18533333333333332 0.014 0.152
0 0.104 0.188 0.18 0.15733333333333333
0 0.278 0.20266666666666666 0.172 0.14933333333333335
0 0.439 0.21866666666666668 0.158 0.14933333333333335
0 0.587 0.22 0.142 0.14133333333333334
0 0.717 0.23333333333333334 0.122 0.13066666666666665
0 0.836 0.244 0.116 0.12
0 0.946 0.252 0.108 0.12
0 0.01 0.3293333333333333 0.02 0.14133333333333334
0 0.013 0.4693333333333333 0.026 0.144
0 0.014 0.6133333333333333 0.028 0.144
0 0.105 0.332 0.182 0.14133333333333334
0 0.279 0.34 0.174 0.14666666666666667
0 0.441 0.348 0.154 0.136
0 0.589 0.348 0.138 0.12
0 0.718 0.34933333333333333 0.124 0.11733333333333333
0 0.835 0.356 0.118 0.11466666666666667
0 0.946 0.36 0.108 0.10666666666666667
0 0.111 0.4706666666666667 0.182 0.14133333333333334
0 0.283 0.472 0.166 0.13333333333333333
0 0.44 0.476 0.152 0.12533333333333332
0 0.586 0.4666666666666667 0.144 0.11733333333333333
0 0.72 0.4666666666666667 0.124 0.11733333333333333
0 0.837 0.4653333333333333 0.114 0.11466666666666667
0 0.947 0.468 0.106 0.10933333333333334
0 0.114 0.6106666666666667 0.18 0.144
0 0.283 0.6066666666666667 0.162 0.136
0 0.439 0.6013333333333334 0.15 0.12533333333333332
0 0.587 0.5853333333333334 0.146 0.12
0 0.72 0.58 0.124 0.12
0 0.84 0.576 0.116 0.112
0 0.949 0.5746666666666667 0.102 0.10933333333333334
0 0.049 0.8706666666666667 0.098 0.15733333333333333
0 0.165 0.8626666666666667 0.138 0.16266666666666665
0 0.297 0.844 0.13 0.16266666666666665
0 0.418 0.8293333333333334 0.12 0.14933333333333335
0 0.554 0.8 0.132 0.14933333333333335
0 0.669 0.796 0.102 0.13066666666666665
0 0.768 0.784 0.096 0.128
0 0.86 0.7746666666666666 0.088 0.12533333333333332
0 0.944 0.768 0.084 0.11733333333333333
0 0.553 0.9213333333333333 0.13 0.15733333333333333
0 0.667 0.9173333333333333 0.106 0.144
0 0.768 0.9013333333333333 0.096 0.128
0 0.858 0.8893333333333333 0.088 0.12533333333333332
0 0.944 0.8773333333333333 0.084 0.11733333333333333
0 0.661 0.9786666666666667 0.234 0.042666666666666665
0 0.838 0.9693333333333334 0.124 0.06133333333333333
0 0.949 0.9533333333333334 0.102 0.088
0 0.049 0.972 0.098 0.056
0 0.165 0.9613333333333334 0.134 0.07733333333333334
0 0.295 0.952 0.13 0.096
0 0.418 0.944 0.12 0.112
