0 0.5 0.13359375 1.0 0.2671875
0 0.13958333333333334 0.39609375 0.2625 0.2828125
0 0.34270833333333334 0.38203125 0.23125 0.2734375
0 0.53125 0.36796875 0.2125 0.2765625
0 0.7208333333333333 0.35546875 0.20416666666666666 0.2765625
0 0.9104166666666667 0.34453125 0.17916666666666667 0.2796875
0 0.5041666666666667 0.61953125 0.9916666666666667 0.2796875
0 0.051041666666666666 0.709375 0.10208333333333333 0.271875
0 0.03333333333333333 0.46953125 0.06666666666666667 0.1046875
0 0.023958333333333335 0.73046875 0.04791666666666667 0.2609375
0 0.06770833333333333 0.91875 0.13541666666666666 0.159375
0 0.18645833333333334 0.86015625 0.20625 0.2296875
0 0.359375 0.8515625 0.19791666666666666 0.2375
0 0.53125 0.83828125 0.1875 0.2296875
0 0.7010416666666667 0.82578125 0.18125 0.2296875
0 0.8739583333333333 0.8140625 0.18125 0.23125
0 0.571875 0.91015625 0.85625 0.1796875
