0 0.528936170212766 0.1446808510638298 0.348936170212766 0.2893617021276596
0 0.3743262411347517 0.1627659574468085 0.3106382978723404 0.25744680851063834
0 0.34170212765957453 0.425886524822695 0.32907801418439714 0.29716312056737587
0 0.656241134751773 0.44326241134751776 0.33971631205673763 0.3021276595744682
0 0.6757446808510639 0.17056737588652482 0.2936170212765958 0.2602836879432624
0 0.3339007092198582 0.7088652482269504 0.30212765957446813 0.2659574468085107
0 0.6182978723404255 0.724113475177305 0.3007092198581561 0.27517730496453907
0 0.10553191489361703 0.6904255319148936 0.20851063829787234 0.26170212765957446
0 0.08673758865248227 0.9017730496453901 0.17234042553191492 0.19219858156028374
0 0.303758865248227 0.9127659574468086 0.30283687943262405 0.1702127659574469
0 0.5995035460992908 0.9226950354609931 0.3070921985815603 0.15035460992907804
0 0.8730425531914894 0.9348156028368794 0.2499148936170212 0.12636879432624107
0 0.8854539007092198 0.7469645390070923 0.22509219858156018 0.2740709219858155
0 0.8985744680851064 0.4621914893617021 0.19885106382978723 0.31161702127659574
0 0.9038936170212767 0.18082269503546097 0.18821276595744676 0.26235460992907805
0 0.1048936170212766 0.4021276595744681 0.2097872340425532 0.2836879432624114
0 0.12439716312056737 0.15780141843971632 0.24879432624113473 0.2560283687943263
0 0.7726524822695036 0.02375886524822695 0.14468085106382977 0.0475177304964539
0 0.9175957446808511 0.025 0.16080851063829776 0.05
