0 0.16983546617915907 0.2683729433272395 0.22705667276051186 0.19597806215722122
0 0.16380255941499086 0.4749542961608776 0.24204753199268736 0.21937842778793423
0 0.13985374771480807 0.7085923217550275 0.2643510054844607 0.2515539305301645
0 0.3853747714808044 0.7042047531992687 0.24643510054844608 0.250091407678245
0 0.3921389396709324 0.47148080438756856 0.22486288848263258 0.21389396709323585
0 0.3842778793418647 0.2687385740402194 0.2106032906764168 0.19524680073126144
0 0.5959780621572212 0.2712979890310786 0.21499085923217554 0.19744058500914077
0 0.613528336380256 0.47586837294332723 0.2332723948811701 0.22047531992687386
0 0.629798903107861 0.7117001828153566 0.24972577696526507 0.24899451553930532
0 0.8628884826325411 0.7118829981718464 0.26325411334552096 0.24862888482632547
0 0.8323583180987204 0.4842778793418647 0.24387568555758685 0.2146252285191956
0 0.8056672760511883 0.27915904936014624 0.23144424131627056 0.2036563071297989
