0 0.2709497206703911 0.2909090909090909 0.4301675977653631 0.36363636363636365
0 0.030726256983240222 0.3 0.061452513966480445 0.34545454545454546
0 0.6871508379888268 0.30454545454545456 0.4022346368715084 0.34545454545454546
0 0.9189944134078212 0.35909090909090907 0.09497206703910614 0.21818181818181817
0 0.9692737430167597 0.35454545454545455 0.061452513966480445 0.21818181818181817
0 0.027932960893854747 0.6386363636363637 0.055865921787709494 0.33181818181818185
0 0.2681564245810056 0.6431818181818182 0.4134078212290503 0.3409090909090909
0 0.6731843575418994 0.6363636363636364 0.3854748603351955 0.3181818181818182
0 0.9245810055865922 0.6227272727272727 0.15083798882681565 0.3181818181818182
0 0.0223463687150838 0.9022727272727272 0.0446927374301676 0.19545454545454546
0 0.24022346368715083 0.9 0.4134078212290503 0.2
0 0.6396648044692738 0.8977272727272727 0.3743016759776536 0.20454545454545456
0 0.9189944134078212 0.8909090909090909 0.16201117318435754 0.21818181818181817
