0 0.21145833333333333 0.0875 0.31875 0.175
0 0.5322916666666667 0.0859375 0.33541666666666664 0.171875
0 0.8520833333333333 0.08515625 0.29583333333333334 0.1703125
0 0.8479166666666667 0.28671875 0.3 0.2234375
0 0.5395833333333333 0.28671875 0.325 0.2265625
0 0.19166666666666668 0.259375 0.38333333333333336 0.3125
0 0.528125 0.40859375 0.28541666666666665 0.0171875
0 0.16354166666666667 0.5625 0.32708333333333334 0.29375
0 0.5364583333333334 0.56640625 0.41458333333333336 0.3078125
0 0.8447916666666667 0.5078125 0.29791666666666666 0.215625
0 0.8614583333333333 0.6109375 0.27291666666666664 0.040625
0 0.865625 0.8109375 0.26875 0.371875
0 0.5510416666666667 0.8265625 0.4270833333333333 0.334375
0 0.17083333333333334 0.83359375 0.3416666666666667 0.2671875
0 0.175 0.98125 0.35 0.034375
0 0.553125 0.98828125 0.36875 0.0171875
