0 0.15993265993265993 0.18181818181818182 0.21885521885521886 0.23636363636363636
0 0.3872053872053872 0.15227272727272728 0.24242424242424243 0.22272727272727272
0 0.6363636363636364 0.15227272727272728 0.2558922558922559 0.2318181818181818
0 0.8821548821548821 0.17272727272727273 0.2356902356902357 0.19090909090909092
0 0.13468013468013468 0.3977272727272727 0.24915824915824916 0.2409090909090909
0 0.38215488215488214 0.3659090909090909 0.25252525252525254 0.22272727272727272
0 0.6531986531986532 0.37272727272727274 0.24915824915824916 0.21818181818181817
0 0.8872053872053872 0.3977272727272727 0.2255892255892256 0.21363636363636362
0 0.8872053872053872 0.5954545454545455 0.2255892255892256 0.21818181818181817
0 0.6464646464646465 0.5818181818181818 0.2895622895622896 0.21818181818181817
0 0.13636363636363635 0.6090909090909091 0.24579124579124578 0.2636363636363636
0 0.3771043771043771 0.5840909090909091 0.2558922558922559 0.22272727272727272
0 0.6481481481481481 0.7977272727272727 0.23905723905723905 0.22272727272727272
0 0.877104377104377 0.8204545454545454 0.24579124579124578 0.2590909090909091
0 0.8703703703703703 0.9568181818181818 0.25925925925925924 0.08636363636363636
0 0.6212121212121212 0.9522727272727273 0.25252525252525254 0.09545454545454546
0 0.3838383838383838 0.7931818181818182 0.24242424242424243 0.21363636363636362
0 0.13804713804713806 0.8818181818181818 0.2222222222222222 0.23636363636363636
0 0.3771043771043771 0.9409090909090909 0.24915824915824916 0.11818181818181818
