0 0.785 0.47246376811594204 0.43 0.7304347826086957
0 0.287 0.4434782608695652 0.566 0.8
0 0.787 0.9144927536231884 0.426 0.17101449275362318
0 0.286 0.9159420289855073 0.568 0.1681159420289855
0 0.945 0.03333333333333333 0.11 0.06666666666666667
0 0.82 0.030434782608695653 0.144 0.06086956521739131
0 0.673 0.02753623188405797 0.146 0.05507246376811594
0 0.673 0.08550724637681159 0.142 0.05507246376811594
0 0.816 0.08260869565217391 0.144 0.04927536231884058
0 0.945 0.10579710144927536 0.11 0.0782608695652174
0 0.528 0.034782608695652174 0.148 0.06956521739130435
0 0.384 0.02318840579710145 0.144 0.0463768115942029
0 0.108 0.020289855072463767 0.168 0.04057971014492753
0 0.107 0.057971014492753624 0.166 0.04057971014492753
