0 0.4522691705790297 0.07209428678898316 0.13082942097026604 0.07592538415458129
0 0.5838810641627542 0.07209428678898316 0.1317683881064163 0.07592538415458129
0 0.4435054773082942 0.15301170690479834 0.13708920187793433 0.08962445958308372
0 0.5809076682316119 0.14662654462880148 0.1352112676056338 0.07546100871632697
0 0.4477308294209702 0.2165150480860766 0.13677621283255087 0.07174600521029241
0 0.5874804381846636 0.21814036211996674 0.13395931142410017 0.06895975258076648
0 0.42801251956181535 0.2983612190784005 0.17370892018779346 0.09937634378642442
0 0.6043818466353678 0.29673590504451036 0.17151799687010963 0.08776695783006647
0 0.3630672926447574 0.42745759091310137 0.25978090766823164 0.1732120384688613
0 0.6256651017214396 0.4228138365305582 0.2604068857589984 0.171354536715844
0 0.6762128325508606 0.6072869793770868 0.3014084507042253 0.19666299810070442
0 0.35996677740863786 0.6142975442885732 0.3059800664451827 0.20382109092343026
0 0.30291060291060284 0.8495987657363684 0.4153846153846153 0.29783510947681824
0 0.7135135135135134 0.8410087786942385 0.4033264033264033 0.2958105331992572
