0 0.15151515151515152 0.46136363636363636 0.23030303030303031 0.20454545454545456
0 0.1606060606060606 0.634090909090909 0.24242424242424243 0.19545454545454546
0 0.10606060606060606 0.7977272727272727 0.12121212121212122 0.19545454545454546
0 0.10606060606060606 0.9227272727272727 0.12121212121212122 0.14545454545454545
0 0.022727272727272728 0.9477272727272728 0.045454545454545456 0.10454545454545454
0 0.05757575757575758 0.175 0.11515151515151516 0.12272727272727273
0 0.031818181818181815 0.0659090909090909 0.06363636363636363 0.10454545454545454
0 0.05303030303030303 0.2909090909090909 0.10606060606060606 0.11818181818181818
0 0.019696969696969695 0.5022727272727273 0.03939393939393939 0.10454545454545454
0 0.2818181818181818 0.8159090909090909 0.23636363636363636 0.2681818181818182
0 0.3484848484848485 0.6386363636363637 0.1393939393939394 0.17727272727272728
0 0.346969696969697 0.47954545454545455 0.1484848484848485 0.18636363636363637
0 0.3393939393939394 0.3068181818181818 0.15757575757575756 0.16818181818181818
0 0.2 0.29772727272727273 0.12121212121212122 0.15
0 0.19696969696969696 0.13636363636363635 0.13333333333333333 0.17272727272727273
0 0.3333333333333333 0.1340909090909091 0.15151515151515152 0.18636363636363637
0 0.503030303030303 0.12045454545454545 0.18181818181818182 0.19545454545454546
0 0.5075757575757576 0.3090909090909091 0.1787878787878788 0.19090909090909092
0 0.5060606060606061 0.4909090909090909 0.17575757575757575 0.20909090909090908
0 0.5045454545454545 0.6704545454545454 0.1787878787878788 0.22272727272727272
0 0.503030303030303 0.8340909090909091 0.16363636363636364 0.21363636363636362
0 0.44242424242424244 0.9409090909090909 0.2545454545454545 0.10909090909090909
0 0.2318181818181818 0.02727272727272727 0.11212121212121212 0.05454545454545454
0 0.3484848484848485 0.022727272727272728 0.12727272727272726 0.045454545454545456
0 0.48333333333333334 0.015909090909090907 0.1484848484848485 0.031818181818181815
0 0.7227272727272728 0.10454545454545454 0.33636363636363636 0.20909090909090908
0 0.7212121212121212 0.3090909090909091 0.2545454545454545 0.21818181818181817
0 0.7212121212121212 0.5113636363636364 0.2545454545454545 0.22272727272727272
0 0.7196969696969697 0.7022727272727273 0.2515151515151515 0.22272727272727272
0 0.7121212121212122 0.8818181818181818 0.2545454545454545 0.22727272727272727
0 0.9136363636363637 0.1409090909090909 0.045454545454545456 0.17272727272727273
0 0.8696969696969697 0.30454545454545456 0.048484848484848485 0.19090909090909092
0 0.9106060606060606 0.3 0.03939393939393939 0.18181818181818182
0 0.8712121212121212 0.4818181818181818 0.051515151515151514 0.18181818181818182
0 0.9121212121212121 0.4659090909090909 0.030303030303030304 0.17727272727272728
0 0.8696969696969697 0.6636363636363637 0.05454545454545454 0.20909090909090908
0 0.9181818181818182 0.6272727272727273 0.04242424242424243 0.17272727272727273
0 0.8636363636363636 0.8318181818181818 0.06666666666666667 0.22727272727272727
0 0.9090909090909091 0.7840909090909091 0.048484848484848485 0.18636363636363637
0 0.9030303030303031 0.9159090909090909 0.06060606060606061 0.16818181818181818
0 0.23939393939393938 0.95 0.15151515151515152 0.1
0 0.051515151515151514 0.39545454545454545 0.10303030303030303 0.10909090909090909
0 0.12121212121212122 0.27954545454545454 0.03636363636363636 0.1409090909090909
