0 0.32 0.18222222222222223 0.34 0.36444444444444446
0 0.62875 0.13777777777777778 0.2625 0.27555555555555555
0 0.8275 0.14222222222222222 0.145 0.19555555555555557
0 0.08125 0.3844444444444444 0.1475 0.3244444444444444
0 0.20125 0.4311111111111111 0.1375 0.27555555555555555
0 0.32625 0.4688888888888889 0.1325 0.21777777777777776
0 0.44875 0.38 0.1325 0.39555555555555555
0 0.575 0.4266666666666667 0.13 0.3111111111111111
0 0.71 0.4088888888888889 0.14 0.3377777777777778
0 0.855 0.4022222222222222 0.165 0.3244444444444444
0 0.08875 0.6488888888888888 0.1775 0.27555555555555555
0 0.26125 0.68 0.2025 0.2311111111111111
0 0.44875 0.6955555555555556 0.1975 0.24444444444444444
0 0.64375 0.6933333333333334 0.2025 0.24888888888888888
0 0.84875 0.6911111111111111 0.2175 0.26222222222222225
0 0.89375 0.9022222222222223 0.1575 0.19555555555555557
0 0.745 0.9066666666666666 0.145 0.18666666666666668
0 0.60625 0.9088888888888889 0.1425 0.18222222222222223
0 0.47125 0.9088888888888889 0.1375 0.18222222222222223
0 0.3375 0.8977777777777778 0.135 0.20444444444444446
0 0.205 0.8933333333333333 0.15 0.21333333333333335
0 0.07375 0.8777777777777778 0.1475 0.24444444444444444
0 0.0175 0.8577777777777778 0.035 0.2311111111111111
