0 0.314 0.24962518740629686 0.296 0.14842578710644677
0 0.61 0.2556221889055472 0.292 0.16041979010494753
0 0.32 0.3988005997001499 0.3 0.14992503748125938
0 0.617 0.404047976011994 0.29 0.15142428785607195
0 0.33 0.5517241379310345 0.292 0.14392803598200898
0 0.623 0.5539730134932533 0.278 0.13943028485757122
0 0.33 0.7008995502248876 0.288 0.136431784107946
0 0.614 0.7016491754122939 0.276 0.13793103448275862
0 0.331 0.8365817091454273 0.282 0.1199400299850075
0 0.601 0.8305847076461769 0.258 0.12293853073463268
