0 0.892 0.9460269865067467 0.216 0.10794602698650675
0 0.956 0.8043478260869565 0.088 0.23238380809595202
0 0.895 0.5592203898050975 0.21 0.2698650674662669
0 0.974 0.2841079460269865 0.052 0.29235382308845576
0 0.833 0.2863568215892054 0.238 0.2908545727136432
0 0.578 0.5352323838080959 0.344 0.26686656671664166
0 0.256 0.507496251874063 0.288 0.2563718140929535
0 0.389 0.26761619190404795 0.214 0.27136431784107945
0 0.604 0.2773613193403298 0.224 0.27886056971514245
0 0.195 0.2623688155922039 0.186 0.25787106446776614
0 0.615 0.0704647676161919 0.246 0.1409295352323838
0 0.341 0.10794602698650675 0.166 0.047976011994003
0 0.175 0.11094452773613193 0.166 0.044977511244377814
0 0.062 0.25037481259370314 0.088 0.11094452773613193
0 0.045 0.3575712143928036 0.078 0.10644677661169415
0 0.094 0.3568215892053973 0.036 0.10794602698650675
0 0.08 0.4572713643178411 0.072 0.095952023988006
0 0.077 0.5524737631184408 0.086 0.10344827586206896
0 0.226 0.7203898050974513 0.164 0.22638680659670166
0 0.402 0.7458770614692654 0.2 0.2413793103448276
0 0.599 0.7698650674662668 0.206 0.25037481259370314
0 0.801 0.7668665667166417 0.226 0.2983508245877061
0 0.273 0.904047976011994 0.262 0.191904047976012
0 0.574 0.9302848575712144 0.292 0.13943028485757122
