0 0.894 0.078 0.212 0.156
0 0.891 0.262 0.218 0.192
0 0.891 0.457 0.218 0.178
0 0.887 0.631 0.226 0.174
0 0.882 0.798 0.236 0.164
0 0.627 0.795 0.27 0.162
0 0.63 0.626 0.28 0.168
0 0.624 0.452 0.288 0.172
0 0.624 0.268 0.3 0.184
0 0.623 0.086 0.318 0.172
0 0.295 0.092 0.326 0.184
0 0.308 0.278 0.308 0.192
0 0.32 0.464 0.304 0.184
0 0.33 0.639 0.284 0.174
0 0.346 0.801 0.276 0.158
0 0.075 0.09 0.15 0.18
0 0.086 0.274 0.172 0.184
0 0.089 0.459 0.178 0.178
0 0.093 0.63 0.186 0.168
0 0.101 0.797 0.202 0.166
