0 0.759 0.448 0.442 0.20266666666666666
0 0.862 0.6386666666666667 0.276 0.21066666666666667
0 0.542 0.656 0.372 0.224
0 0.293 0.4573333333333333 0.494 0.22666666666666666
0 0.753 0.8373333333333334 0.45 0.224
0 0.177 0.6706666666666666 0.354 0.22133333333333333
0 0.242 0.8386666666666667 0.484 0.28
0 0.199 0.26 0.378 0.22666666666666666
0 0.562 0.24666666666666667 0.356 0.2
0 0.868 0.24533333333333332 0.264 0.19733333333333333
0 0.705 0.076 0.458 0.152
0 0.235 0.08133333333333333 0.47 0.16266666666666665
