0 0.06375 0.01125 0.1275 0.0225
0 0.07 0.045 0.14 0.045
0 0.0725 0.08875 0.145 0.0425
0 0.19 0.01125 0.13 0.0225
0 0.185 0.06625 0.105 0.0875
0 0.345 0.00875 0.185 0.0175
0 0.32625 0.04125 0.2125 0.0525
0 0.28625 0.085 0.2425 0.055
0 0.25625 0.27125 0.2825 0.3225
0 0.5275 0.0075 0.18 0.015
0 0.52625 0.03375 0.1975 0.0475
0 0.525 0.0775 0.22 0.06
0 0.52375 0.13875 0.2525 0.0875
0 0.52125 0.3525 0.3075 0.37
0 0.26625 0.58125 0.2625 0.2975
0 0.28375 0.86375 0.2675 0.2725
0 0.52875 0.7 0.2975 0.34
0 0.5375 0.93125 0.24 0.1375
0 0.72625 0.0225 0.2075 0.045
0 0.75 0.07 0.24 0.06
0 0.78 0.14625 0.28 0.1125
0 0.83375 0.20875 0.3325 0.1075
0 0.8325 0.45875 0.335 0.4275
0 0.82375 0.6975 0.3225 0.335
0 0.78375 0.92875 0.2625 0.1425
0 0.9125 0.03125 0.175 0.0625
0 0.9025 0.10625 0.1 0.0925
0 0.96875 0.13375 0.0625 0.1425
0 0.05625 0.8225 0.1125 0.215
0 0.055 0.6675 0.11 0.095
0 0.05 0.5825 0.1 0.08
0 0.045 0.51125 0.07 0.0675
0 0.08125 0.44625 0.0725 0.0575
0 0.1475 0.40875 0.06 0.0675
0 0.1175 0.55125 0.1 0.2175
0 0.13375 0.76 0.1175 0.205
0 0.055 0.235 0.08 0.05
0 0.04375 0.2525 0.0725 0.025
0 0.02 0.275 0.04 0.03
0 0.06375 0.28 0.0725 0.025
0 0.115 0.27875 0.05 0.0275
0 0.01375 0.3025 0.0275 0.02
0 0.0525 0.30125 0.075 0.0225
0 0.11375 0.3025 0.0575 0.03
0 0.03125 0.325 0.0625 0.02
0 0.02625 0.38 0.0525 0.09
0 0.085 0.39625 0.085 0.1275
0 0.01625 0.175 0.0325 0.045
0 0.08 0.165 0.1 0.03
