0 0.541 0.144 0.334 0.288
0 0.717 0.4066666666666667 0.194 0.27466666666666667
0 0.837 0.396 0.246 0.264
0 0.538 0.42 0.176 0.25866666666666666
0 0.344 0.424 0.216 0.29333333333333333
0 0.129 0.43466666666666665 0.258 0.31466666666666665
0 0.145 0.7146666666666667 0.23 0.2826666666666667
0 0.347 0.692 0.202 0.2693333333333333
0 0.535 0.6653333333333333 0.174 0.248
0 0.707 0.6493333333333333 0.166 0.23733333333333334
0 0.855 0.6266666666666667 0.154 0.21866666666666668
0 0.837 0.824 0.138 0.21333333333333335
0 0.696 0.8653333333333333 0.16 0.232
0 0.537 0.8853333333333333 0.166 0.22933333333333333
0 0.365 0.896 0.186 0.208
0 0.171 0.9133333333333333 0.214 0.17333333333333334
