0 0.069 0.24287856071964017 0.138 0.27586206896551724
0 0.452 0.24287856071964017 0.684 0.2698650674662669
0 0.194 0.5989505247376312 0.388 0.4542728635682159
0 0.039 0.616191904047976 0.078 0.4287856071964018
0 0.518 0.5659670164917541 0.256 0.41529235382308843
0 0.793 0.5382308845577212 0.362 0.39280359820089955
0 0.88 0.24287856071964017 0.236 0.2098950524737631
0 0.943 0.5119940029985007 0.114 0.34332833583208394
0 0.447 0.8928035982008995 0.482 0.2143928035982009
0 0.376 0.9707646176911544 0.264 0.05847076461769116
0 0.116 0.9400299850074962 0.232 0.1199400299850075
0 0.612 0.9490254872563718 0.22 0.09895052473763119
0 0.815 0.9250374812593704 0.214 0.1469265367316342
0 0.942 0.9107946026986506 0.112 0.17541229385307347
0 0.838 0.8125937031484258 0.32 0.17691154422788605
