0 0.0715909090909091 0.24545454545454545 0.1340909090909091 0.2
0 0.20795454545454545 0.24242424242424243 0.1340909090909091 0.2
0 0.3477272727272727 0.23939393939393938 0.1409090909090909 0.2
0 0.4875 0.23333333333333334 0.13863636363636364 0.2
0 0.6261363636363636 0.23333333333333334 0.13863636363636364 0.2
0 0.07840909090909091 0.4393939393939394 0.1340909090909091 0.2
0 0.2125 0.44242424242424244 0.1340909090909091 0.2
0 0.35113636363636364 0.43636363636363634 0.1340909090909091 0.2
0 0.49204545454545456 0.43333333333333335 0.13863636363636364 0.2
0 0.6306818181818182 0.4303030303030303 0.1340909090909091 0.2
0 0.6284090909090909 0.6272727272727273 0.1340909090909091 0.2
0 0.4909090909090909 0.6303030303030303 0.13636363636363635 0.19393939393939394
0 0.3534090909090909 0.6333333333333333 0.1340909090909091 0.2
0 0.21704545454545454 0.6363636363636364 0.1340909090909091 0.19393939393939394
0 0.08409090909090909 0.6348484848484849 0.13636363636363635 0.19090909090909092
0 0.7647727272727273 0.6242424242424243 0.1340909090909091 0.2
0 0.8988636363636363 0.6181818181818182 0.1340909090909091 0.2
0 0.08068181818181819 0.8242424242424242 0.1340909090909091 0.18181818181818182
0 0.21704545454545454 0.8242424242424242 0.13863636363636364 0.18181818181818182
0 0.3522727272727273 0.8227272727272728 0.13636363636363635 0.18484848484848485
0 0.4909090909090909 0.8181818181818182 0.1409090909090909 0.18787878787878787
0 0.6272727272727273 0.8166666666666667 0.13636363636363635 0.18484848484848485
0 0.7625 0.8151515151515152 0.1340909090909091 0.18787878787878787
0 0.8931818181818182 0.8106060606060606 0.1318181818181818 0.19090909090909092
0 0.9818181818181818 0.6136363636363636 0.03636363636363636 0.19696969696969696
0 0.9795454545454545 0.8045454545454546 0.04090909090909091 0.19090909090909092
