0 0.01988990825688063 0.2894706968968328 0.03853211009174311 0.09803820394010379
0 0.09053211009174306 0.28173083869103516 0.10275229357798173 0.10938999597527374
0 0.290532110091743 0.27450697103229066 0.3082568807339451 0.11764584472812456
0 0.052917431192660444 0.38389696700756437 0.09724770642201827 0.092878298469572
0 0.18227522935779802 0.3818330048193516 0.1871559633027523 0.11145395816348644
0 0.03365137614678889 0.47006738836544515 0.06605504587155962 0.08978235518725297
0 0.11346788990825678 0.47729125602418965 0.10458715596330262 0.10010216612831649
0 0.21897247706422013 0.48709507641819993 0.12110091743119256 0.10319810941063565
0 0.06576146788990815 0.5572697908174322 0.12293577981651367 0.08875037409314661
0 0.20521100917431193 0.5804893654348252 0.17064220183486237 0.11248593925759287
0 0.06759633027522932 0.6377643161577279 0.06422018348623851 0.08462244971672127
0 0.14466055045871554 0.65272804202227 0.10091743119266039 0.09597424175189109
0 0.08686238532110087 0.7198068131391833 0.11009174311926609 0.10423009050474188
0 0.22264220183486236 0.7569581325270122 0.16880733944954135 0.13106159895150712
0 0.24649541284403664 0.6769795977337694 0.11376146788990832 0.10938999597527364
0 0.39603669724770635 0.6078368644286436 0.21100917431192648 0.136221504422039
0 0.35199999999999987 0.4963829062651572 0.1376146788990825 0.11970980691633729
0 0.45750458715596315 0.3854449386487239 0.37064220183486235 0.12486971238686904
0 0.5685137614678898 0.27192701829702476 0.22201834862385317 0.10835801488116738
0 0.8369266055045871 0.2590272546206953 0.3221467889908258 0.13415754223382628
0 0.8171376146788989 0.38389696700756437 0.35596330275229365 0.12383773129276268
0 0.5336513761467889 0.5041227644709548 0.22935779816513763 0.13518952332793263
0 0.7464954128440366 0.5139265848649652 0.33211009174311923 0.1486052775513152
0 0.9552752293577982 0.4963829062651572 0.08544954128440373 0.11558188253991183
0 0.688697247706422 0.6439562027223661 0.37064220183486235 0.1527332019277407
0 0.3648440366972477 0.7027791250864284 0.12293577981651378 0.12383773129276275
0 0.40429357798165133 0.8080411966852766 0.19449541284403654 0.14860527755131525
0 0.5015412844036697 0.7332225673625659 0.16513761467889912 0.13931744770435803
0 0.7501651376146787 0.7590220947152247 0.328440366972477 0.16614895615112327
0 0.6868623853211008 0.873056005613977 0.35596330275229343 0.171308861621655
0 0.9217247706422017 0.6166087037285477 0.09174311926605515 0.12693367457508178
0 0.9428256880733943 0.707423040009907 0.07155963302752298 0.11661386363401827
0 0.9042935779816513 0.8193929887204466 0.07522935779816521 0.14034942879846432
