0 0.171 0.104 0.266 0.128
0 0.396 0.11333333333333333 0.188 0.12
0 0.146 0.23066666666666666 0.292 0.14133333333333334
0 0.152 0.36133333333333334 0.288 0.14133333333333334
0 0.154 0.49066666666666664 0.288 0.13333333333333333
0 0.07 0.5333333333333333 0.14 0.16
0 0.071 0.6613333333333333 0.142 0.16
0 0.208 0.6573333333333333 0.152 0.168
0 0.219 0.6093333333333333 0.162 0.14133333333333334
0 0.065 0.8 0.13 0.11733333333333333
0 0.202 0.7866666666666666 0.148 0.144
0 0.069 0.9173333333333333 0.126 0.11733333333333333
0 0.205 0.9106666666666666 0.146 0.136
0 0.288 0.7186666666666667 0.024 0.15733333333333333
0 0.291 0.844 0.026 0.14133333333333334
0 0.396 0.23466666666666666 0.184 0.12266666666666666
0 0.403 0.35333333333333333 0.182 0.12
0 0.396 0.4706666666666667 0.18 0.12
0 0.402 0.592 0.176 0.128
0 0.405 0.7106666666666667 0.174 0.11466666666666667
0 0.407 0.8226666666666667 0.174 0.10933333333333334
0 0.591 0.104 0.194 0.12266666666666666
0 0.594 0.22533333333333333 0.196 0.12533333333333332
0 0.594 0.344 0.188 0.12266666666666666
0 0.543 0.45466666666666666 0.094 0.12533333333333332
0 0.666 0.38533333333333336 0.172 0.168
0 0.662 0.5093333333333333 0.172 0.17066666666666666
0 0.618 0.6213333333333333 0.232 0.21333333333333335
0 0.609 0.768 0.222 0.176
0 0.604 0.92 0.212 0.128
0 0.719 0.09733333333333333 0.038 0.136
0 0.863 0.09866666666666667 0.274 0.14933333333333335
0 0.71 0.23066666666666666 0.032 0.13066666666666665
0 0.86 0.24533333333333332 0.28 0.14933333333333335
0 0.86 0.384 0.28 0.14933333333333335
0 0.874 0.528 0.252 0.13866666666666666
0 0.865 0.664 0.27 0.13333333333333333
0 0.859 0.7933333333333333 0.282 0.13066666666666665
0 0.853 0.9173333333333333 0.286 0.13333333333333333
0 0.298 0.348 0.016 0.12
