0 0.534375 0.09294871794871795 0.5979166666666667 0.1858974358974359
0 0.5322916666666667 0.33974358974358976 0.6479166666666667 0.3269230769230769
0 0.5302083333333333 0.6826923076923077 0.69375 0.40384615384615385
0 0.15104166666666666 0.16666666666666666 0.16875 0.08974358974358974
0 0.14583333333333334 0.26282051282051283 0.16666666666666666 0.10897435897435898
0 0.13541666666666666 0.3717948717948718 0.175 0.11538461538461539
0 0.12708333333333333 0.4791666666666667 0.18333333333333332 0.11217948717948718
0 0.11041666666666666 0.5849358974358975 0.18333333333333332 0.11858974358974358
0 0.096875 0.7259615384615384 0.18125 0.1762820512820513
0 0.16041666666666668 0.8413461538461539 0.14583333333333334 0.07371794871794872
0 0.9166666666666666 0.5785256410256411 0.16666666666666666 0.7019230769230769
0 0.18125 0.9407051282051282 0.20833333333333334 0.11858974358974358
0 0.37083333333333335 0.9182692307692307 0.1875 0.16346153846153846
0 0.5572916666666666 0.9214743589743589 0.18958333333333333 0.15705128205128205
0 0.74375 0.9246794871794872 0.18333333333333332 0.15064102564102563
0 0.8979166666666667 0.9551282051282052 0.125 0.08974358974358974
