0 0.817 0.20533333333333334 0.366 0.2826666666666667
0 0.483 0.204 0.334 0.28
0 0.16 0.208 0.32 0.26666666666666666
0 0.782 0.456 0.324 0.22933333333333333
0 0.481 0.45466666666666666 0.294 0.22133333333333333
0 0.186 0.45066666666666666 0.308 0.21866666666666668
0 0.216 0.7226666666666667 0.292 0.33066666666666666
0 0.478 0.7293333333333333 0.268 0.33866666666666667
0 0.753 0.66 0.29 0.19466666666666665
0 0.73 0.828 0.264 0.17866666666666667
0 0.479 0.8173333333333334 0.246 0.16266666666666665
0 0.237 0.812 0.254 0.152
