0 0.977 0.9467532467532468 0.046 0.10649350649350649
0 0.975 0.8285714285714286 0.05 0.12467532467532468
0 0.973 0.7038961038961039 0.054 0.12987012987012986
0 0.971 0.577922077922078 0.058 0.13246753246753246
0 0.971 0.45324675324675323 0.058 0.12727272727272726
0 0.972 0.32597402597402597 0.056 0.12727272727272726
0 0.965 0.2038961038961039 0.07 0.12727272727272726
0 0.965 0.07922077922077922 0.07 0.12727272727272726
0 0.856 0.9792207792207792 0.192 0.04155844155844156
0 0.85 0.8974025974025974 0.196 0.13766233766233765
0 0.852 0.7649350649350649 0.192 0.12727272727272726
0 0.847 0.638961038961039 0.194 0.12467532467532468
0 0.843 0.512987012987013 0.198 0.12727272727272726
0 0.85 0.38961038961038963 0.184 0.12987012987012986
0 0.842 0.2649350649350649 0.18 0.12987012987012986
0 0.836 0.14285714285714285 0.184 0.13506493506493505
0 0.834 0.04155844155844156 0.184 0.08311688311688312
0 0.648 0.05584415584415584 0.192 0.11168831168831168
0 0.638 0.16493506493506493 0.192 0.13246753246753246
0 0.642 0.2831168831168831 0.192 0.12987012987012986
0 0.638 0.4 0.192 0.13506493506493505
0 0.645 0.5181818181818182 0.19 0.12727272727272726
0 0.651 0.6402597402597403 0.194 0.11688311688311688
0 0.651 0.7597402597402597 0.198 0.12207792207792208
0 0.647 0.8831168831168831 0.198 0.12987012987012986
0 0.652 0.9714285714285714 0.2 0.05714285714285714
0 0.448 0.15584415584415584 0.192 0.14025974025974025
0 0.452 0.2727272727272727 0.188 0.12987012987012986
0 0.448 0.3948051948051948 0.192 0.12987012987012986
0 0.452 0.5142857142857142 0.188 0.11948051948051948
0 0.451 0.6363636363636364 0.194 0.11948051948051948
0 0.451 0.7584415584415585 0.194 0.11948051948051948
0 0.45 0.8818181818181818 0.192 0.13246753246753246
0 0.448 0.9701298701298702 0.192 0.05974025974025974
0 0.115 0.7545454545454545 0.23 0.14805194805194805
0 0.115 0.8818181818181818 0.23 0.16363636363636364
0 0.116 0.9584415584415584 0.232 0.08311688311688312
0 0.138 0.274025974025974 0.168 0.12727272727272726
0 0.142 0.37012987012987014 0.184 0.11688311688311688
0 0.14 0.45194805194805193 0.184 0.10909090909090909
0 0.138 0.5428571428571428 0.184 0.0987012987012987
0 0.135 0.6311688311688312 0.19 0.08831168831168831
0 0.025 0.36623376623376624 0.05 0.10909090909090909
0 0.025 0.4649350649350649 0.05 0.10909090909090909
0 0.293 0.42207792207792205 0.122 0.09090909090909091
0 0.294 0.5 0.124 0.07012987012987013
0 0.292 0.564935064935065 0.124 0.07012987012987013
0 0.293 0.6324675324675325 0.126 0.07012987012987013
0 0.293 0.6974025974025974 0.126 0.07532467532467532
0 0.291 0.7753246753246753 0.126 0.08051948051948052
