0 0.045 0.059 0.09 0.118
0 0.225 0.048 0.282 0.096
0 0.017 0.172 0.034 0.112
0 0.097 0.15 0.146 0.14
0 0.262 0.113 0.2 0.17
0 0.39 0.008 0.056 0.016
0 0.473 0.083 0.222 0.166
0 0.788 0.089 0.408 0.178
0 0.053 0.272 0.106 0.12
0 0.241 0.243 0.294 0.166
0 0.067 0.385 0.118 0.118
0 0.031 0.478 0.062 0.116
0 0.037 0.591 0.074 0.114
0 0.037 0.688 0.074 0.1
0 0.094 0.495 0.08 0.106
0 0.106 0.597 0.088 0.106
0 0.089 0.68 0.042 0.068
0 0.198 0.377 0.164 0.13
0 0.405 0.363 0.27 0.142
0 0.64 0.194 0.508 0.22
0 0.767 0.342 0.454 0.176
0 0.919 0.219 0.066 0.146
0 0.262 0.497 0.272 0.126
0 0.215 0.611 0.134 0.118
0 0.246 0.726 0.276 0.152
0 0.108 0.86 0.212 0.188
0 0.095 0.946 0.19 0.108
0 0.205 0.985 0.038 0.03
0 0.401 0.629 0.25 0.146
0 0.641 0.509 0.49 0.162
0 0.915 0.494 0.074 0.132
0 0.972 0.483 0.056 0.106
0 0.975 0.263 0.05 0.122
0 0.97 0.117 0.06 0.23
0 0.883 0.617 0.078 0.138
0 0.959 0.589 0.082 0.118
0 0.614 0.779 0.464 0.202
0 0.256 0.838 0.104 0.136
0 0.284 0.942 0.2 0.116
0 0.41 0.872 0.228 0.164
0 0.471 0.961 0.178 0.074
0 0.71 0.88 0.372 0.24
0 0.878 0.729 0.076 0.158
0 0.958 0.679 0.084 0.13
0 0.937 0.798 0.086 0.16
0 0.811 0.968 0.062 0.064
0 0.982 0.764 0.036 0.124
0 0.884 0.934 0.084 0.132
0 0.962 0.885 0.076 0.162
0 0.929 0.96 0.07 0.08
0 0.982 0.94 0.036 0.12
0 0.982 0.98 0.036 0.04
0 0.684 0.653 0.324 0.162
