0 0.2150170648464164 0.37272727272727274 0.15699658703071673 0.20909090909090908
0 0.3703071672354949 0.35909090909090907 0.16040955631399317 0.21818181818181817
0 0.5119453924914675 0.3386363636363636 0.16382252559726962 0.21363636363636362
0 0.658703071672355 0.32727272727272727 0.17064846416382254 0.2
0 0.7986348122866894 0.325 0.18430034129692832 0.20454545454545456
0 0.8378839590443686 0.5272727272727272 0.18771331058020477 0.23636363636363636
0 0.878839590443686 0.7659090909090909 0.20819112627986347 0.2772727272727273
0 0.726962457337884 0.7909090909090909 0.18430034129692832 0.2818181818181818
0 0.6877133105802048 0.5386363636363637 0.18771331058020477 0.2409090909090909
0 0.5597269624573379 0.8090909090909091 0.18430034129692832 0.2909090909090909
0 0.537542662116041 0.5545454545454546 0.17406143344709898 0.24545454545454545
0 0.3873720136518771 0.8318181818181818 0.18088737201365188 0.3
0 0.3771331058020478 0.5795454545454546 0.16723549488054607 0.25
0 0.20819112627986347 0.5931818181818181 0.17064846416382254 0.25
0 0.2098976109215017 0.8545454545454545 0.18771331058020477 0.2909090909090909
0 0.21843003412969283 0.18181818181818182 0.14334470989761092 0.18181818181818182
0 0.36006825938566556 0.16590909090909092 0.14675767918088736 0.18636363636363637
0 0.4948805460750853 0.15 0.15017064846416384 0.18181818181818182
0 0.6313993174061433 0.1431818181818182 0.15699658703071673 0.17727272727272728
0 0.7627986348122867 0.1409090909090909 0.15358361774744028 0.17272727272727273
