0 0.136 0.2987987987987988 0.272 0.5975975975975976
0 0.271 0.22072072072072071 0.062 0.3033033033033033
0 0.318 0.503003003003003 0.104 0.3213213213213213
0 0.157 0.7297297297297297 0.314 0.5345345345345346
0 0.306 0.9219219219219219 0.048 0.15615615615615616
0 0.337 0.7642642642642643 0.082 0.2672672672672673
0 0.45 0.2087087087087087 0.184 0.35135135135135137
0 0.447 0.5285285285285285 0.178 0.2882882882882883
0 0.459 0.7912912912912913 0.15 0.23123123123123124
0 0.634 0.2057057057057057 0.184 0.34534534534534533
0 0.628 0.5285285285285285 0.172 0.2822822822822823
0 0.62 0.7927927927927928 0.156 0.23423423423423423
0 0.826 0.2057057057057057 0.208 0.35135135135135137
0 0.796 0.5315315315315315 0.188 0.2882882882882883
0 0.77 0.7942942942942943 0.168 0.23723723723723725
0 0.995 0.5990990990990991 0.01 0.06906906906906907
0 0.985 0.6801801801801802 0.03 0.12312312312312312
0 0.971 0.7717717717717718 0.054 0.13213213213213212
0 0.975 0.8768768768768769 0.046 0.24024024024024024
