0 0.374 0.20266666666666666 0.212 0.14933333333333335
0 0.586 0.20266666666666666 0.208 0.14933333333333335
0 0.79 0.20933333333333334 0.208 0.15733333333333333
0 0.805 0.37066666666666664 0.222 0.176
0 0.826 0.5573333333333333 0.232 0.21333333333333335
0 0.826 0.7493333333333333 0.256 0.21333333333333335
0 0.592 0.3626666666666667 0.224 0.17066666666666666
0 0.367 0.3626666666666667 0.226 0.17066666666666666
0 0.361 0.5453333333333333 0.238 0.19466666666666665
0 0.603 0.5453333333333333 0.234 0.19466666666666665
0 0.581 0.7493333333333333 0.25 0.224
0 0.325 0.76 0.254 0.224
0 0.834 0.9266666666666666 0.252 0.14666666666666667
0 0.584 0.9306666666666666 0.26 0.13866666666666666
0 0.318 0.9346666666666666 0.264 0.13066666666666665
0 0.095 0.936 0.19 0.128
