0 0.496 0.6521739130434783 0.332 0.2518740629685157
0 0.171 0.6859070464767616 0.342 0.19940029985007496
0 0.238 0.46101949025487254 0.468 0.2623688155922039
0 0.742 0.4287856071964018 0.516 0.2818590704647676
0 0.832 0.6611694152923538 0.336 0.20089955022488756
0 0.718 0.8523238380809596 0.452 0.1874062968515742
0 0.254 0.8665667166416792 0.492 0.17991004497751126
0 0.503 0.9662668665667167 0.282 0.06746626686656672
0 0.791 0.9490254872563718 0.314 0.10194902548725637
0 0.209 0.9782608695652174 0.314 0.04047976011994003
0 0.846 0.19415292353823088 0.304 0.2653673163418291
0 0.512 0.19790104947526238 0.384 0.27886056971514245
0 0.167 0.20014992503748125 0.334 0.2863568215892054
0 0.367 0.03523238380809595 0.298 0.0704647676161919
0 0.755 0.03298350824587706 0.486 0.05997001499250375
0 0.174 0.031484257871064465 0.104 0.06296851574212893
