0 0.01 0.22297297297297297 0.02 0.07957957957957958
0 0.128 0.03678678678678678 0.252 0.07357357357357357
0 0.187 0.20345345345345345 0.374 0.2777777777777778
0 0.932 0.04954954954954955 0.136 0.0990990990990991
0 0.537 0.2147147147147147 0.35 0.25825825825825827
0 0.843 0.2147147147147147 0.314 0.24324324324324326
0 0.191 0.42042042042042044 0.382 0.3123123123123123
0 0.619 0.44144144144144143 0.45 0.22522522522522523
0 0.903 0.4286786786786787 0.194 0.1966966966966967
0 0.057 0.6711711711711712 0.11 0.19519519519519518
0 0.254 0.6411411411411412 0.308 0.2222222222222222
0 0.206 0.8220720720720721 0.412 0.21171171171171171
0 0.086 0.9256756756756757 0.172 0.14864864864864866
0 0.293 0.9331831831831832 0.262 0.13063063063063063
0 0.544 0.9219219219219219 0.256 0.15615615615615616
0 0.6 0.7852852852852853 0.372 0.1891891891891892
0 0.827 0.8783783783783784 0.33 0.18018018018018017
0 0.884 0.746996996996997 0.232 0.16366366366366367
0 0.535 0.6291291291291291 0.27 0.17417417417417416
0 0.832 0.6073573573573574 0.336 0.19369369369369369
0 0.904 0.4271771771771772 0.192 0.1996996996996997
0 0.604 0.04804804804804805 0.548 0.0960960960960961
0 0.291 0.03003003003003003 0.078 0.06006006006006006
