0 0.283 0.14666666666666667 0.386 0.29333333333333333
0 0.285 0.4226666666666667 0.37 0.33866666666666667
0 0.285 0.676 0.354 0.37066666666666664
0 0.287 0.848 0.346 0.304
0 0.487 0.152 0.05 0.24533333333333332
0 0.477 0.384 0.03 0.224
0 0.608 0.4053333333333333 0.264 0.2613333333333333
0 0.637 0.16533333333333333 0.282 0.2773333333333333
0 0.577 0.6146666666666667 0.246 0.24266666666666667
0 0.57 0.8133333333333334 0.236 0.22933333333333333
0 0.858 0.4106666666666667 0.276 0.26666666666666666
0 0.817 0.6226666666666667 0.27 0.248
0 0.795 0.8186666666666667 0.246 0.21866666666666668
