0 0.8836772983114447 0.23666666666666666 0.2326454033771107 0.44666666666666666
0 0.6894934333958724 0.21833333333333332 0.2682926829268293 0.43666666666666665
0 0.4446529080675422 0.20833333333333334 0.25140712945590993 0.4166666666666667
0 0.24577861163227016 0.20166666666666666 0.20637898686679174 0.4033333333333333
0 0.0975609756097561 0.2 0.1951219512195122 0.4
0 0.874296435272045 0.555 0.25140712945590993 0.23
0 0.6651031894934334 0.5316666666666666 0.23452157598499063 0.22333333333333333
0 0.4446529080675422 0.5216666666666666 0.22138836772983114 0.22333333333333333
0 0.2589118198874296 0.51 0.16885553470919323 0.23333333333333334
0 0.27392120075046905 0.7183333333333334 0.150093808630394 0.18333333333333332
0 0.1050656660412758 0.5083333333333333 0.19136960600375236 0.23
0 0.1350844277673546 0.71 0.1651031894934334 0.19333333333333333
0 0.29080675422138835 0.8783333333333333 0.1425891181988743 0.15666666666666668
0 0.16322701688555347 0.8766666666666667 0.14634146341463414 0.15333333333333332
0 0.058161350844277676 0.865 0.11632270168855535 0.13666666666666666
0 0.04409005628517824 0.7066666666666667 0.08818011257035648 0.18
0 0.4427767354596623 0.7183333333333334 0.19887429643527205 0.17666666666666667
0 0.4437148217636023 0.875 0.17823639774859287 0.14333333333333334
0 0.6388367729831145 0.7233333333333334 0.2045028142589118 0.18
0 0.6181988742964353 0.8816666666666667 0.18198874296435272 0.14333333333333334
0 0.8264540337711069 0.735 0.22326454033771106 0.18333333333333332
0 0.7889305816135085 0.8933333333333333 0.19699812382739212 0.15333333333333332
