0 0.08387096774193549 0.05 0.16774193548387098 0.1
0 0.2629032258064516 0.06290322580645161 0.22258064516129034 0.11290322580645161
0 0.19516129032258064 0.18225806451612903 0.3903225806451613 0.2161290322580645
0 0.11774193548387096 0.38225806451612904 0.22258064516129034 0.2032258064516129
0 0.31129032258064515 0.38548387096774195 0.1967741935483871 0.19032258064516128
0 0.21129032258064517 0.5967741935483871 0.3903225806451613 0.21935483870967742
0 0.14516129032258066 0.785483870967742 0.25161290322580643 0.19032258064516128
0 0.3419354838709677 0.7645161290322581 0.1935483870967742 0.1935483870967742
0 0.014516129032258065 0.785483870967742 0.02903225806451613 0.15161290322580645
0 0.532258064516129 0.09193548387096774 0.33548387096774196 0.18387096774193548
0 0.4838709677419355 0.2306451612903226 0.2064516129032258 0.19032258064516128
0 0.5612903225806452 0.4032258064516129 0.3225806451612903 0.1870967741935484
0 0.646774193548387 0.25161290322580643 0.14516129032258066 0.16129032258064516
0 0.5 0.5741935483870968 0.21935483870967742 0.18064516129032257
0 0.6725806451612903 0.5725806451612904 0.16451612903225807 0.16451612903225807
0 0.5870967741935483 0.7451612903225806 0.32903225806451614 0.1935483870967742
0 0.5306451612903226 0.8451612903225807 0.15806451612903225 0.03225806451612903
0 0.6838709677419355 0.8370967741935483 0.14193548387096774 0.04838709677419355
0 0.8 0.8258064516129032 0.0967741935483871 0.09032258064516129
0 0.9241935483870968 0.8096774193548387 0.15161290322580645 0.10967741935483871
0 0.9112903225806451 0.6645161290322581 0.1774193548387097 0.17419354838709677
0 0.9016129032258065 0.47258064516129034 0.1967741935483871 0.20967741935483872
0 0.7951612903225806 0.7064516129032258 0.11290322580645161 0.16129032258064516
0 0.7774193548387097 0.5483870967741935 0.1032258064516129 0.16129032258064516
0 0.8435483870967742 0.4080645161290323 0.24193548387096775 0.15161290322580645
0 0.7758064516129032 0.2467741935483871 0.14516129032258066 0.15806451612903225
0 0.9032258064516129 0.2629032258064516 0.13548387096774195 0.14516129032258066
0 0.9790322580645161 0.27580645161290324 0.041935483870967745 0.13870967741935483
0 0.8129032258064516 0.1064516129032258 0.24516129032258063 0.1870967741935484
0 0.9612903225806452 0.1338709677419355 0.07741935483870968 0.14516129032258066
