0 0.014044943820224719 0.10833333333333334 0.028089887640449437 0.11666666666666667
0 0.042134831460674156 0.08666666666666667 0.031835205992509365 0.12
0 0.07397003745318352 0.056666666666666664 0.031835205992509365 0.11333333333333333
0 0.10580524344569288 0.04666666666666667 0.035580524344569285 0.09333333333333334
0 0.1404494382022472 0.035 0.03745318352059925 0.06333333333333334
0 0.1694756554307116 0.015 0.024344569288389514 0.03
0 0.006554307116104869 0.21333333333333335 0.013108614232209739 0.10666666666666667
0 0.03277153558052434 0.19333333333333333 0.04307116104868914 0.14
0 0.07677902621722846 0.15666666666666668 0.04868913857677903 0.14
0 0.12921348314606743 0.12 0.056179775280898875 0.17333333333333334
0 0.19101123595505617 0.08 0.06741573033707865 0.15333333333333332
0 0.0056179775280898875 0.315 0.011235955056179775 0.09666666666666666
0 0.02153558052434457 0.30666666666666664 0.024344569288389514 0.10666666666666667
0 0.012172284644194757 0.41 0.024344569288389514 0.10666666666666667
0 0.009363295880149813 0.51 0.018726591760299626 0.1
0 0.009363295880149813 0.6066666666666667 0.018726591760299626 0.09333333333333334
0 0.011235955056179775 0.6983333333333334 0.02247191011235955 0.10333333333333333
0 0.010299625468164793 0.7916666666666666 0.020599250936329586 0.11
0 0.015917602996254682 0.88 0.031835205992509365 0.11333333333333333
0 0.02247191011235955 0.955 0.0449438202247191 0.09
0 0.04307116104868914 0.29833333333333334 0.02247191011235955 0.11
0 0.06741573033707865 0.2783333333333333 0.0299625468164794 0.12333333333333334
0 0.09831460674157304 0.26166666666666666 0.035580524344569285 0.13
0 0.13295880149812733 0.24 0.04119850187265917 0.14666666666666667
0 0.035580524344569285 0.40166666666666667 0.033707865168539325 0.12333333333333334
0 0.07209737827715355 0.3883333333333333 0.03932584269662921 0.13
0 0.12172284644194757 0.37166666666666665 0.0599250936329588 0.14333333333333334
0 0.03089887640449438 0.5116666666666667 0.028089887640449437 0.10333333333333333
0 0.06367041198501873 0.5033333333333333 0.04119850187265917 0.11333333333333333
0 0.09925093632958802 0.5016666666666667 0.0299625468164794 0.12333333333333334
0 0.1348314606741573 0.49333333333333335 0.04119850187265917 0.13333333333333333
0 0.03277153558052434 0.6116666666666667 0.031835205992509365 0.10333333333333333
0 0.07303370786516854 0.62 0.056179775280898875 0.12
0 0.1301498127340824 0.625 0.06179775280898876 0.14333333333333334
0 0.03464419475655431 0.71 0.031835205992509365 0.11333333333333333
0 0.06647940074906367 0.725 0.03932584269662921 0.13
0 0.10299625468164794 0.7416666666666667 0.033707865168539325 0.13
0 0.13295880149812733 0.755 0.04119850187265917 0.13666666666666666
0 0.03089887640449438 0.8016666666666666 0.024344569288389514 0.10333333333333333
0 0.0749063670411985 0.84 0.06741573033707865 0.15333333333333332
0 0.1301498127340824 0.8783333333333333 0.04681647940074907 0.15
0 0.04400749063670412 0.9066666666666666 0.024344569288389514 0.11333333333333333
0 0.05056179775280899 0.975 0.0149812734082397 0.05
0 0.07303370786516854 0.93 0.04119850187265917 0.13333333333333333
0 0.0749063670411985 0.98 0.03745318352059925 0.04
0 0.10861423220973783 0.95 0.0299625468164794 0.1
0 0.13764044943820225 0.965 0.031835205992509365 0.07
0 0.25280898876404495 0.06 0.06367041198501873 0.11333333333333333
0 0.3258426966292135 0.03166666666666667 0.08614232209737828 0.056666666666666664
0 0.1760299625468165 0.21333333333333335 0.04868913857677903 0.15333333333333332
0 0.22191011235955055 0.18833333333333332 0.054307116104868915 0.16333333333333333
0 0.2602996254681648 0.17166666666666666 0.0299625468164794 0.16333333333333333
0 0.30711610486891383 0.13166666666666665 0.06741573033707865 0.21
0 0.3792134831460674 0.10666666666666667 0.08426966292134831 0.20666666666666667
0 0.46441947565543074 0.09166666666666666 0.09737827715355805 0.17666666666666667
0 0.5711610486891385 0.07 0.11610486891385768 0.13333333333333333
0 0.7078651685393258 0.05333333333333334 0.16104868913857678 0.1
0 0.8267790262172284 0.018333333333333333 0.08052434456928839 0.03
0 0.8567415730337079 0.175 0.28651685393258425 0.3433333333333333
0 0.6161048689138576 0.21666666666666667 0.1947565543071161 0.30666666666666664
0 0.45131086142322097 0.27166666666666667 0.1348314606741573 0.24333333333333335
0 0.3295880149812734 0.29833333333333334 0.10861423220973783 0.20333333333333334
0 0.1853932584269663 0.3466666666666667 0.07116104868913857 0.16
0 0.25 0.32666666666666666 0.06179775280898876 0.16666666666666666
0 0.1750936329588015 0.4866666666666667 0.04307116104868914 0.14
0 0.21816479400749064 0.48333333333333334 0.04681647940074907 0.15333333333333332
0 0.2612359550561798 0.4816666666666667 0.04307116104868914 0.16333333333333333
0 0.31741573033707865 0.485 0.07303370786516854 0.17666666666666667
0 0.39325842696629215 0.4816666666666667 0.08239700374531835 0.19
0 0.4803370786516854 0.48 0.09925093632958802 0.20666666666666667
0 0.5880149812734082 0.48 0.12734082397003746 0.24
0 0.7294007490636704 0.47 0.16292134831460675 0.2866666666666667
0 0.9026217228464419 0.4583333333333333 0.1947565543071161 0.33666666666666667
0 0.8642322097378277 0.7783333333333333 0.27153558052434457 0.33666666666666667
0 0.9082397003745318 0.9483333333333334 0.18352059925093633 0.10333333333333333
0 0.7368913857677902 0.92 0.15917602996254682 0.15333333333333332
0 0.6329588014981273 0.7283333333333334 0.20224719101123595 0.2833333333333333
0 0.5973782771535581 0.895 0.12359550561797752 0.21
0 0.46348314606741575 0.6883333333333334 0.1404494382022472 0.22333333333333333
0 0.48408239700374533 0.8883333333333333 0.10674157303370786 0.22333333333333333
0 0.450374531835206 0.9783333333333334 0.09550561797752809 0.043333333333333335
0 0.39419475655430714 0.8666666666666667 0.08052434456928839 0.21333333333333335
0 0.34176029962546817 0.6666666666666666 0.10674157303370786 0.2
0 0.2565543071161049 0.645 0.0749063670411985 0.17
0 0.1900749063670412 0.63 0.05805243445692884 0.15333333333333332
0 0.17228464419475656 0.755 0.04119850187265917 0.16333333333333333
0 0.21910112359550563 0.7783333333333333 0.052434456928838954 0.16333333333333333
0 0.2696629213483146 0.805 0.052434456928838954 0.17666666666666667
0 0.3258426966292135 0.8366666666666667 0.06367041198501873 0.19333333333333333
0 0.34831460674157305 0.9466666666666667 0.10861423220973783 0.10666666666666667
0 0.25749063670411987 0.925 0.07677902621722846 0.15
0 0.18632958801498128 0.9083333333333333 0.06554307116104868 0.17666666666666667
0 0.1853932584269663 0.975 0.06741573033707865 0.05
