0 0.57 0.084 0.3 0.168
0 0.861 0.08133333333333333 0.278 0.16266666666666665
0 0.85 0.3 0.3 0.27466666666666667
0 0.837 0.5453333333333333 0.326 0.30133333333333334
0 0.832 0.7733333333333333 0.336 0.35733333333333334
0 0.832 0.9 0.336 0.2
0 0.563 0.2773333333333333 0.286 0.24
0 0.55 0.4786666666666667 0.268 0.23733333333333334
0 0.546 0.664 0.248 0.256
0 0.541 0.8226666666666667 0.23 0.27466666666666667
0 0.094 0.07866666666666666 0.188 0.15733333333333333
0 0.301 0.06533333333333333 0.246 0.13066666666666665
0 0.292 0.21333333333333335 0.268 0.17066666666666666
0 0.084 0.21066666666666667 0.168 0.13333333333333333
0 0.084 0.34 0.168 0.136
0 0.292 0.35733333333333334 0.26 0.18133333333333335
0 0.296 0.5 0.256 0.19466666666666665
0 0.089 0.45466666666666666 0.162 0.14666666666666667
0 0.101 0.556 0.154 0.152
0 0.3 0.628 0.252 0.19466666666666665
0 0.304 0.7466666666666667 0.252 0.22933333333333333
0 0.113 0.656 0.158 0.176
