0 0.055 0.252 0.11 0.4026666666666667
0 0.05 0.636 0.1 0.38133333333333336
0 0.05 0.8693333333333333 0.1 0.096
0 0.261 0.24933333333333332 0.314 0.392
0 0.262 0.6293333333333333 0.316 0.368
0 0.258 0.8586666666666667 0.288 0.11733333333333333
0 0.513 0.042666666666666665 0.322 0.08533333333333333
0 0.552 0.24133333333333334 0.284 0.38133333333333336
0 0.553 0.608 0.298 0.35733333333333334
0 0.552 0.8493333333333334 0.264 0.136
0 0.803 0.042666666666666665 0.254 0.08533333333333333
0 0.821 0.244 0.25 0.34933333333333333
0 0.815 0.5826666666666667 0.254 0.328
0 0.795 0.8346666666666667 0.23 0.17066666666666666
