0 0.066 0.058922558922558925 0.132 0.11784511784511785
0 0.449 0.03928170594837262 0.234 0.07856341189674523
0 0.446 0.10998877665544332 0.228 0.08080808080808081
0 0.323 0.2059483726150393 0.214 0.1111111111111111
0 0.604 0.19640852974186307 0.352 0.12794612794612795
0 0.843 0.20202020202020202 0.314 0.09652076318742986
0 0.051 0.17901234567901234 0.102 0.16498316498316498
0 0.044 0.3260381593714927 0.088 0.1447811447811448
0 0.124 0.2991021324354658 0.072 0.012345679012345678
0 0.11 0.3114478114478115 0.044 0.014590347923681257
0 0.16 0.31200897867564537 0.056 0.013468013468013467
0 0.209 0.31200897867564537 0.046 0.013468013468013467
0 0.109 0.32323232323232326 0.042 0.01122334455667789
0 0.115 0.3344556677890011 0.058 0.013468013468013467
0 0.115 0.34736251402918067 0.058 0.014590347923681257
0 0.143 0.3574635241301908 0.114 0.016835016835016835
0 0.223 0.3552188552188552 0.046 0.012345679012345678
0 0.213 0.3434343434343434 0.042 0.01122334455667789
0 0.17 0.3445566778900112 0.052 0.013468013468013467
0 0.17 0.3338945005611672 0.048 0.012345679012345678
0 0.208 0.3333333333333333 0.032 0.01122334455667789
0 0.206 0.32379349046015715 0.036 0.010101010101010102
0 0.17 0.32323232323232326 0.052 0.008978675645342313
0 0.33 0.3114478114478115 0.204 0.10662177328843996
0 0.555 0.31369248035914704 0.246 0.11560044893378227
0 0.833 0.3148148148148148 0.334 0.1335578002244669
0 0.831 0.4382716049382716 0.338 0.1335578002244669
0 0.827 0.5505050505050505 0.346 0.14029180695847362
0 0.824 0.6386083052749719 0.352 0.1122334455667789
0 0.678 0.7098765432098766 0.076 0.052749719416386086
0 0.82 0.8204264870931538 0.36 0.3479236812570146
0 0.813 0.9461279461279462 0.374 0.10774410774410774
0 0.549 0.4219977553310887 0.234 0.11672278338945005
0 0.545 0.5207631874298541 0.222 0.11672278338945005
0 0.538 0.6161616161616161 0.22 0.12570145903479238
0 0.533 0.707631874298541 0.23 0.12682379349046016
0 0.347 0.6762065095398428 0.158 0.12008978675645342
0 0.348 0.5892255892255892 0.164 0.10774410774410774
0 0.347 0.5011223344556678 0.17 0.10886644219977554
0 0.347 0.4102132435465769 0.17 0.10437710437710437
0 0.173 0.4264870931537598 0.182 0.143658810325477
0 0.174 0.5499438832772167 0.184 0.14590347923681257
0 0.178 0.6296296296296297 0.188 0.08754208754208755
0 0.177 0.7306397306397306 0.354 0.1840628507295174
0 0.093 0.8277216610549943 0.186 0.26823793490460157
0 0.043 0.46408529741863075 0.086 0.13804713804713806
0 0.046 0.6094276094276094 0.092 0.16610549943883277
0 0.122 0.9248035914702581 0.244 0.14814814814814814
0 0.384 0.9612794612794613 0.168 0.07519640852974187
0 0.343 0.8703703703703703 0.326 0.2570145903479237
0 0.563 0.8265993265993266 0.158 0.1335578002244669
