0 0.17 0.13343328335832083 0.336 0.2638680659670165
0 0.578 0.13193403298350825 0.524 0.2608695652173913
0 0.895 0.13568215892053972 0.21 0.27136431784107945
0 0.186 0.404047976011994 0.372 0.2983508245877061
0 0.567 0.40554722638680657 0.446 0.2893553223388306
0 0.867 0.41379310344827586 0.266 0.29985007496251875
0 0.203 0.651424287856072 0.394 0.20539730134932535
0 0.196 0.7443778110944528 0.392 0.36731634182908546
0 0.191 0.9407796101949025 0.382 0.1184407796101949
0 0.56 0.6484257871064468 0.36 0.20239880059970014
0 0.565 0.8770614692653673 0.378 0.24587706146926536
0 0.853 0.656671664167916 0.294 0.19490254872563717
0 0.859 0.7586206896551724 0.282 0.017991004497751123
0 0.859 0.8830584707646177 0.282 0.23388305847076463
