0 0.792 0.46326836581709147 0.416 0.191904047976012
0 0.796 0.2631184407796102 0.408 0.21739130434782608
0 0.806 0.08545727136431784 0.388 0.17091454272863568
0 0.309 0.0937031484257871 0.618 0.1874062968515742
0 0.296 0.2886056971514243 0.592 0.22338830584707647
0 0.299 0.49775112443778113 0.566 0.20389805097451275
0 0.787 0.6424287856071964 0.426 0.17541229385307347
0 0.795 0.800599700149925 0.41 0.1619190404797601
0 0.803 0.9325337331334332 0.394 0.13493253373313344
0 0.364 0.9482758620689655 0.484 0.10344827586206896
0 0.336 0.843328335832084 0.512 0.1934032983508246
0 0.304 0.6821589205397302 0.544 0.19790104947526238
0 0.067 0.8583208395802099 0.134 0.28335832083958024
