0 0.135 0.11711711711711711 0.27 0.23423423423423423
0 0.269 0.11411411411411411 0.034 0.21621621621621623
0 0.374 0.12612612612612611 0.184 0.24024024024024024
0 0.151 0.3738738738738739 0.302 0.34534534534534533
0 0.326 0.3228228228228228 0.148 0.19519519519519518
0 0.349 0.5045045045045045 0.102 0.17417417417417416
0 0.383 0.6756756756756757 0.078 0.2042042042042042
0 0.177 0.6636636636636637 0.354 0.37237237237237236
0 0.193 0.8513513513513513 0.386 0.2972972972972973
0 0.367 0.9654654654654654 0.078 0.06906906906906907
0 0.402 0.8378378378378378 0.06 0.16216216216216217
0 0.408 0.9534534534534534 0.044 0.08708708708708708
0 0.548 0.2912912912912913 0.232 0.18618618618618618
0 0.533 0.46546546546546547 0.25 0.1921921921921922
0 0.531 0.6291291291291291 0.238 0.2012012012012012
0 0.534 0.7867867867867868 0.22 0.2042042042042042
0 0.538 0.9129129129129129 0.212 0.17417417417417416
0 0.7 0.14114114114114115 0.2 0.17417417417417416
0 0.843 0.14264264264264265 0.15 0.17117117117117117
0 0.742 0.3003003003003003 0.164 0.16216216216216217
0 0.733 0.4519519519519519 0.158 0.15915915915915915
0 0.726 0.5975975975975976 0.16 0.16816816816816818
0 0.723 0.7327327327327328 0.154 0.18018018018018017
0 0.718 0.8648648648648649 0.152 0.18618618618618618
0 0.843 0.8063063063063063 0.106 0.15315315315315314
0 0.849 0.6846846846846847 0.106 0.14414414414414414
0 0.855 0.5630630630630631 0.11 0.13513513513513514
0 0.865 0.4339339339339339 0.11 0.13513513513513514
0 0.866 0.2972972972972973 0.104 0.13213213213213212
0 0.941 0.7702702702702703 0.102 0.14114114114114115
0 0.948 0.6576576576576577 0.104 0.13813813813813813
0 0.953 0.5435435435435435 0.094 0.12012012012012012
0 0.957 0.42792792792792794 0.086 0.11711711711711711
0 0.956 0.3033033033033033 0.088 0.13213213213213212
0 0.969 0.21771771771771772 0.062 0.04504504504504504
