0 0.027 0.04133333333333333 0.054 0.08266666666666667
0 0.124 0.07066666666666667 0.164 0.14133333333333334
0 0.298 0.06533333333333333 0.188 0.13066666666666665
0 0.558 0.08266666666666667 0.332 0.16533333333333333
0 0.733 0.08 0.03 0.16
0 0.865 0.1 0.258 0.2
0 0.984 0.104 0.032 0.20266666666666666
0 0.971 0.3453333333333333 0.058 0.28
0 0.843 0.32666666666666666 0.258 0.2853333333333333
0 0.56 0.26266666666666666 0.336 0.25333333333333335
0 0.725 0.252 0.026 0.184
0 0.301 0.21866666666666668 0.19 0.21333333333333335
0 0.537 0.4573333333333333 0.302 0.25333333333333335
0 0.704 0.4186666666666667 0.032 0.16533333333333333
0 0.827 0.5613333333333334 0.234 0.2693333333333333
0 0.961 0.6013333333333334 0.078 0.248
0 0.957 0.8333333333333334 0.086 0.24266666666666667
0 0.822 0.7666666666666667 0.216 0.2693333333333333
0 0.94 0.928 0.12 0.144
0 0.783 0.88 0.214 0.24
0 0.714 0.9893333333333333 0.044 0.021333333333333333
0 0.691 0.82 0.046 0.184
0 0.698 0.5666666666666667 0.04 0.15733333333333333
0 0.539 0.632 0.294 0.2613333333333333
0 0.544 0.7866666666666666 0.284 0.2773333333333333
0 0.54 0.8973333333333333 0.264 0.20533333333333334
0 0.322 0.8266666666666667 0.176 0.18666666666666668
0 0.314 0.7053333333333334 0.184 0.21066666666666667
0 0.166 0.616 0.132 0.176
0 0.175 0.6986666666666667 0.114 0.10133333333333333
0 0.058 0.62 0.116 0.08266666666666667
0 0.055 0.56 0.11 0.17066666666666666
0 0.155 0.49733333333333335 0.138 0.18933333333333333
0 0.048 0.444 0.096 0.16266666666666665
0 0.304 0.5613333333333334 0.176 0.22133333333333333
0 0.3 0.39466666666666667 0.18 0.23466666666666666
0 0.144 0.364 0.148 0.18933333333333333
0 0.135 0.208 0.17 0.192
0 0.043 0.32133333333333336 0.086 0.15733333333333333
0 0.031 0.168 0.062 0.176
