0 0.028089887640449437 0.42045454545454547 0.056179775280898875 0.6227272727272727
0 0.16292134831460675 0.41818181818181815 0.27340823970037453 0.6090909090909091
0 0.09176029962546817 0.07045454545454545 0.1760299625468165 0.12272727272727273
0 0.3857677902621723 0.08863636363636364 0.41198501872659177 0.1590909090909091
0 0.7322097378277154 0.09318181818181819 0.2808988764044944 0.1590909090909091
0 0.9344569288389513 0.08181818181818182 0.13108614232209737 0.13636363636363635
0 0.8164794007490637 0.3840909090909091 0.33707865168539325 0.55
0 0.9906367041198502 0.3840909090909091 0.018726591760299626 0.4681818181818182
0 0.5692883895131086 0.3977272727272727 0.1647940074906367 0.4772727272727273
0 0.3913857677902622 0.40454545454545454 0.2209737827715356 0.5363636363636364
0 0.9831460674157303 0.8022727272727272 0.033707865168539325 0.36818181818181817
0 0.9026217228464419 0.8090909090909091 0.12734082397003746 0.36363636363636365
0 0.6610486891385767 0.8 0.3408239700374532 0.37272727272727274
0 0.398876404494382 0.8181818181818182 0.19101123595505617 0.34545454545454546
0 0.18352059925093633 0.8318181818181818 0.24719101123595505 0.3181818181818182
0 0.031835205992509365 0.8568181818181818 0.06367041198501873 0.2681818181818182
