0 0.347 0.14556962025316456 0.346 0.2911392405063291
0 0.607 0.1468354430379747 0.198 0.2936708860759494
0 0.739 0.4670886075949367 0.246 0.3518987341772152
0 0.751 0.7177215189873418 0.194 0.2
0 0.746 0.8443037974683544 0.18 0.13924050632911392
0 0.544 0.7481012658227848 0.24 0.22025316455696203
0 0.541 0.8683544303797468 0.242 0.09620253164556962
0 0.244 0.7734177215189874 0.356 0.28607594936708863
0 0.224 0.4759493670886076 0.388 0.43037974683544306
0 0.037 0.7417721518987341 0.074 0.3594936708860759
0 0.541 0.479746835443038 0.262 0.3670886075949367
