0 0.686 0.1138328530259366 0.156 0.17579250720461095
0 0.627 0.22910662824207492 0.158 0.17002881844380405
0 0.751 0.2622478386167147 0.09 0.16138328530259366
0 0.466 0.38472622478386165 0.124 0.1642651296829971
0 0.618 0.3746397694524496 0.188 0.19596541786743515
0 0.756 0.3976945244956772 0.092 0.16714697406340057
0 0.281 0.5461095100864554 0.23 0.1988472622478386
0 0.413 0.5590778097982709 0.034 0.1844380403458213
0 0.533 0.5403458213256485 0.21 0.21037463976945245
0 0.696 0.5547550432276657 0.116 0.1873198847262248
0 0.801 0.5605187319884726 0.098 0.1585014409221902
0 0.882 0.5605187319884726 0.068 0.14121037463976946
0 0.945 0.5590778097982709 0.058 0.12680115273775217
0 0.18 0.7348703170028819 0.04 0.19020172910662825
0 0.298 0.7463976945244957 0.208 0.2132564841498559
0 0.412 0.7334293948126801 0.028 0.1930835734870317
0 0.53 0.7492795389048992 0.216 0.21902017291066284
0 0.698 0.7377521613832853 0.12 0.19020172910662825
0 0.808 0.7219020172910663 0.1 0.17579250720461095
0 0.889 0.7046109510086456 0.07 0.1642651296829971
0 0.947 0.6930835734870316 0.058 0.14121037463976946
0 0.177 0.9020172910662824 0.034 0.19596541786743515
0 0.298 0.9135446685878963 0.208 0.16714697406340057
0 0.417 0.9135446685878963 0.03 0.1729106628242075
0 0.54 0.9135446685878963 0.22 0.1729106628242075
0 0.707 0.9034582132564841 0.118 0.1930835734870317
0 0.728 0.984149855907781 0.072 0.025936599423631124
0 0.81 0.8804034582132565 0.096 0.18155619596541786
0 0.89 0.845821325648415 0.072 0.1642651296829971
0 0.952 0.8198847262247838 0.052 0.14697406340057637
0 0.811 0.962536023054755 0.09 0.07492795389048991
0 0.892 0.946685878962536 0.072 0.10662824207492795
0 0.954 0.9322766570605188 0.056 0.13544668587896252
