0 0.2125 0.11796875 0.32083333333333336 0.2359375
0 0.228125 0.33125 0.3020833333333333 0.228125
0 0.5541666666666667 0.34921875 0.3625 0.2546875
0 0.24375 0.50625 0.2875 0.209375
0 0.49583333333333335 0.5453125 0.22916666666666666 0.215625
0 0.26666666666666666 0.6546875 0.2791666666666667 0.190625
0 0.5125 0.7140625 0.2125 0.196875
0 0.5614583333333333 0.12890625 0.40208333333333335 0.2578125
0 0.8052083333333333 0.11171875 0.13125 0.2046875
0 0.7864583333333334 0.36953125 0.36875 0.2984375
0 0.8739583333333333 0.3078125 0.2520833333333333 0.23125
0 0.7552083333333334 0.5703125 0.3229166666666667 0.271875
0 0.9322916666666666 0.46953125 0.10625 0.2109375
0 0.7552083333333334 0.73046875 0.3104166666666667 0.2890625
0 0.9020833333333333 0.565625 0.05416666666666667 0.0625
