0 0.086 0.25066666666666665 0.12 0.3466666666666667
0 0.088 0.5546666666666666 0.124 0.26666666666666666
0 0.085 0.824 0.118 0.26666666666666666
0 0.332 0.12133333333333333 0.384 0.24266666666666667
0 0.333 0.37066666666666664 0.382 0.26666666666666666
0 0.331 0.624 0.382 0.26666666666666666
0 0.331 0.8733333333333333 0.378 0.25333333333333335
0 0.706 0.19466666666666665 0.34 0.336
0 0.704 0.5213333333333333 0.34 0.328
0 0.698 0.8426666666666667 0.332 0.31466666666666665
0 0.975 0.23733333333333334 0.05 0.288
0 0.97 0.5253333333333333 0.06 0.304
0 0.963 0.8173333333333334 0.074 0.32266666666666666
