0 0.5525328330206379 0.85 0.19699812382739212 0.3
0 0.349906191369606 0.8566666666666667 0.21951219512195122 0.2866666666666667
0 0.7223264540337712 0.77 0.150093808630394 0.13333333333333333
0 0.7195121951219512 0.6283333333333333 0.19699812382739212 0.15666666666666668
0 0.7185741088180112 0.475 0.20637898686679174 0.16333333333333333
0 0.7317073170731707 0.25666666666666665 0.22889305816135083 0.3
0 0.5187617260787992 0.47833333333333333 0.19324577861163228 0.16333333333333333
0 0.5272045028142589 0.6283333333333333 0.18386491557223264 0.14333333333333334
0 0.33771106941838647 0.6416666666666667 0.2026266416510319 0.15666666666666668
0 0.3227016885553471 0.49666666666666665 0.20637898686679174 0.16666666666666666
0 0.3058161350844278 0.2833333333333333 0.22889305816135083 0.29333333333333333
0 0.5150093808630394 0.26166666666666666 0.20825515947467166 0.29
0 0.7082551594746717 0.11666666666666667 0.19699812382739212 0.16
0 0.5140712945590994 0.09333333333333334 0.1801125703564728 0.08
0 0.3330206378986867 0.11 0.19699812382739212 0.07333333333333333
0 0.5121951219512195 0.03166666666666667 0.1575984990619137 0.06333333333333334
0 0.6679174484052532 0.02666666666666667 0.1651031894934334 0.05333333333333334
0 0.35553470919324576 0.043333333333333335 0.16322701688555347 0.06
0 0.35834896810506567 0.028333333333333332 0.1575984990619137 0.056666666666666664
