0 0.07973733583489681 0.056666666666666664 0.15947467166979362 0.11333333333333333
0 0.2270168855534709 0.07 0.1275797373358349 0.14
0 0.33583489681050654 0.08166666666666667 0.0975609756097561 0.16333333333333333
0 0.10037523452157598 0.6033333333333334 0.17073170731707318 0.18666666666666668
0 0.01125703564727955 0.5816666666666667 0.01876172607879925 0.16333333333333333
0 0.08161350844277673 0.18833333333333332 0.16322701688555347 0.20333333333333334
0 0.09380863039399624 0.23 0.16885553470919323 0.22
0 0.24390243902439024 0.425 0.1275797373358349 0.17666666666666667
0 0.24671669793621012 0.5966666666666667 0.12570356472795496 0.16
0 0.24202626641651032 0.255 0.12382739212007504 0.20333333333333334
0 0.23076923076923078 0.15666666666666668 0.1275797373358349 0.08
0 0.3424015009380863 0.195 0.09568480300187618 0.09666666666666666
0 0.350844277673546 0.295 0.09380863039399624 0.17666666666666667
0 0.35834896810506567 0.44666666666666666 0.0975609756097561 0.15333333333333332
0 0.424953095684803 0.10333333333333333 0.08067542213883677 0.14666666666666667
0 0.5 0.125 0.07317073170731707 0.13666666666666666
0 0.5694183864915572 0.14666666666666667 0.06566604127579738 0.13333333333333333
0 0.624765478424015 0.16333333333333333 0.0600375234521576 0.11333333333333333
0 0.6697936210131332 0.175 0.04127579737335835 0.10333333333333333
0 0.7129455909943715 0.18666666666666668 0.0525328330206379 0.10666666666666667
0 0.6923076923076923 0.11333333333333333 0.00375234521575985 0.04
0 0.7345215759849906 0.11333333333333333 0.08067542213883677 0.09333333333333334
0 0.7898686679174484 0.12666666666666668 0.0375234521575985 0.09333333333333334
0 0.8236397748592871 0.14166666666666666 0.03377110694183865 0.09
0 0.8555347091932458 0.155 0.0300187617260788 0.07666666666666666
0 0.8855534709193246 0.16666666666666666 0.0300187617260788 0.08
0 0.9127579737335835 0.17666666666666667 0.03189493433395872 0.08
0 0.9427767354596623 0.18833333333333332 0.028142589118198873 0.08333333333333333
0 0.9699812382739212 0.19833333333333333 0.0300187617260788 0.07
0 0.9915572232645403 0.20833333333333334 0.016885553470919325 0.06333333333333334
0 0.7579737335834896 0.20166666666666666 0.04127579737335835 0.08333333333333333
0 0.7954971857410882 0.21 0.0375234521575985 0.08666666666666667
0 0.8292682926829268 0.22 0.0300187617260788 0.08666666666666667
0 0.8564727954971857 0.23166666666666666 0.028142589118198873 0.08333333333333333
0 0.8883677298311444 0.24 0.039399624765478425 0.08
0 0.9174484052532833 0.24833333333333332 0.0300187617260788 0.07666666666666666
0 0.9455909943714822 0.255 0.0300187617260788 0.07666666666666666
0 0.9699812382739212 0.2633333333333333 0.02626641651031895 0.07333333333333333
0 0.9906191369606003 0.27166666666666667 0.01876172607879925 0.06333333333333334
0 0.43151969981238275 0.22166666666666668 0.0825515947467167 0.10333333333333333
0 0.5084427767354597 0.24333333333333335 0.07129455909943715 0.10666666666666667
0 0.5712945590994372 0.2633333333333333 0.058161350844277676 0.11333333333333333
0 0.6275797373358349 0.27 0.054409005628517824 0.10666666666666667
0 0.6782363977485929 0.275 0.05065666041275797 0.09666666666666666
0 0.723264540337711 0.28 0.043151969981238276 0.09333333333333334
0 0.7617260787992496 0.2733333333333333 0.0375234521575985 0.04666666666666667
0 0.797373358348968 0.2816666666666667 0.03377110694183865 0.06333333333333334
0 0.8283302063789869 0.29 0.03189493433395872 0.06666666666666667
0 0.8564727954971857 0.3 0.028142589118198873 0.07333333333333333
0 0.8883677298311444 0.31 0.03564727954971857 0.06666666666666667
0 0.9193245778611632 0.30666666666666664 0.0225140712945591 0.05333333333333334
0 0.9437148217636022 0.31666666666666665 0.0225140712945591 0.05333333333333334
0 0.9681050656660413 0.3283333333333333 0.0225140712945591 0.056666666666666664
0 0.9896810506566605 0.3333333333333333 0.020637898686679174 0.06
0 0.3611632270168856 0.5983333333333334 0.09568480300187618 0.14333333333333334
0 0.44652908067542213 0.46 0.0825515947467167 0.14
0 0.43902439024390244 0.32666666666666666 0.0825515947467167 0.14666666666666667
0 0.5150093808630394 0.3466666666666667 0.07317073170731707 0.13333333333333333
0 0.5825515947467167 0.36666666666666664 0.06566604127579738 0.12666666666666668
0 0.6378986866791745 0.38333333333333336 0.0600375234521576 0.11333333333333333
0 0.6857410881801126 0.395 0.039399624765478425 0.09666666666666666
0 0.7270168855534709 0.41 0.05065666041275797 0.1
0 0.7467166979362101 0.33666666666666667 0.08630393996247655 0.08
0 0.8067542213883677 0.35333333333333333 0.04127579737335835 0.08666666666666667
0 0.8395872420262664 0.3616666666666667 0.03564727954971857 0.08333333333333333
0 0.8686679174484052 0.37333333333333335 0.03377110694183865 0.07333333333333333
0 0.9024390243902439 0.3616666666666667 0.0375234521575985 0.07
0 0.9296435272045028 0.37333333333333335 0.020637898686679174 0.07333333333333333
0 0.9521575984990619 0.375 0.03189493433395872 0.07666666666666666
0 0.9840525328330206 0.39 0.03189493433395872 0.07333333333333333
0 0.450281425891182 0.5966666666666667 0.0825515947467167 0.13333333333333333
0 0.5234521575984991 0.5983333333333334 0.07129455909943715 0.13
0 0.5909943714821764 0.6 0.06378986866791744 0.11333333333333333
0 0.6472795497185742 0.595 0.05628517823639775 0.10333333333333333
0 0.6904315196998124 0.5966666666666667 0.04127579737335835 0.1
0 0.7307692307692307 0.5966666666666667 0.04690431519699812 0.09333333333333334
0 0.773921200750469 0.5983333333333334 0.039399624765478425 0.08333333333333333
0 0.8086303939962477 0.6 0.0375234521575985 0.08666666666666667
0 0.8424015009380863 0.5966666666666667 0.0375234521575985 0.08
0 0.8696060037523452 0.5966666666666667 0.024390243902439025 0.08
0 0.8986866791744841 0.5833333333333334 0.0300187617260788 0.08
0 0.9277673545966229 0.5816666666666667 0.03189493433395872 0.07666666666666666
0 0.9559099437148217 0.58 0.024390243902439025 0.07333333333333333
0 0.9793621013133208 0.5866666666666667 0.02626641651031895 0.06666666666666667
0 0.9943714821763602 0.5866666666666667 0.01125703564727955 0.06666666666666667
0 0.09568480300187618 0.415 0.1726078799249531 0.19
0 0.0075046904315197 0.41333333333333333 0.0150093808630394 0.15333333333333332
0 0.5225140712945591 0.47 0.06941838649155722 0.12666666666666668
0 0.5881801125703565 0.485 0.06191369606003752 0.11666666666666667
0 0.6416510318949343 0.49 0.05628517823639775 0.10666666666666667
0 0.6913696060037523 0.49833333333333335 0.05065666041275797 0.09666666666666666
0 0.7373358348968105 0.5066666666666667 0.04127579737335835 0.09333333333333334
0 0.775797373358349 0.5133333333333333 0.043151969981238276 0.08666666666666667
0 0.8114446529080676 0.5133333333333333 0.03189493433395872 0.08
0 0.8433395872420263 0.5183333333333333 0.03564727954971857 0.08333333333333333
0 0.8714821763602252 0.5183333333333333 0.028142589118198873 0.08333333333333333
0 0.9033771106941839 0.5083333333333333 0.03564727954971857 0.07
0 0.9343339587242027 0.5116666666666667 0.02626641651031895 0.07
0 0.9568480300187617 0.515 0.0300187617260788 0.07
0 0.9821763602251408 0.52 0.024390243902439025 0.06666666666666667
0 0.9962476547842402 0.5216666666666666 0.0075046904315197 0.06333333333333334
0 0.009380863039399626 0.72 0.0150093808630394 0.14666666666666667
0 0.7720450281425891 0.41833333333333333 0.04690431519699812 0.09
0 0.8105065666041276 0.42833333333333334 0.03377110694183865 0.09
0 0.8414634146341463 0.44 0.03564727954971857 0.08
0 0.8705440900562852 0.445 0.02626641651031895 0.09
0 0.9024390243902439 0.43166666666666664 0.03377110694183865 0.07
0 0.9324577861163227 0.43666666666666665 0.02626641651031895 0.07333333333333333
0 0.9577861163227017 0.44666666666666666 0.028142589118198873 0.07333333333333333
0 0.9840525328330206 0.4533333333333333 0.024390243902439025 0.07333333333333333
0 0.9971857410881801 0.46 0.005628517823639775 0.06
0 0.1022514071294559 0.785 0.17073170731707318 0.19666666666666666
0 0.24953095684803 0.765 0.1275797373358349 0.17666666666666667
0 0.35834896810506567 0.7466666666666667 0.0975609756097561 0.15333333333333332
0 0.4474671669793621 0.7283333333333334 0.08442776735459662 0.13666666666666666
0 0.5225140712945591 0.7166666666666667 0.06941838649155722 0.12666666666666668
0 0.5891181988742964 0.7166666666666667 0.075046904315197 0.11333333333333333
0 0.649155722326454 0.7033333333333334 0.05628517823639775 0.10666666666666667
0 0.6913696060037523 0.6933333333333334 0.043151969981238276 0.10666666666666667
0 0.7288930581613509 0.685 0.043151969981238276 0.10333333333333333
0 0.7288930581613509 0.6883333333333334 0.043151969981238276 0.09666666666666666
0 0.7701688555347092 0.6866666666666666 0.043151969981238276 0.08666666666666667
0 0.8086303939962477 0.6816666666666666 0.04127579737335835 0.08333333333333333
0 0.8395872420262664 0.6716666666666666 0.028142589118198873 0.08333333333333333
0 0.8658536585365854 0.6716666666666666 0.03189493433395872 0.08333333333333333
0 0.8977485928705441 0.655 0.03189493433395872 0.07666666666666666
0 0.926829268292683 0.6516666666666666 0.0300187617260788 0.07666666666666666
0 0.9521575984990619 0.6533333333333333 0.03189493433395872 0.07333333333333333
0 0.9774859287054409 0.6516666666666666 0.02626641651031895 0.056666666666666664
0 0.9943714821763602 0.655 0.01125703564727955 0.06333333333333334
0 0.008442776735459663 0.8066666666666666 0.016885553470919325 0.03333333333333333
0 0.10600375234521577 0.9233333333333333 0.17823639774859287 0.15333333333333332
0 0.2570356472795497 0.9133333333333333 0.12382739212007504 0.17333333333333334
0 0.36585365853658536 0.8933333333333333 0.09380863039399624 0.18
0 0.4530956848030019 0.8666666666666667 0.07692307692307693 0.15333333333333332
0 0.5272045028142589 0.8416666666666667 0.07129455909943715 0.13
0 0.5900562851782364 0.825 0.06191369606003752 0.13
0 0.6444652908067542 0.81 0.05065666041275797 0.09333333333333334
0 0.6876172607879925 0.7933333333333333 0.039399624765478425 0.10666666666666667
0 0.7288930581613509 0.78 0.043151969981238276 0.1
0 0.7701688555347092 0.7716666666666666 0.043151969981238276 0.09666666666666666
0 0.8067542213883677 0.76 0.04127579737335835 0.08666666666666667
0 0.8330206378986866 0.7566666666666667 0.0375234521575985 0.08666666666666667
0 0.8611632270168855 0.7433333333333333 0.0375234521575985 0.07333333333333333
0 0.8977485928705441 0.73 0.03564727954971857 0.08
0 0.924953095684803 0.725 0.0300187617260788 0.07666666666666666
0 0.9512195121951219 0.72 0.0300187617260788 0.08
0 0.974671669793621 0.7116666666666667 0.028142589118198873 0.06333333333333334
0 0.9934333958724203 0.7133333333333334 0.013133208255159476 0.06
0 0.36679174484052535 0.9716666666666667 0.09568480300187618 0.056666666666666664
0 0.4540337711069418 0.955 0.07879924953095685 0.08333333333333333
0 0.5262664165103189 0.9416666666666667 0.06566604127579738 0.11666666666666667
0 0.5863039399624765 0.93 0.058161350844277676 0.13333333333333333
0 0.6397748592870544 0.91 0.05628517823639775 0.12666666666666668
0 0.6857410881801126 0.89 0.043151969981238276 0.12
0 0.7270168855534709 0.875 0.043151969981238276 0.10333333333333333
0 0.7654784240150094 0.8566666666666667 0.0375234521575985 0.1
0 0.799249530956848 0.8483333333333334 0.03377110694183865 0.09666666666666666
0 0.8292682926829268 0.8283333333333334 0.03377110694183865 0.09
0 0.8611632270168855 0.8183333333333334 0.03377110694183865 0.09
0 0.8921200750469043 0.8083333333333333 0.03564727954971857 0.09
0 0.9202626641651032 0.795 0.03189493433395872 0.07666666666666666
0 0.9474671669793621 0.7833333333333333 0.0300187617260788 0.08
0 0.974671669793621 0.7783333333333333 0.03189493433395872 0.07
0 0.9915572232645403 0.775 0.016885553470919325 0.06333333333333334
0 0.5872420262664165 0.985 0.04878048780487805 0.023333333333333334
0 0.6378986866791745 0.9716666666666667 0.04878048780487805 0.05
0 0.6838649155722326 0.965 0.043151969981238276 0.07
0 0.726078799249531 0.955 0.04127579737335835 0.09
0 0.7617260787992496 0.9416666666666667 0.0375234521575985 0.09
0 0.7954971857410882 0.9233333333333333 0.0375234521575985 0.08666666666666667
0 0.8292682926829268 0.905 0.03377110694183865 0.08333333333333333
0 0.8602251407129456 0.8966666666666666 0.03189493433395872 0.08
0 0.8902439024390244 0.8783333333333333 0.03189493433395872 0.08333333333333333
0 0.9183864915572233 0.865 0.03189493433395872 0.08333333333333333
0 0.948405253283302 0.8516666666666667 0.03189493433395872 0.07
0 0.9718574108818011 0.84 0.02626641651031895 0.06666666666666667
0 0.9915572232645403 0.83 0.016885553470919325 0.06
0 0.6566604127579737 0.34 0.0975609756097561 0.03333333333333333
