0 0.854 0.12873563218390804 0.2 0.22528735632183908
0 0.854 0.3505747126436782 0.252 0.22298850574712645
0 0.799 0.532183908045977 0.178 0.20919540229885059
0 0.824 0.7149425287356321 0.232 0.23908045977011494
0 0.779 0.8310344827586207 0.158 0.135632183908046
0 0.936 0.860919540229885 0.128 0.07126436781609195
0 0.968 0.771264367816092 0.064 0.2045977011494253
0 0.948 0.5678160919540229 0.104 0.2160919540229885
0 0.658 0.13793103448275862 0.212 0.18850574712643678
0 0.626 0.31494252873563217 0.232 0.19310344827586207
0 0.63 0.4781609195402299 0.184 0.1839080459770115
0 0.613 0.6195402298850575 0.21 0.19540229885057472
0 0.622 0.7574712643678161 0.18 0.17701149425287357
0 0.486 0.7091954022988506 0.096 0.1632183908045977
0 0.464 0.5735632183908046 0.096 0.15862068965517243
0 0.495 0.4494252873563218 0.098 0.1632183908045977
0 0.465 0.296551724137931 0.094 0.16091954022988506
0 0.505 0.135632183908046 0.11 0.17011494252873563
0 0.385 0.1367816091954023 0.118 0.15402298850574714
0 0.377 0.2885057471264368 0.086 0.14482758620689656
0 0.378 0.42298850574712643 0.112 0.1471264367816092
0 0.369 0.5459770114942529 0.082 0.14482758620689656
0 0.382 0.6666666666666666 0.104 0.15632183908045977
0 0.26 0.6160919540229886 0.084 0.13793103448275862
0 0.268 0.5080459770114942 0.064 0.13333333333333333
0 0.259 0.39080459770114945 0.098 0.1425287356321839
0 0.269 0.27241379310344827 0.07 0.135632183908046
0 0.264 0.14022988505747128 0.128 0.13333333333333333
0 0.169 0.13793103448275862 0.07 0.12413793103448276
0 0.199 0.2620689655172414 0.062 0.12413793103448276
0 0.179 0.3735632183908046 0.062 0.12183908045977011
0 0.197 0.4862068965517241 0.062 0.12183908045977011
0 0.185 0.5816091954022988 0.062 0.12413793103448276
0 0.128 0.5597701149425287 0.056 0.11264367816091954
0 0.134 0.46436781609195404 0.068 0.11954022988505747
0 0.118 0.36091954022988504 0.056 0.1103448275862069
0 0.122 0.25517241379310346 0.076 0.11494252873563218
0 0.073 0.13908045977011493 0.134 0.11724137931034483
0 0.049 0.24597701149425288 0.07 0.1103448275862069
0 0.054 0.3448275862068966 0.052 0.10574712643678161
0 0.052 0.4367816091954023 0.072 0.11494252873563218
0 0.064 0.5310344827586206 0.052 0.10574712643678161
0 0.022 0.5126436781609195 0.044 0.10114942528735632
