0 0.07777777777777778 0.13 0.15555555555555556 0.14666666666666667
0 0.08 0.23666666666666666 0.16 0.12666666666666668
0 0.08444444444444445 0.345 0.1688888888888889 0.11666666666666667
0 0.08666666666666667 0.4483333333333333 0.17333333333333334 0.11
0 0.07777777777777778 0.6566666666666666 0.15555555555555556 0.32
0 0.14666666666666667 0.5516666666666666 0.05333333333333334 0.11
0 0.057777777777777775 0.835 0.11555555555555555 0.19
0 0.24888888888888888 0.22666666666666666 0.17777777777777778 0.16
0 0.24888888888888888 0.38166666666666665 0.16 0.15
0 0.25333333333333335 0.5283333333333333 0.16 0.15
0 0.2311111111111111 0.7033333333333334 0.21333333333333335 0.2
0 0.21333333333333335 0.885 0.18666666666666668 0.17
0 0.4177777777777778 0.23 0.16 0.16666666666666666
0 0.41333333333333333 0.38666666666666666 0.16 0.15333333333333332
0 0.4088888888888889 0.5366666666666666 0.1511111111111111 0.14
0 0.39555555555555555 0.7066666666666667 0.17777777777777778 0.2
0 0.3977777777777778 0.8866666666666667 0.18222222222222223 0.17333333333333334
0 0.5755555555555556 0.23166666666666666 0.17333333333333334 0.17
0 0.5666666666666667 0.3883333333333333 0.16444444444444445 0.15
0 0.5666666666666667 0.5516666666666666 0.19111111111111112 0.17666666666666667
0 0.5777777777777777 0.72 0.18666666666666668 0.18
0 0.5777777777777777 0.895 0.18666666666666668 0.17
0 0.7488888888888889 0.23 0.17333333333333334 0.16666666666666666
0 0.7422222222222222 0.3883333333333333 0.17777777777777778 0.15666666666666668
0 0.7377777777777778 0.54 0.16 0.15333333333333332
0 0.7666666666666667 0.72 0.21777777777777776 0.20666666666666667
0 0.7688888888888888 0.9066666666666666 0.19555555555555557 0.16666666666666666
0 0.9155555555555556 0.23333333333333334 0.1688888888888889 0.16
0 0.9066666666666666 0.39 0.18666666666666668 0.15333333333333332
0 0.8977777777777778 0.5416666666666666 0.18666666666666668 0.15
0 0.9066666666666666 0.72 0.18666666666666668 0.21333333333333335
0 0.9244444444444444 0.9066666666666666 0.1511111111111111 0.16666666666666666
