0 0.103 0.2727784026996625 0.206 0.18335208098987626
0 0.24 0.26209223847019125 0.124 0.1529808773903262
0 0.422 0.26209223847019125 0.264 0.18222722159730034
0 0.702 0.25871766029246346 0.172 0.07874015748031496
0 0.88 0.16816647919010125 0.24 0.09561304836895389
0 0.864 0.1203599550056243 0.152 0.02249718785151856
0 0.895 0.25984251968503935 0.21 0.08998875140607424
0 0.114 0.43082114735658045 0.228 0.18672665916760406
0 0.315 0.42575928008998876 0.302 0.1856017997750281
0 0.611 0.42238470191226096 0.298 0.1923509561304837
0 0.631 0.3228346456692913 0.15 0.015748031496062992
0 0.722 0.3065241844769404 0.24 0.01687289088863892
0 0.858 0.41901012373453317 0.284 0.19910011248593926
0 0.849 0.3155230596175478 0.278 0.021372328458942633
0 0.07 0.5922384701912261 0.14 0.140607424071991
0 0.231 0.5911136107986502 0.23 0.14510686164229472
0 0.436 0.5888638920134983 0.22 0.14510686164229472
0 0.649 0.5883014623172104 0.214 0.14173228346456693
0 0.905 0.5911136107986502 0.19 0.14285714285714285
0 0.121 0.7249718785151856 0.242 0.12710911136107986
0 0.356 0.7266591676040495 0.276 0.1327334083239595
0 0.624 0.7260967379077615 0.272 0.1361079865016873
0 0.876 0.7064116985376828 0.248 0.16647919010123735
