0 0.174375 0.15568181818181817 0.34875 0.3104545454545455
0 0.5039583333333333 0.1618181818181818 0.3270833333333333 0.32272727272727275
0 0.8254166666666667 0.17068181818181816 0.3408333333333334 0.3413636363636363
0 0.7516666666666667 0.4365909090909091 0.455 0.3413636363636363
0 0.258125 0.4304545454545455 0.47291666666666665 0.29545454545454547
0 0.22125 0.6790909090909091 0.2983333333333334 0.23272727272727273
0 0.49875 0.6311363636363636 0.2716666666666667 0.3395454545454545
0 0.7808333333333334 0.705 0.3 0.2318181818181818
0 0.7097916666666666 0.8952272727272726 0.38958333333333334 0.19863636363636372
0 0.30604166666666666 0.860909090909091 0.40125 0.24000000000000005
0 0.06659411276948589 0.8528380823156941 0.13215174129353233 0.2583672546359113
0 0.048497732426303855 0.6466450216450216 0.09495464852607709 0.2883426097711812
