0 0.182 0.224 0.356 0.30933333333333335
0 0.18 0.472 0.36 0.23466666666666666
0 0.174 0.692 0.348 0.2
0 0.164 0.848 0.328 0.13333333333333333
0 0.473 0.216 0.306 0.304
0 0.485 0.436 0.262 0.17866666666666667
0 0.47 0.5973333333333334 0.252 0.14933333333333335
0 0.457 0.7386666666666667 0.246 0.14933333333333335
0 0.44 0.856 0.24 0.11733333333333333
0 0.798 0.244 0.404 0.22133333333333333
0 0.793 0.476 0.414 0.328
0 0.747 0.7733333333333333 0.402 0.2773333333333333
0 0.946 0.7506666666666667 0.108 0.23733333333333334
0 0.582 0.07333333333333333 0.34 0.14666666666666667
0 0.868 0.11333333333333333 0.264 0.2
