0 0.278 0.7286356821589205 0.232 0.1199400299850075
0 0.503 0.7301349325337332 0.23 0.1199400299850075
0 0.736 0.732383808095952 0.232 0.12443778110944528
0 0.739 0.6131934032983508 0.238 0.13193403298350825
0 0.504 0.6064467766116941 0.228 0.12743628185907047
0 0.27 0.603448275862069 0.24 0.12743628185907047
0 0.265 0.47976011994003 0.242 0.13193403298350825
0 0.5 0.48200899550224885 0.232 0.12743628185907047
0 0.737 0.4827586206896552 0.242 0.13193403298350825
0 0.631 0.31709145427286356 0.242 0.19940029985007496
0 0.278 0.3335832083958021 0.28 0.1664167916041979
0 0.635 0.22038980509745126 0.082 0.12893553223388307
