0 0.133 0.11711711711711711 0.218 0.21621621621621623
0 0.341 0.13063063063063063 0.21 0.22522522522522523
0 0.538 0.15465465465465467 0.188 0.22522522522522523
0 0.722 0.16816816816816818 0.18 0.21021021021021022
0 0.894 0.18768768768768768 0.176 0.2072072072072072
0 0.126 0.34234234234234234 0.22 0.23423423423423423
0 0.339 0.35135135135135137 0.21 0.22822822822822822
0 0.542 0.36486486486486486 0.192 0.21921921921921922
0 0.73 0.37537537537537535 0.188 0.21021021021021022
0 0.909 0.3843843843843844 0.182 0.21021021021021022
0 0.124 0.5825825825825826 0.236 0.24624624624624625
0 0.345 0.581081081081081 0.214 0.23123123123123124
0 0.553 0.5840840840840841 0.194 0.21921921921921922
0 0.746 0.5840840840840841 0.188 0.21921921921921922
0 0.916 0.5870870870870871 0.168 0.2132132132132132
0 0.118 0.8348348348348348 0.236 0.25825825825825827
0 0.344 0.8288288288288288 0.216 0.25225225225225223
0 0.557 0.8198198198198198 0.206 0.24024024024024024
0 0.755 0.8168168168168168 0.19 0.22822822822822822
0 0.923 0.8123123123123123 0.154 0.21921921921921922
