0 0.521 0.27961019490254874 0.286 0.17541229385307347
0 0.731 0.29160419790104947 0.15 0.15442278860569716
0 0.847 0.30359820089955025 0.118 0.136431784107946
0 0.342 0.280359820089955 0.072 0.15592203898050974
0 0.28 0.2811094452773613 0.052 0.136431784107946
0 0.229 0.2848575712143928 0.054 0.1199400299850075
0 0.223 0.39655172413793105 0.042 0.10944527736131934
0 0.261 0.40554722638680657 0.05 0.12143928035982009
0 0.318 0.41829085457271364 0.072 0.1409295352323838
0 0.477 0.4407796101949025 0.25 0.16491754122938532
0 0.663 0.43928035982008995 0.142 0.14392803598200898
0 0.805 0.4370314842578711 0.178 0.136431784107946
0 0.237 0.5082458770614693 0.062 0.12593703148425786
0 0.291 0.5292353823088456 0.054 0.12893553223388307
0 0.346 0.5539730134932533 0.06 0.13943028485757122
0 0.506 0.5832083958020989 0.272 0.16491754122938532
0 0.695 0.5712143928035982 0.13 0.13493253373313344
0 0.803 0.5622188905547226 0.122 0.12293853073463268
0 0.236 0.5997001499250375 0.04 0.10494752623688156
0 0.281 0.6296851574212894 0.046 0.10794602698650675
0 0.318 0.658920539730135 0.044 0.12443778110944528
0 0.444 0.7083958020989505 0.232 0.1934032983508246
0 0.621 0.7053973013493253 0.138 0.1454272863568216
0 0.752 0.6821589205397302 0.16 0.13793103448275862
0 0.247 0.6941529235382309 0.058 0.12593703148425786
0 0.291 0.7353823088455772 0.038 0.12143928035982009
0 0.455 0.8148425787106447 0.29 0.2143928035982009
0 0.654 0.8058470764617691 0.124 0.12743628185907047
0 0.759 0.7833583208395802 0.11 0.1184407796101949
0 0.009 0.2938530734632684 0.018 0.06896551724137931
0 0.014 0.36431784107946025 0.028 0.06896551724137931
0 0.018 0.43553223388305845 0.036 0.0704647676161919
0 0.019 0.5052473763118441 0.038 0.07496251874062969
0 0.051 0.3058470764617691 0.062 0.050974512743628186
0 0.146 0.3073463268365817 0.092 0.053973013493253376
0 0.16 0.3613193403298351 0.088 0.053973013493253376
0 0.15 0.41679160419790107 0.076 0.053973013493253376
0 0.201 0.41754122938530736 0.018 0.05547226386806597
0 0.161 0.4700149925037481 0.094 0.049475262368815595
0 0.155 0.52023988005997 0.074 0.05997001499250375
0 0.026 0.8733133433283359 0.052 0.09145427286356822
