0 0.707 0.2853333333333333 0.254 0.2826666666666667
0 0.524 0.284 0.108 0.30133333333333334
0 0.416 0.2733333333333333 0.12 0.296
0 0.249 0.25333333333333335 0.258 0.29333333333333333
0 0.229 0.5293333333333333 0.27 0.296
0 0.418 0.556 0.12 0.27466666666666667
0 0.526 0.568 0.112 0.26666666666666666
0 0.722 0.568 0.268 0.2826666666666667
0 0.751 0.828 0.118 0.24266666666666667
0 0.65 0.8293333333333334 0.12 0.2613333333333333
0 0.541 0.824 0.106 0.24533333333333332
0 0.438 0.8133333333333334 0.116 0.25066666666666665
0 0.334 0.7853333333333333 0.104 0.296
0 0.244 0.796 0.128 0.25866666666666666
0 0.152 0.7773333333333333 0.116 0.232
