0 0.206 0.092 0.304 0.184
0 0.061 0.105 0.03 0.17
0 0.457 0.092 0.206 0.184
0 0.076 0.262 0.032 0.156
0 0.218 0.265 0.284 0.202
0 0.459 0.263 0.202 0.166
0 0.219 0.444 0.278 0.224
0 0.449 0.42 0.198 0.172
0 0.231 0.612 0.266 0.212
0 0.454 0.562 0.192 0.176
0 0.241 0.763 0.246 0.214
0 0.459 0.691 0.19 0.186
0 0.646 0.105 0.176 0.158
0 0.731 0.094 0.082 0.156
0 0.727 0.237 0.026 0.134
0 0.639 0.259 0.17 0.15
0 0.626 0.394 0.16 0.152
0 0.627 0.52 0.162 0.156
0 0.626 0.642 0.152 0.16
0 0.716 0.37 0.032 0.14
0 0.712 0.499 0.024 0.126
0 0.709 0.611 0.018 0.118
0 0.866 0.086 0.264 0.172
0 0.864 0.247 0.268 0.17
0 0.862 0.401 0.276 0.178
0 0.859 0.538 0.282 0.188
0 0.853 0.666 0.278 0.208
