0 0.7581967213114754 0.38153846153846155 0.1762295081967213 0.14461538461538462
0 0.8688524590163934 0.44153846153846155 0.20081967213114754 0.08923076923076922
0 0.8637295081967213 0.5284615384615384 0.2028688524590164 0.0876923076923077
0 0.8463114754098361 0.6061538461538462 0.19262295081967212 0.09538461538461539
0 0.9088114754098361 0.7084615384615385 0.1168032786885246 0.10923076923076923
0 0.9088114754098361 0.8192307692307692 0.1168032786885246 0.11538461538461539
0 0.7909836065573771 0.6984615384615385 0.11885245901639344 0.13230769230769232
0 0.7920081967213115 0.8192307692307692 0.1168032786885246 0.11538461538461539
0 0.6762295081967213 0.8207692307692308 0.11475409836065574 0.11846153846153847
0 0.6752049180327869 0.7053846153846154 0.1168032786885246 0.11538461538461539
0 0.6772540983606558 0.5961538461538461 0.11270491803278689 0.10923076923076923
0 0.6782786885245902 0.4869230769230769 0.11885245901639344 0.1123076923076923
0 0.8565573770491803 0.38461538461538464 0.0942622950819672 0.03076923076923077
0 0.8340163934426229 0.3330769230769231 0.13524590163934427 0.07230769230769231
0 0.8319672131147541 0.2623076923076923 0.13114754098360656 0.07538461538461538
0 0.8247950819672131 0.19153846153846155 0.1290983606557377 0.07230769230769231
0 0.7079918032786885 0.19692307692307692 0.10040983606557377 0.07076923076923076
0 0.7049180327868853 0.26692307692307693 0.11065573770491803 0.06923076923076923
0 0.7059426229508197 0.33692307692307694 0.12090163934426229 0.07076923076923076
0 0.5717213114754098 0.39076923076923076 0.14754098360655737 0.08307692307692308
0 0.5737704918032787 0.30846153846153845 0.15163934426229508 0.0876923076923077
0 0.5809426229508197 0.22692307692307692 0.14959016393442623 0.08153846153846153
0 0.6239754098360656 0.15692307692307692 0.14959016393442623 0.08307692307692308
0 0.430327868852459 0.15384615384615385 0.15163934426229508 0.07384615384615385
0 0.430327868852459 0.23076923076923078 0.1557377049180328 0.08307692307692308
0 0.42520491803278687 0.31153846153846154 0.15368852459016394 0.08153846153846153
0 0.42418032786885246 0.3930769230769231 0.14754098360655737 0.08153846153846153
0 0.2827868852459016 0.1523076923076923 0.14754098360655737 0.07384615384615385
0 0.2766393442622951 0.23 0.15163934426229508 0.08153846153846153
0 0.1362704918032787 0.15384615384615385 0.14549180327868852 0.07076923076923076
0 0.12807377049180327 0.22923076923076924 0.14549180327868852 0.08
0 0.27459016393442626 0.31 0.15163934426229508 0.08153846153846153
0 0.12704918032786885 0.31076923076923074 0.14754098360655737 0.08307692307692308
0 0.27459016393442626 0.3930769230769231 0.15163934426229508 0.08461538461538462
0 0.12397540983606557 0.3930769230769231 0.14959016393442623 0.08461538461538462
0 0.5645491803278688 0.4876923076923077 0.1168032786885246 0.11076923076923077
0 0.4487704918032787 0.48923076923076925 0.11475409836065574 0.11076923076923077
0 0.3350409836065574 0.48923076923076925 0.1168032786885246 0.11076923076923077
0 0.2182377049180328 0.49 0.1168032786885246 0.10923076923076923
0 0.10040983606557377 0.49 0.11885245901639344 0.10923076923076923
0 0.5614754098360656 0.5976923076923077 0.11475409836065574 0.10923076923076923
0 0.5614754098360656 0.7069230769230769 0.11475409836065574 0.10923076923076923
0 0.5604508196721312 0.8207692307692308 0.1168032786885246 0.11846153846153847
0 0.4487704918032787 0.5969230769230769 0.11475409836065574 0.11076923076923077
0 0.4456967213114754 0.7076923076923077 0.1168032786885246 0.11076923076923077
0 0.4456967213114754 0.8192307692307692 0.11270491803278689 0.1123076923076923
0 0.33299180327868855 0.5984615384615385 0.1168032786885246 0.1076923076923077
0 0.32991803278688525 0.7069230769230769 0.11475409836065574 0.1123076923076923
0 0.32991803278688525 0.8176923076923077 0.11885245901639344 0.1123076923076923
0 0.2182377049180328 0.6 0.1168032786885246 0.11076923076923077
0 0.1014344262295082 0.5992307692307692 0.1168032786885246 0.10923076923076923
0 0.21721311475409835 0.7092307692307692 0.11475409836065574 0.1076923076923077
0 0.1014344262295082 0.7084615384615385 0.1168032786885246 0.10923076923076923
0 0.2151639344262295 0.8184615384615385 0.11475409836065574 0.11076923076923077
0 0.1014344262295082 0.8184615384615385 0.1168032786885246 0.11076923076923077
