0 0.239 0.2693333333333333 0.218 0.23466666666666666
0 0.226 0.508 0.232 0.264
0 0.221 0.7893333333333333 0.254 0.304
0 0.443 0.2906666666666667 0.194 0.22933333333333333
0 0.448 0.516 0.208 0.25333333333333335
0 0.455 0.7853333333333333 0.226 0.2853333333333333
0 0.625 0.30533333333333335 0.182 0.21066666666666667
0 0.642 0.5226666666666666 0.2 0.24
0 0.663 0.7733333333333333 0.206 0.272
0 0.803 0.5346666666666666 0.166 0.22133333333333333
0 0.776 0.3253333333333333 0.16 0.208
0 0.508 0.5 0.984 1.0
