0 0.913 0.22666666666666666 0.17 0.272
0 0.752 0.22266666666666668 0.172 0.28
0 0.588 0.216 0.172 0.2826666666666667
0 0.414 0.21066666666666667 0.172 0.29333333333333333
0 0.164 0.20133333333333334 0.324 0.30133333333333334
0 0.836 0.488 0.284 0.25066666666666665
0 0.614 0.4866666666666667 0.168 0.25866666666666666
0 0.449 0.4866666666666667 0.166 0.25866666666666666
0 0.274 0.4866666666666667 0.176 0.2693333333333333
0 0.093 0.48133333333333334 0.182 0.28
0 0.876 0.7306666666666667 0.16 0.24
0 0.72 0.736 0.156 0.24
0 0.565 0.7386666666666667 0.158 0.24
0 0.404 0.7426666666666667 0.164 0.248
0 0.165 0.744 0.318 0.25066666666666665
