0 0.7986348122866894 0.4409090909090909 0.31399317406143346 0.4
0 0.8122866894197952 0.7977272727272727 0.27986348122866894 0.33181818181818185
0 0.8327645051194539 0.12954545454545455 0.2935153583617747 0.22272727272727272
0 0.5631399317406144 0.225 0.28668941979522183 0.40454545454545454
0 0.29692832764505117 0.24772727272727274 0.28668941979522183 0.40454545454545454
0 0.5460750853242321 0.5022727272727273 0.19795221843003413 0.16818181818181818
0 0.33276450511945393 0.4818181818181818 0.22184300341296928 0.07272727272727272
0 0.4880546075085324 0.5795454545454546 0.18430034129692832 0.1409090909090909
0 0.3054607508532423 0.5863636363636363 0.18771331058020477 0.13636363636363635
0 0.5716723549488054 0.775 0.2627986348122867 0.37727272727272726
0 0.3122866894197952 0.8159090909090909 0.25597269624573377 0.33181818181818185
0 0.11945392491467577 0.39090909090909093 0.15017064846416384 0.1
0 0.12627986348122866 0.4954545454545455 0.19795221843003413 0.11818181818181818
0 0.11433447098976109 0.5954545454545455 0.2150170648464164 0.11818181818181818
0 0.10068259385665529 0.7113636363636363 0.20136518771331058 0.12272727272727273
0 0.09726962457337884 0.8318181818181818 0.1945392491467577 0.13636363636363635
