0 0.355 0.674 0.318 0.268
0 0.646 0.789 0.276 0.326
0 0.885 0.503 0.23 0.354
0 0.649 0.365 0.258 0.106
0 0.88 0.346 0.24 0.1
0 0.872 0.258 0.256 0.108
0 0.642 0.269 0.236 0.086
0 0.406 0.268 0.236 0.088
0 0.175 0.265 0.254 0.086
0 0.146 0.357 0.276 0.098
0 0.393 0.361 0.254 0.114
0 0.372 0.478 0.288 0.132
0 0.129 0.462 0.258 0.128
0 0.114 0.658 0.228 0.264
0 0.655 0.534 0.286 0.236
0 0.888 0.754 0.224 0.144
0 0.376 0.842 0.252 0.1
0 0.135 0.831 0.27 0.11
0 0.173 0.934 0.262 0.104
0 0.399 0.931 0.218 0.082
0 0.873 0.91 0.254 0.18
0 0.636 0.975 0.228 0.05
