0 0.212 0.12933333333333333 0.424 0.25866666666666666
0 0.017 0.13333333333333333 0.034 0.256
0 0.171 0.384 0.294 0.288
0 0.024 0.36133333333333334 0.048 0.20533333333333334
0 0.426 0.3426666666666667 0.264 0.2693333333333333
0 0.012 0.48133333333333334 0.024 0.14133333333333334
0 0.027 0.49733333333333335 0.046 0.168
0 0.07 0.54 0.076 0.184
0 0.111 0.5786666666666667 0.058 0.18666666666666668
0 0.288 0.596 0.34 0.30666666666666664
0 0.035 0.608 0.07 0.14933333333333335
0 0.09 0.6733333333333333 0.076 0.184
0 0.231 0.776 0.246 0.2986666666666667
0 0.042 0.668 0.024 0.11466666666666667
0 0.053 0.6866666666666666 0.046 0.152
0 0.108 0.7906666666666666 0.076 0.216
0 0.158 0.8693333333333333 0.064 0.21333333333333335
0 0.302 0.8893333333333333 0.348 0.22133333333333333
0 0.476 0.9306666666666666 0.204 0.13866666666666666
0 0.476 0.112 0.14 0.224
0 0.504 0.512 0.116 0.21866666666666668
0 0.456 0.7066666666666667 0.232 0.26666666666666666
0 0.52 0.82 0.108 0.18933333333333333
0 0.625 0.10666666666666667 0.182 0.21333333333333335
0 0.603 0.304 0.118 0.20266666666666666
0 0.652 0.468 0.188 0.22133333333333333
0 0.618 0.6386666666666667 0.112 0.19466666666666665
0 0.738 0.5853333333333334 0.132 0.19466666666666665
0 0.651 0.752 0.162 0.208
0 0.613 0.8946666666666667 0.082 0.16266666666666665
0 0.763 0.104 0.098 0.18133333333333335
0 0.737 0.2813333333333333 0.154 0.2
0 0.776 0.424 0.076 0.18133333333333335
0 0.76 0.6866666666666666 0.068 0.14666666666666667
0 0.72 0.8226666666666667 0.144 0.2
0 0.877 0.09466666666666666 0.142 0.17333333333333334
0 0.854 0.26 0.092 0.15733333333333333
0 0.872 0.3973333333333333 0.132 0.176
0 0.842 0.532 0.076 0.14666666666666667
0 0.853 0.6453333333333333 0.126 0.16
0 0.827 0.7626666666666667 0.078 0.13866666666666666
0 0.91 0.7173333333333334 0.1 0.17066666666666666
0 0.939 0.6013333333333334 0.062 0.13066666666666665
0 0.938 0.017333333333333333 0.124 0.034666666666666665
0 0.965 0.10533333333333333 0.054 0.14133333333333334
0 0.991 0.10533333333333333 0.018 0.14133333333333334
0 0.934 0.252 0.096 0.152
0 0.984 0.23866666666666667 0.028 0.13066666666666665
0 0.957 0.372 0.058 0.14133333333333334
0 0.989 0.36933333333333335 0.022 0.13066666666666665
0 0.929 0.5026666666666667 0.114 0.15733333333333333
0 0.988 0.488 0.024 0.11733333333333333
0 0.981 0.5893333333333334 0.034 0.10666666666666667
0 0.974 0.6893333333333334 0.048 0.10933333333333334
