0 0.19333333333333333 0.22666666666666666 0.38666666666666666 0.26666666666666666
0 0.19 0.49666666666666665 0.38 0.26
0 0.19 0.76 0.38 0.28
0 0.19333333333333333 0.9366666666666666 0.38666666666666666 0.12666666666666668
0 0.9333333333333333 0.8066666666666666 0.13333333333333333 0.38666666666666666
0 0.94 0.42 0.12 0.38666666666666666
0 0.63 0.20666666666666667 0.4866666666666667 0.29333333333333333
0 0.6233333333333333 0.49666666666666665 0.4866666666666667 0.2866666666666667
0 0.6233333333333333 0.79 0.47333333333333333 0.3
0 0.6133333333333333 0.9533333333333334 0.48 0.09333333333333334
