0 0.3035947712418301 0.16339869281045752 0.31960784313725493 0.25918413342348434
0 0.29640522875816994 0.03405160165015532 0.307843137254902 0.06810320330031064
0 0.07483660130718954 0.04458555036207386 0.14967320261437908 0.08819119851838786
0 0.09052287581699346 0.18397663913141468 0.18104575163398692 0.2258674584276489
0 0.09607843137254903 0.3877962979294666 0.19084967320261437 0.1856914679914944
0 0.31209150326797386 0.3939206867154658 0.30392156862745096 0.21557848526717033
0 0.11372549019607844 0.5649136216205622 0.2261437908496732 0.17834220144829546
0 0.14019607843137255 0.7283123144310197 0.22026143790849673 0.18765127240301419
0 0.15718954248366013 0.8743177430892396 0.20980392156862746 0.18079195696269518
0 0.3758169934640523 0.9100841735994746 0.26013071895424833 0.17589244593389575
0 0.3656862745098039 0.7679983537642943 0.26209150326797387 0.21116892534125103
0 0.3408496732026144 0.5925958589332785 0.2712418300653594 0.20332970769517206
0 0.6604575163398693 0.6075393675711164 0.3928104575163399 0.2753525198185221
0 0.653267973856209 0.39686039333274536 0.41633986928104577 0.25085496467452545
0 0.6656862745098039 0.14208581983518045 0.4398692810457516 0.2841716396703609
0 0.6735294117647058 0.7883313245338115 0.3666666666666667 0.2743726176127622
0 0.6761437908496732 0.9098293990259771 0.3509803921568628 0.17734270119842047
0 0.5980716845878136 0.015852288909308784 0.3039426523297491 0.03062984636713901
0 0.8618709677419355 0.02364409193252836 0.04874551971326173 0.04728818386505672
0 0.9023727598566309 0.1321919685318631 0.04086021505376346 0.2643839370637262
0 0.8830179211469534 0.45299930679821376 0.05376344086021504 0.3793802023719323
0 0.874774193548387 0.7560735761151681 0.04874551971326173 0.35358664753644675
0 0.9482150537634408 0.5825528096166971 0.09956989247311833 0.1602317121009388
0 0.9500071684587813 0.42653673163418293 0.09598566308243733 0.15442278860569716
0 0.9525519713261649 0.28829671185912414 0.08817204301075264 0.11983255683985963
0 0.9581527777777779 0.16322047309678495 0.07969444444444446 0.1285398967183075
