0 0.025328330206378986 0.18333333333333332 0.05065666041275797 0.3
0 0.12664165103189493 0.17666666666666667 0.20825515947467166 0.29333333333333333
0 0.3067542213883677 0.14833333333333334 0.19699812382739212 0.2833333333333333
0 0.4821763602251407 0.135 0.1801125703564728 0.27
0 0.6791744840525328 0.14333333333333334 0.2101313320825516 0.2866666666666667
0 0.8874296435272045 0.14166666666666666 0.22138836772983114 0.2833333333333333
0 0.0450281425891182 0.5166666666666667 0.0900562851782364 0.36666666666666664
0 0.14821763602251406 0.4483333333333333 0.1951219512195122 0.25666666666666665
0 0.31801125703564725 0.41 0.17823639774859287 0.24666666666666667
0 0.48686679174484054 0.42333333333333334 0.17448405253283303 0.31333333333333335
0 0.16885553470919323 0.69 0.18386491557223264 0.23333333333333334
0 0.06285178236397748 0.8483333333333334 0.12570356472795496 0.2966666666666667
0 0.013133208255159476 0.895 0.02626641651031895 0.18333333333333332
0 0.1904315196998124 0.8983333333333333 0.17073170731707318 0.19666666666666666
0 0.33114446529080677 0.6783333333333333 0.17448405253283303 0.29
0 0.49437148217636023 0.715 0.16322701688555347 0.27666666666666667
0 0.3442776735459662 0.91 0.16322701688555347 0.17333333333333334
0 0.4971857410881801 0.925 0.150093808630394 0.15
0 0.6744840525328331 0.4483333333333333 0.20075046904315197 0.33666666666666667
0 0.6669793621013134 0.7283333333333334 0.19324577861163228 0.23666666666666666
0 0.6632270168855535 0.9133333333333333 0.18574108818011256 0.16666666666666666
0 0.8836772983114447 0.33166666666666667 0.22138836772983114 0.09666666666666666
0 0.801125703564728 0.5016666666666667 0.075046904315197 0.24333333333333335
0 0.9099437148217636 0.48333333333333334 0.1801125703564728 0.29333333333333333
0 0.8621013133208255 0.74 0.21200750469043153 0.23333333333333334
0 0.9727954971857411 0.745 0.05065666041275797 0.23
0 0.7804878048780488 0.9233333333333333 0.06378986866791744 0.15333333333333332
0 0.899624765478424 0.9266666666666666 0.19324577861163228 0.14666666666666667
