0 0.013 0.3586666666666667 0.026 0.16266666666666665
0 0.106 0.344 0.204 0.192
0 0.32 0.3333333333333333 0.252 0.19733333333333333
0 0.535 0.34 0.258 0.21066666666666667
0 0.774 0.34933333333333333 0.268 0.23466666666666666
0 0.956 0.3413333333333333 0.088 0.23466666666666666
0 0.953 0.5626666666666666 0.094 0.208
0 0.129 0.5173333333333333 0.194 0.15466666666666667
0 0.318 0.52 0.208 0.17066666666666666
0 0.334 0.6866666666666666 0.2 0.17333333333333334
0 0.149 0.6706666666666666 0.194 0.15733333333333333
0 0.035 0.6613333333333333 0.07 0.13866666666666666
0 0.023 0.5186666666666667 0.046 0.152
0 0.534 0.5346666666666666 0.22 0.184
0 0.539 0.7053333333333334 0.21 0.18933333333333333
0 0.767 0.736 0.246 0.20266666666666666
0 0.77 0.5586666666666666 0.252 0.18933333333333333
0 0.945 0.7586666666666667 0.11 0.2
0 0.166 0.8186666666666667 0.184 0.15466666666666667
0 0.347 0.8346666666666667 0.194 0.16
0 0.077 0.936 0.046 0.12266666666666666
0 0.174 0.944 0.18 0.112
0 0.35 0.948 0.188 0.104
0 0.543 0.9613333333333334 0.202 0.07733333333333334
0 0.543 0.864 0.206 0.176
0 0.764 0.9 0.236 0.184
0 0.759 0.9813333333333333 0.226 0.037333333333333336
0 0.94 0.9226666666666666 0.12 0.15466666666666667
