0 0.135 0.06666666666666667 0.222 0.13333333333333333
0 0.366 0.06666666666666667 0.22 0.13333333333333333
0 0.593 0.07466666666666667 0.238 0.14933333333333335
0 0.816 0.084 0.224 0.168
0 0.135 0.288 0.222 0.30933333333333335
0 0.367 0.28933333333333333 0.222 0.328
0 0.594 0.2946666666666667 0.224 0.31733333333333336
0 0.809 0.30266666666666664 0.222 0.30666666666666664
0 0.132 0.5893333333333334 0.216 0.29333333333333333
0 0.353 0.592 0.214 0.29333333333333333
0 0.58 0.5933333333333334 0.216 0.2906666666666667
0 0.789 0.5893333333333334 0.222 0.2986666666666667
0 0.145 0.8666666666666667 0.218 0.26666666666666666
0 0.36 0.864 0.208 0.272
0 0.574 0.8666666666666667 0.208 0.26666666666666666
0 0.774 0.8666666666666667 0.216 0.26666666666666666
0 0.939 0.8693333333333333 0.122 0.2613333333333333
0 0.949 0.628 0.102 0.34933333333333333
0 0.959 0.3 0.082 0.33866666666666667
0 0.961 0.08 0.078 0.16
