0 0.929 0.6644204851752021 0.09 0.4609164420485175
0 0.858 0.6617250673854448 0.084 0.4555256064690027
0 0.788 0.660377358490566 0.08 0.4528301886792453
0 0.65 0.6644204851752021 0.072 0.4501347708894879
0 0.56 0.7048517520215634 0.152 0.49865229110512127
0 0.38 0.6940700808625337 0.22 0.444743935309973
0 0.381 0.2668463611859838 0.21 0.4366576819407008
0 0.552 0.23045822102425875 0.16 0.4609164420485175
0 0.88 0.21293800539083557 0.144 0.42587601078167114
0 0.817 0.215633423180593 0.134 0.431266846361186
0 0.76 0.2169811320754717 0.104 0.4339622641509434
0 0.703 0.2183288409703504 0.086 0.4366576819407008
0 0.648 0.2196765498652291 0.072 0.4393530997304582
0 0.216 0.3463611859838275 0.128 0.3423180592991914
0 0.207 0.6967654986522911 0.146 0.3584905660377358
0 0.083 0.3477088948787062 0.166 0.33962264150943394
0 0.075 0.692722371967655 0.15 0.3611859838274933
