0 0.707 0.156 0.246 0.168
0 0.809 0.4146666666666667 0.174 0.3333333333333333
0 0.638 0.4053333333333333 0.168 0.3413333333333333
0 0.826 0.768 0.184 0.368
0 0.475 0.416 0.162 0.336
0 0.462 0.768 0.176 0.37866666666666665
0 0.286 0.7826666666666666 0.18 0.38666666666666666
0 0.1 0.7906666666666666 0.2 0.38666666666666666
0 0.311 0.424 0.166 0.3253333333333333
0 0.149 0.42933333333333334 0.174 0.336
0 0.465 0.132 0.246 0.216
0 0.221 0.164 0.238 0.19466666666666665
0 0.6431937984496123 0.7772609819121448 0.19379844961240314 0.38863049095607227
