0 0.938 0.28620689655172415 0.124 0.15402298850574714
0 0.936 0.4379310344827586 0.128 0.14942528735632185
0 0.937 0.5873563218390805 0.126 0.15402298850574714
0 0.938 0.7333333333333333 0.124 0.15172413793103448
0 0.939 0.8758620689655172 0.122 0.16091954022988506
0 0.783 0.2908045977011494 0.186 0.17701149425287357
0 0.785 0.43908045977011495 0.186 0.15632183908045977
0 0.784 0.593103448275862 0.188 0.16091954022988506
0 0.787 0.7367816091954023 0.186 0.1724137931034483
0 0.828 0.8931034482758621 0.104 0.1632183908045977
0 0.692 0.8839080459770114 0.172 0.20919540229885059
0 0.642 0.3114942528735632 0.1 0.14482758620689656
0 0.644 0.45057471264367815 0.1 0.1425287356321839
0 0.636 0.7241379310344828 0.096 0.1425287356321839
0 0.649 0.5850574712643678 0.094 0.14022988505747128
0 0.553 0.7310344827586207 0.106 0.1471264367816092
0 0.554 0.8666666666666667 0.104 0.1471264367816092
0 0.453 0.8804597701149425 0.102 0.15172413793103448
0 0.45 0.7425287356321839 0.108 0.15172413793103448
0 0.335 0.7505747126436781 0.118 0.15862068965517243
0 0.335 0.603448275862069 0.118 0.15402298850574714
0 0.331 0.45632183908045976 0.122 0.15402298850574714
0 0.326 0.30344827586206896 0.12 0.15172413793103448
0 0.44 0.3057471264367816 0.112 0.15172413793103448
0 0.542 0.3057471264367816 0.104 0.1471264367816092
0 0.546 0.4528735632183908 0.1 0.1471264367816092
0 0.442 0.4540229885057471 0.108 0.14942528735632185
0 0.447 0.6022988505747127 0.118 0.15632183908045977
0 0.549 0.5896551724137931 0.106 0.14482758620689656
0 0.339 0.06551724137931035 0.106 0.1310344827586207
0 0.735 0.1735632183908046 0.09 0.14022988505747128
0 0.615 0.16551724137931034 0.154 0.1471264367816092
0 0.824 0.1839080459770115 0.088 0.04597701149425287
0 0.789 0.09885057471264368 0.082 0.12873563218390804
0 0.711 0.067816091954023 0.082 0.08045977011494253
0 0.627 0.06091954022988506 0.09 0.08045977011494253
0 0.536 0.07586206896551724 0.092 0.13333333333333333
0 0.495 0.18620689655172415 0.086 0.09195402298850575
0 0.441 0.07011494252873564 0.098 0.14022988505747128
0 0.399 0.18160919540229886 0.094 0.10114942528735632
0 0.3 0.18275862068965518 0.104 0.12183908045977011
0 0.36 0.906896551724138 0.148 0.18620689655172415
0 0.194 0.32068965517241377 0.06 0.1310344827586207
0 0.137 0.31839080459770114 0.058 0.135632183908046
0 0.074 0.31264367816091954 0.064 0.13793103448275862
0 0.024 0.31264367816091954 0.048 0.13793103448275862
0 0.027 0.4459770114942529 0.054 0.13793103448275862
0 0.08 0.4471264367816092 0.064 0.1310344827586207
0 0.166 0.4160919540229885 0.12 0.06436781609195402
0 0.171 0.4781609195402299 0.118 0.06436781609195402
0 0.024 0.5793103448275863 0.048 0.13333333333333333
0 0.076 0.5793103448275863 0.064 0.13333333333333333
0 0.135 0.5781609195402299 0.066 0.135632183908046
0 0.194 0.5724137931034483 0.06 0.12873563218390804
0 0.028 0.7114942528735633 0.056 0.12643678160919541
0 0.085 0.696551724137931 0.062 0.10574712643678161
0 0.167 0.7609195402298851 0.21 0.23448275862068965
0 0.146 0.6620689655172414 0.06 0.041379310344827586
0 0.024 0.9126436781609195 0.048 0.17011494252873563
0 0.082 0.8816091954022989 0.068 0.18160919540229886
0 0.198 0.9252873563218391 0.16 0.14942528735632185
