0 0.20096551724137932 0.8541990266128197 0.3889655172413793 0.28859894377135753
0 0.5213103448275863 0.9510199855027442 0.30137931034482757 0.09495702599150867
0 0.4830344827586207 0.6695143419281351 0.2634482758620688 0.12840426633530083
0 0.7292413793103448 0.669514341928135 0.2620689655172414 0.12426219322771047
0 0.5223448275862069 0.8191467329398364 0.25655172413793115 0.17500258879569236
0 0.7651034482758621 0.8129336232784509 0.2924137931034484 0.16671844258051147
0 0.8085517241379311 0.9458423941182562 0.30758620689655186 0.10531220876048467
0 0.9112068965517242 0.6969555762659211 0.17358620689655163 0.17914466190328251
0 0.9443103448275862 0.8918918918918919 0.10737931034482745 0.2132132132132132
0 0.475448275862069 0.21647509578544064 0.21793103448275872 0.20192606399502952
0 0.5478620689655174 0.0958372165268717 0.1889655172413793 0.17189603396499947
0 0.4513103448275862 0.5033136584860722 0.21931034482758616 0.12322667495081291
0 0.4533793103448276 0.39354872113492806 0.19586206896551733 0.1025163094128611
0 0.44441379310344836 0.3065651858755307 0.18620689655172418 0.08180594387490939
0 0.6706206896551724 0.5069379724552139 0.2110344827586207 0.11183597390493942
0 0.8699310344827588 0.514186600393497 0.22068965517241373 0.11183597390493942
0 0.8437241379310345 0.41788340064202134 0.20137931034482767 0.09526768147457801
0 0.6568275862068966 0.40804597701149425 0.19724137931034488 0.10872941907424663
0 0.6409655172413794 0.31899140519830177 0.1793103448275863 0.08594801698249974
0 0.8106206896551724 0.3345241793517656 0.18758620689655187 0.08594801698249974
0 0.7816551724137931 0.2610023816920369 0.1710344827586207 0.07559283421352386
0 0.7595862068965518 0.1968002485243865 0.16551724137931045 0.07559283421352386
0 0.7326896551724138 0.1372579476027752 0.15586206896551744 0.06420213316765042
0 0.6326896551724138 0.24805840323081702 0.1489655172413793 0.08077042559801177
0 0.17682758620689656 0.4960650305477891 0.21655172413793106 0.14393704048876466
0 0.055448275862068956 0.49192295744019887 0.1089655172413793 0.15222118670394538
0 0.13427586206896552 0.28533706119913016 0.26855172413793105 0.22781402091746927
0 0.06186206896551727 0.3649166407787098 0.12372413793103454 0.1142176659418039
0 0.2051034482758621 0.378533706119913 0.1931034482758621 0.11597804701252977
0 0.18372413793103454 0.1455420938179559 0.19724137931034488 0.22367194780987884
0 0.04717241379310343 0.11965413689551621 0.09241379310344826 0.1449725587656622
0 0.722344827586207 0.06684270477373926 0.11862068965517256 0.05591798695246971
0 0.7099310344827587 0.023868696282489388 0.11310344827586209 0.04452728590659625
0 0.3864827586206897 0.03525939732836285 0.11172413793103453 0.05902454178316247
0 0.23682758620689656 0.07484208346277312 0.19862068965517243 0.14968416692554623
0 0.40993103448275864 0.10878119498809154 0.10620689655172408 0.056953505229367304
0 0.6306206896551725 0.18385627006316663 0.11724137931034488 0.06627316972144559
0 0.6078275862068966 0.019441855648752202 0.10765517241379326 0.038883711297504404
