0 0.866 0.7866666666666666 0.124 0.13866666666666666
0 0.742 0.808 0.128 0.144
0 0.616 0.828 0.124 0.136
0 0.487 0.8546666666666667 0.134 0.14666666666666667
0 0.135 0.8853333333333333 0.202 0.18666666666666668
0 0.149 0.72 0.202 0.21866666666666668
0 0.114 0.5666666666666667 0.228 0.18933333333333333
0 0.338 0.7386666666666667 0.164 0.15466666666666667
0 0.336 0.8773333333333333 0.16 0.17066666666666666
0 0.491 0.72 0.138 0.14933333333333335
0 0.621 0.7026666666666667 0.122 0.136
0 0.745 0.6746666666666666 0.138 0.13866666666666666
0 0.87 0.6653333333333333 0.12 0.13066666666666665
0 0.872 0.54 0.124 0.12533333333333332
0 0.745 0.5453333333333333 0.134 0.136
0 0.88 0.4106666666666667 0.116 0.128
0 0.895 0.28 0.122 0.13866666666666666
0 0.911 0.14533333333333334 0.122 0.14666666666666667
0 0.773 0.12933333333333333 0.166 0.15733333333333333
0 0.644 0.14933333333333335 0.16 0.176
0 0.486 0.144 0.164 0.192
0 0.304 0.11066666666666666 0.188 0.19466666666666665
0 0.104 0.06666666666666667 0.204 0.128
0 0.122 0.4 0.224 0.176
0 0.109 0.21466666666666667 0.214 0.18933333333333333
0 0.31 0.288 0.188 0.18133333333333335
0 0.333 0.4533333333333333 0.174 0.144
0 0.487 0.30666666666666664 0.146 0.15466666666666667
0 0.776 0.2693333333333333 0.132 0.14933333333333335
0 0.633 0.30666666666666664 0.15 0.16
0 0.758 0.412 0.14 0.136
0 0.626 0.4493333333333333 0.128 0.12533333333333332
0 0.493 0.452 0.142 0.136
0 0.328 0.5933333333333334 0.168 0.17866666666666667
0 0.482 0.5893333333333334 0.136 0.13333333333333333
0 0.614 0.58 0.124 0.13066666666666665
