0 0.879 0.7093333333333334 0.242 0.4266666666666667
0 0.961 0.508 0.078 0.029333333333333333
0 0.957 0.36533333333333334 0.086 0.2613333333333333
0 0.827 0.37333333333333335 0.174 0.2613333333333333
0 0.624 0.268 0.24 0.17866666666666667
0 0.399 0.2826666666666667 0.218 0.17066666666666666
0 0.599 0.4826666666666667 0.322 0.26666666666666666
0 0.298 0.48933333333333334 0.288 0.25333333333333335
0 0.605 0.7493333333333333 0.322 0.272
0 0.303 0.6333333333333333 0.282 0.04533333333333334
0 0.467 0.736 0.154 0.17066666666666666
0 0.468 0.832 0.152 0.18666666666666668
0 0.473 0.9026666666666666 0.146 0.19466666666666665
0 0.368 0.74 0.16 0.17333333333333334
0 0.281 0.732 0.178 0.16266666666666665
0 0.187 0.7293333333333333 0.21 0.16266666666666665
0 0.106 0.7306666666666667 0.212 0.16533333333333333
0 0.142 0.8573333333333333 0.1 0.09333333333333334
0 0.344 0.8706666666666667 0.1 0.09333333333333334
0 0.243 0.86 0.102 0.09866666666666667
0 0.048 0.8533333333333334 0.096 0.096
0 0.346 0.956 0.112 0.088
0 0.242 0.9533333333333334 0.1 0.088
0 0.147 0.948 0.098 0.09333333333333334
0 0.053 0.94 0.094 0.088
