0 0.379 0.8950524737631185 0.262 0.20689655172413793
0 0.123 0.9452773613193404 0.238 0.10944527736131934
0 0.614 0.863568215892054 0.188 0.1679160419790105
0 0.806 0.8770614692653673 0.208 0.1679160419790105
0 0.819 0.7203898050974513 0.214 0.17541229385307347
0 0.616 0.704647676161919 0.196 0.16491754122938532
0 0.846 0.5494752623688156 0.232 0.1874062968515742
0 0.637 0.5397301349325337 0.21 0.18290854572713644
0 0.648 0.35007496251874065 0.216 0.19940029985007496
0 0.875 0.3598200899550225 0.246 0.20089955022488756
0 0.434 0.34332833583208394 0.216 0.20089955022488756
0 0.395 0.5817091454272864 0.286 0.28785607196401797
0 0.374 0.8193403298350824 0.276 0.2143928035982009
0 0.124 0.8050974512743628 0.244 0.20389805097451275
0 0.162 0.568215892053973 0.324 0.27886056971514245
0 0.225 0.3403298350824588 0.206 0.19490254872563717
0 0.794 0.22038980509745126 0.068 0.08995502248875563
0 0.655 0.21139430284857572 0.074 0.07796101949025487
0 0.575 0.22338830584707647 0.09 0.05697151424287856
