0 0.223 0.24324324324324326 0.126 0.3063063063063063
0 0.331 0.23123123123123124 0.126 0.3063063063063063
0 0.44 0.23123123123123124 0.116 0.29429429429429427
0 0.543 0.22072072072072071 0.118 0.3033033033033033
0 0.643 0.2147147147147147 0.134 0.2972972972972973
0 0.746 0.21021021021021022 0.152 0.29429429429429427
0 0.751 0.47297297297297297 0.11 0.22522522522522523
0 0.648 0.4774774774774775 0.096 0.23423423423423423
0 0.546 0.49099099099099097 0.104 0.24324324324324326
0 0.447 0.5 0.106 0.24924924924924924
0 0.346 0.5015015015015015 0.108 0.24024024024024024
0 0.24 0.503003003003003 0.12 0.23723723723723725
0 0.261 0.7297297297297297 0.114 0.21621621621621623
0 0.359 0.7312312312312312 0.114 0.2132132132132132
0 0.457 0.7222222222222222 0.098 0.2072072072072072
0 0.552 0.7147147147147147 0.096 0.21621621621621623
0 0.65 0.7057057057057057 0.1 0.22822822822822822
0 0.753 0.6846846846846847 0.102 0.24624624624624625
0 0.283 0.9174174174174174 0.11 0.16516516516516516
0 0.379 0.9159159159159159 0.102 0.16816816816816818
0 0.471 0.9114114114114115 0.098 0.17717717717717718
0 0.566 0.9039039039039038 0.096 0.1921921921921922
0 0.657 0.9069069069069069 0.09 0.18618618618618618
0 0.752 0.9009009009009009 0.096 0.1921921921921922
