0 0.105 0.0625920471281296 0.21 0.1251840942562592
0 0.318 0.07290132547864507 0.22 0.14580265095729014
0 0.525 0.09499263622974963 0.194 0.18114874815905743
0 0.808 0.12739322533136965 0.38 0.2547864506627393
0 0.283 0.23269513991163476 0.566 0.24447717231222385
0 0.242 0.42488954344624447 0.484 0.187039764359352
0 0.261 0.6097201767304861 0.522 0.19145802650957292
0 0.264 0.7916053019145802 0.528 0.20471281296023564
0 0.257 0.9337260677466863 0.514 0.12960235640648013
0 0.749 0.2812960235640648 0.434 0.20029455081001474
0 0.709 0.43446244477172313 0.454 0.16789396170839468
0 0.759 0.6023564064801178 0.482 0.17673048600883653
0 0.762 0.7761413843888071 0.476 0.17378497790868924
0 0.757 0.9241531664212077 0.486 0.15169366715758467
