0 0.743 0.38455772113943026 0.442 0.24437781109445278
0 0.974 0.3868065967016492 0.052 0.24587706146926536
0 0.729 0.13718140929535233 0.442 0.2653673163418291
0 0.276 0.14842578710644677 0.436 0.2638680659670165
0 0.297 0.39355322338830584 0.45 0.23238380809595202
0 0.043 0.391304347826087 0.086 0.22788605697151423
0 0.035 0.15292353823088456 0.07 0.25487256371814093
0 0.06 0.618440779610195 0.12 0.22638680659670166
0 0.312 0.6214392803598201 0.408 0.22338830584707647
0 0.726 0.6206896551724138 0.444 0.23088455772113944
0 0.966 0.6229385307346327 0.068 0.23238380809595202
0 0.964 0.8455772113943029 0.072 0.22488755622188905
0 0.725 0.8470764617691154 0.41 0.22488755622188905
0 0.321 0.8418290854572713 0.398 0.22038980509745126
0 0.065 0.8380809595202399 0.13 0.2098950524737631
