0 0.348 0.22488755622188905 0.208 0.18590704647676162
0 0.514 0.24662668665667167 0.176 0.16941529235382308
0 0.646 0.25337331334332835 0.16 0.12893553223388307
0 0.762 0.27361319340329837 0.14 0.11544227886056972
0 0.298 0.3800599700149925 0.164 0.16041979010494753
0 0.442 0.39205397301349326 0.16 0.15142428785607195
0 0.275 0.5172413793103449 0.15 0.13793103448275862
0 0.41 0.525487256371814 0.144 0.12743628185907047
0 0.278 0.6431784107946027 0.176 0.12893553223388307
0 0.398 0.6476761619190404 0.096 0.1199400299850075
0 0.804 0.4370314842578711 0.392 0.20839580209895053
0 0.74 0.39655172413793105 0.38 0.16941529235382308
0 0.675 0.37256371814092953 0.35 0.15142428785607195
0 0.524 0.5037481259370314 0.128 0.17991004497751126
0 0.686 0.5779610194902549 0.304 0.20839580209895053
0 0.89 0.6101949025487257 0.22 0.14992503748125938
0 0.483 0.6154422788605697 0.102 0.17841079460269865
0 0.681 0.7076461769115442 0.374 0.21889055472263869
0 0.901 0.7421289355322339 0.162 0.11394302848575712
0 0.453 0.7256371814092953 0.102 0.19790104947526238
0 0.614 0.828335832083958 0.3 0.21139430284857572
0 0.836 0.8575712143928036 0.188 0.1199400299850075
0 0.985 0.5157421289355323 0.03 0.06296851574212893
