0 0.098 0.12443778110944528 0.192 0.14992503748125938
0 0.124 0.272863568215892 0.248 0.15292353823088456
0 0.593 0.09220389805097451 0.81 0.17841079460269865
0 0.589 0.25787106446776614 0.818 0.18590704647676162
0 0.094 0.41829085457271364 0.188 0.1409295352323838
0 0.594 0.4302848575712144 0.812 0.16491754122938532
0 0.094 0.5577211394302849 0.188 0.1469265367316342
0 0.584 0.5749625187406296 0.832 0.1634182908545727
0 0.088 0.6979010494752623 0.176 0.1454272863568216
0 0.587 0.7226386806596702 0.826 0.1679160419790105
0 0.089 0.8380809595202399 0.178 0.1469265367316342
0 0.573 0.8748125937031485 0.838 0.1904047976011994
0 0.079 0.9527736131934033 0.158 0.0944527736131934
0 0.572 0.9662668665667167 0.832 0.06746626686656672
