0 0.945 0.31866666666666665 0.11 0.12
0 0.952 0.44266666666666665 0.096 0.12266666666666666
0 0.955 0.5253333333333333 0.09 0.042666666666666665
0 0.841 0.6306666666666667 0.318 0.22133333333333333
0 0.844 0.824 0.312 0.21333333333333335
0 0.779 0.308 0.234 0.12533333333333332
0 0.79 0.4266666666666667 0.244 0.128
0 0.795 0.5453333333333333 0.242 0.10933333333333334
0 0.54 0.2946666666666667 0.244 0.13066666666666665
0 0.549 0.42 0.25 0.13066666666666665
0 0.553 0.5466666666666666 0.254 0.13333333333333333
0 0.554 0.6773333333333333 0.26 0.13333333333333333
0 0.558 0.816 0.268 0.144
0 0.284 0.27466666666666667 0.264 0.144
0 0.284 0.412 0.272 0.14133333333333334
0 0.283 0.552 0.278 0.13866666666666666
0 0.281 0.6826666666666666 0.286 0.144
0 0.273 0.8266666666666667 0.294 0.176
0 0.075 0.26666666666666666 0.15 0.13866666666666666
0 0.072 0.408 0.144 0.144
0 0.072 0.5506666666666666 0.144 0.14666666666666667
0 0.07 0.696 0.14 0.144
0 0.065 0.8413333333333334 0.13 0.152
