0 0.105 0.03866666666666667 0.21 0.07733333333333334
0 0.102 0.132 0.204 0.18933333333333333
0 0.337 0.096 0.29 0.192
0 0.573 0.021333333333333333 0.174 0.042666666666666665
0 0.63 0.14266666666666666 0.32 0.2853333333333333
0 0.1 0.29333333333333333 0.2 0.19733333333333333
0 0.327 0.312 0.29 0.25066666666666665
0 0.09 0.49866666666666665 0.18 0.23466666666666666
0 0.077 0.74 0.15 0.23733333333333334
0 0.308 0.528 0.328 0.21333333333333335
0 0.07 0.928 0.14 0.144
0 0.306 0.7346666666666667 0.332 0.248
0 0.3 0.9 0.34 0.2
0 0.891 0.12533333333333332 0.218 0.25066666666666665
0 0.64 0.39866666666666667 0.336 0.3333333333333333
0 0.898 0.384 0.204 0.3253333333333333
0 0.643 0.704 0.342 0.3413333333333333
0 0.632 0.9373333333333334 0.336 0.12533333333333332
0 0.904 0.7026666666666667 0.192 0.3333333333333333
0 0.898 0.9333333333333333 0.204 0.13333333333333333
