0 0.175 0.20454545454545456 0.35 0.15454545454545454
0 0.17045454545454544 0.42272727272727273 0.3409090909090909 0.2909090909090909
0 0.16818181818181818 0.6909090909090909 0.33636363636363636 0.2727272727272727
0 0.16590909090909092 0.8409090909090909 0.32272727272727275 0.06363636363636363
0 0.5068181818181818 0.8318181818181818 0.35 0.08181818181818182
0 0.8431818181818181 0.8295454545454546 0.31363636363636366 0.08636363636363636
0 0.8409090909090909 0.6727272727272727 0.3181818181818182 0.23636363636363636
0 0.5113636363636364 0.6795454545454546 0.35 0.25
0 0.8477272727272728 0.4318181818181818 0.30454545454545456 0.24545454545454545
0 0.5181818181818182 0.42045454545454547 0.36363636363636365 0.2681818181818182
0 0.8568181818181818 0.21818181818181817 0.2863636363636364 0.18181818181818182
0 0.5386363636363637 0.2159090909090909 0.35909090909090907 0.17727272727272728
