0 0.08928571428571429 0.10666666666666667 0.17857142857142858 0.18666666666666668
0 0.35267857142857145 0.1 0.41964285714285715 0.2
0 0.15625 0.29333333333333333 0.3125 0.18666666666666668
0 0.45535714285714285 0.2866666666666667 0.2857142857142857 0.21333333333333335
0 0.8035714285714286 0.29 0.39285714285714285 0.23333333333333334
0 0.08482142857142858 0.46 0.16964285714285715 0.16
0 0.2857142857142857 0.47333333333333333 0.25 0.17333333333333334
0 0.5580357142857143 0.48333333333333334 0.3125 0.18
0 0.8526785714285714 0.49333333333333335 0.29464285714285715 0.2
0 0.15625 0.6133333333333333 0.3125 0.17333333333333334
0 0.4375 0.64 0.26785714285714285 0.17333333333333334
0 0.78125 0.6766666666666666 0.4375 0.19333333333333333
0 0.11607142857142858 0.75 0.23214285714285715 0.15333333333333332
0 0.34375 0.7733333333333333 0.22321428571428573 0.16
0 0.5848214285714286 0.81 0.2767857142857143 0.18
0 0.8571428571428571 0.8466666666666667 0.2857142857142857 0.18666666666666668
0 0.16517857142857142 0.8933333333333333 0.33035714285714285 0.17333333333333334
0 0.44642857142857145 0.92 0.26785714285714285 0.16
0 0.78125 0.94 0.4375 0.12
0 0.20535714285714285 0.9566666666666667 0.4107142857142857 0.08666666666666667
