0 0.179 0.19733333333333333 0.142 0.2826666666666667
0 0.317 0.18933333333333333 0.15 0.288
0 0.456 0.18133333333333335 0.152 0.29333333333333333
0 0.149 0.48533333333333334 0.158 0.304
0 0.293 0.48133333333333334 0.162 0.312
0 0.441 0.48133333333333334 0.162 0.312
0 0.134 0.7986666666666666 0.164 0.32266666666666666
0 0.281 0.8 0.162 0.33066666666666666
0 0.433 0.808 0.162 0.3466666666666667
0 0.598 0.18533333333333332 0.152 0.296
0 0.746 0.18266666666666667 0.152 0.2906666666666667
0 0.592 0.49066666666666664 0.156 0.31466666666666665
0 0.748 0.488 0.164 0.32
0 0.586 0.8226666666666667 0.164 0.34933333333333333
0 0.751 0.8226666666666667 0.17 0.3546666666666667
