0 0.08303030303030302 0.05256144506958838 0.15878787878787878 0.10413582074819859
0 0.08363636363636362 0.16854209850952523 0.1612121212121212 0.16730826177080246
0 0.09666666666666665 0.32622643371829035 0.18727272727272726 0.16187938012042244
0 0.09545454545454544 0.4814430954496101 0.18363636363636363 0.16237291481591154
0 0.1006060606060606 0.6336985490079953 0.1927272727272727 0.1549698943835751
0 0.10272727272727272 0.7837330964366793 0.19696969696969693 0.15793110255650966
0 0.1025151515151515 0.9167160201362154 0.201030303030303 0.16331063073734098
0 0.38818181818181813 0.8533214885006415 0.38242424242424244 0.19938801697759354
0 0.3175757575757575 0.7208074227618201 0.26060606060606056 0.154476359688086
0 0.5693939393939393 0.722534794196032 0.24424242424242426 0.1589181719474879
0 0.33484848484848484 0.9744595795084393 0.2345454545454545 0.047823511992893114
0 0.5793939393939394 0.9643667949856873 0.22909090909090907 0.06613364919553848
0 0.7615151515151515 0.8597374395419998 0.36181818181818187 0.17767249037607338
0 0.8212121212121212 0.9611588194650084 0.24 0.07254960023689659
0 0.8125390070921986 0.7204818998775614 0.24539007092198586 0.15651350289925386
0 0.749063829787234 0.5636796266777555 0.37517730496453905 0.16286644951140064
0 0.3699858156028369 0.5657010187816204 0.38581560283687955 0.15997874650587945
0 0.30792907801418445 0.4068773534779495 0.2517730496453901 0.16459907131471344
0 0.5501276595744681 0.4114976782867836 0.2439716312056737 0.16228890891029635
0 0.7947214076246335 0.4095541948857069 0.2592375366568914 0.1638216779542828
0 0.7275659824046921 0.2607773649068174 0.3712609970674487 0.18626954636201246
0 0.3428152492668622 0.2531355373637605 0.392375366568915 0.1843590894762482
0 0.28797653958944286 0.08310487453074403 0.24868035190615836 0.16620974906148805
0 0.5375366568914955 0.08979147363091883 0.25161290322580654 0.16525452061860593
0 0.7853372434017595 0.09385119451316783 0.2580645161290323 0.15713507885410793
0 0.953131054131054 0.10428556845494956 0.0897378917378918 0.17145057861670238
0 0.9532735042735042 0.25682786269105484 0.08945299145299157 0.16286644951140064
0 0.9606809116809116 0.4164648236309474 0.07463817663817668 0.1554052172944681
0 0.9686581196581197 0.5707355438625796 0.05868376068376074 0.15450040368607143
