0 0.309 0.13466666666666666 0.214 0.216
0 0.534 0.148 0.204 0.22133333333333333
0 0.561 0.348 0.142 0.19466666666666665
0 0.426 0.3413333333333333 0.136 0.19733333333333333
0 0.283 0.332 0.146 0.2
0 0.524 0.528 0.192 0.18133333333333335
0 0.319 0.5226666666666666 0.194 0.18133333333333335
0 0.288 0.692 0.132 0.168
0 0.418 0.6853333333333333 0.128 0.18133333333333335
0 0.544 0.6986666666666667 0.132 0.16
0 0.318 0.856 0.184 0.16
0 0.513 0.8573333333333333 0.178 0.15733333333333333
0 0.156 0.6826666666666666 0.132 0.16
0 0.115 0.8733333333333333 0.222 0.22666666666666666
0 0.689 0.8546666666666667 0.182 0.16266666666666665
0 0.866 0.8586666666666667 0.192 0.15466666666666667
0 0.67 0.6706666666666666 0.136 0.20533333333333334
0 0.779 0.6746666666666666 0.166 0.208
0 0.914 0.6733333333333333 0.128 0.216
0 0.66 0.4866666666666667 0.088 0.16266666666666665
0 0.708 0.07733333333333334 0.184 0.096
0 0.714 0.16933333333333334 0.164 0.09866666666666667
0 0.805 0.25066666666666665 0.158 0.06933333333333333
0 0.679 0.24533333333333332 0.098 0.06933333333333333
0 0.663 0.344 0.074 0.128
0 0.747 0.29733333333333334 0.094 0.034666666666666665
0 0.84 0.30266666666666664 0.092 0.04
0 0.94 0.2813333333333333 0.12 0.06133333333333333
0 0.936 0.5026666666666667 0.128 0.10933333333333334
0 0.936 0.6226666666666667 0.128 0.22666666666666666
0 0.975 0.824 0.05 0.17066666666666666
0 0.933 0.39066666666666666 0.134 0.15733333333333333
