0 0.9079545454545455 0.1035031847133758 0.18409090909090908 0.18789808917197454
0 0.9306818181818182 0.27229299363057324 0.13863636363636364 0.16878980891719744
0 0.8988636363636363 0.4251592356687898 0.20227272727272727 0.18152866242038215
0 0.9181818181818182 0.5764331210191083 0.16363636363636364 0.17197452229299362
0 0.884090909090909 0.7070063694267515 0.22272727272727272 0.17197452229299362
0 0.8875 0.8296178343949044 0.16590909090909092 0.14968152866242038
0 0.8579545454545454 0.9299363057324841 0.19772727272727272 0.14012738853503184
0 0.7965909090909091 0.9840764331210191 0.09772727272727273 0.03184713375796178
0 0.7840909090909091 0.25636942675159236 0.16818181818181818 0.16878980891719744
0 0.6647727272727273 0.39331210191082805 0.21136363636363636 0.16878980891719744
0 0.7693181818181818 0.5461783439490446 0.16590909090909092 0.1624203821656051
0 0.740909090909091 0.7977707006369427 0.15 0.1305732484076433
0 0.6556818181818181 0.8885350318471338 0.18863636363636363 0.15286624203821655
0 0.7102272727272727 0.9713375796178344 0.08863636363636364 0.05732484076433121
0 0.6011363636363637 0.9490445859872612 0.125 0.10191082802547771
0 0.6034090909090909 0.7659235668789809 0.13863636363636364 0.13694267515923567
0 0.6397727272727273 0.660828025477707 0.19772727272727272 0.15605095541401273
0 0.6193181818181818 0.5238853503184714 0.14772727272727273 0.1624203821656051
0 0.6988636363636364 0.09235668789808917 0.22045454545454546 0.16560509554140126
0 0.6295454545454545 0.24522292993630573 0.15 0.15286624203821655
0 0.4863636363636364 0.09076433121019108 0.19090909090909092 0.14968152866242038
0 0.4863636363636364 0.2340764331210191 0.13636363636363635 0.15605095541401273
0 0.4681818181818182 0.3678343949044586 0.17727272727272728 0.14968152866242038
0 0.4863636363636364 0.4984076433121019 0.12272727272727273 0.14968152866242038
0 0.4409090909090909 0.606687898089172 0.17272727272727273 0.14331210191082802
0 0.475 0.7245222929936306 0.12727272727272726 0.14331210191082802
0 0.46704545454545454 0.8359872611464968 0.17045454545454544 0.14331210191082802
0 0.47954545454545455 0.9410828025477707 0.11818181818181818 0.1178343949044586
0 0.3977272727272727 0.9044585987261147 0.06363636363636363 0.10828025477707007
0 0.29659090909090907 0.09235668789808917 0.19772727272727272 0.14012738853503184
0 0.3613636363636364 0.22452229299363058 0.12272727272727273 0.12420382165605096
0 0.24659090909090908 0.21656050955414013 0.10681818181818181 0.12101910828025478
0 0.12727272727272726 0.09554140127388536 0.15 0.1337579617834395
0 0.03295454545454545 0.10191082802547771 0.0659090909090909 0.12101910828025478
0 0.14204545454545456 0.21815286624203822 0.10227272727272728 0.12420382165605096
0 0.05 0.21019108280254778 0.1 0.11464968152866242
0 0.29659090909090907 0.32961783439490444 0.16590909090909092 0.1624203821656051
0 0.37272727272727274 0.47929936305732485 0.11363636363636363 0.14331210191082802
0 0.2625 0.4601910828025478 0.10681818181818181 0.12420382165605096
0 0.14431818181818182 0.3328025477707006 0.1431818181818182 0.12420382165605096
0 0.0375 0.31687898089171973 0.075 0.09872611464968153
0 0.16363636363636364 0.445859872611465 0.09090909090909091 0.12738853503184713
0 0.07727272727272727 0.428343949044586 0.1 0.1178343949044586
0 0.019318181818181818 0.4156050955414013 0.038636363636363635 0.09872611464968153
0 0.2818181818181818 0.5732484076433121 0.1409090909090909 0.12738853503184713
0 0.3613636363636364 0.6990445859872612 0.10454545454545454 0.14331210191082802
0 0.30454545454545456 0.7834394904458599 0.14545454545454545 0.14012738853503184
0 0.2590909090909091 0.6735668789808917 0.1 0.12420382165605096
0 0.14886363636363636 0.5429936305732485 0.125 0.1305732484076433
0 0.045454545454545456 0.5191082802547771 0.09090909090909091 0.11464968152866242
0 0.16590909090909092 0.643312101910828 0.09545454545454546 0.12101910828025478
0 0.16818181818181818 0.7420382165605095 0.12727272727272726 0.12101910828025478
0 0.08522727272727272 0.6242038216560509 0.075 0.11464968152866242
0 0.022727272727272728 0.6050955414012739 0.045454545454545456 0.10828025477707007
0 0.05227272727272727 0.7022292993630573 0.10454545454545454 0.11146496815286625
0 0.05 0.7627388535031847 0.1 0.08598726114649681
0 0.125 0.8598726114649682 0.19545454545454546 0.20382165605095542
0 0.26590909090909093 0.9028662420382165 0.20909090909090908 0.1942675159235669
