0 0.1425 0.19367283950617284 0.285 0.1743827160493827
0 0.39 0.07175925925925926 0.30333333333333334 0.14351851851851852
0 0.4175 0.21296296296296297 0.265 0.16049382716049382
0 0.6691666666666667 0.08410493827160494 0.24833333333333332 0.16820987654320987
0 0.89 0.10416666666666667 0.22 0.1527777777777778
0 0.8933333333333333 0.24074074074074073 0.21333333333333335 0.14506172839506173
0 0.6708333333333333 0.22839506172839505 0.245 0.15432098765432098
0 0.14333333333333334 0.3533950617283951 0.2866666666666667 0.16358024691358025
0 0.4225 0.3611111111111111 0.2683333333333333 0.14814814814814814
0 0.6741666666666667 0.36728395061728397 0.235 0.1388888888888889
0 0.8933333333333333 0.37191358024691357 0.21333333333333335 0.12962962962962962
0 0.89 0.4976851851851852 0.22 0.125
0 0.8858333333333334 0.6165123456790124 0.22166666666666668 0.13117283950617284
0 0.6683333333333333 0.5023148148148148 0.23333333333333334 0.13117283950617284
0 0.6666666666666666 0.6280864197530864 0.22333333333333333 0.12654320987654322
0 0.8733333333333333 0.7345679012345679 0.21333333333333335 0.12654320987654322
0 0.8733333333333333 0.8441358024691358 0.19333333333333333 0.12654320987654322
0 0.6608333333333334 0.8626543209876543 0.235 0.12962962962962962
0 0.42083333333333334 0.5030864197530864 0.2683333333333333 0.1388888888888889
0 0.14583333333333334 0.5092592592592593 0.2916666666666667 0.15123456790123457
0 0.15583333333333332 0.6512345679012346 0.285 0.15432098765432098
0 0.4266666666666667 0.6381172839506173 0.25333333333333335 0.1404320987654321
0 0.4266666666666667 0.7669753086419753 0.24666666666666667 0.1419753086419753
0 0.6591666666666667 0.7507716049382716 0.225 0.125
0 0.43 0.8927469135802469 0.24333333333333335 0.14351851851851852
0 0.15916666666666668 0.7893518518518519 0.2816666666666667 0.15895061728395063
0 0.165 0.9143518518518519 0.27666666666666667 0.1527777777777778
