0 0.3975172413793104 0.13027968774233573 0.5282758620689657 0.25642351238174016
0 0.8208620689655172 0.1394044357131779 0.35427586206896555 0.25192576125730237
0 0.40786206896551724 0.3267331851315721 0.4662068965517241 0.17784211342604558
0 0.8175172413793104 0.34379362043116374 0.35862068965517235 0.1768081476503128
0 0.36510344827586216 0.4456392493408468 0.4110344827586208 0.17991004497751126
0 0.7939655172413793 0.4802771028278963 0.4080689655172414 0.13751744817246547
0 0.4071724137931034 0.5288734942873392 0.36551724137931035 0.19541953161350362
0 0.7685517241379312 0.582639714625446 0.3737931034482758 0.1023626117975495
0 0.3892413793103448 0.6508814558238123 0.3213793103448276 0.1147702011063434
0 0.7264827586206897 0.6725947371142016 0.3448275862068965 0.10443054334901511
0 0.39200000000000007 0.7361836323217702 0.29655172413793107 0.07237760430129764
0 0.7133793103448277 0.7558289820606938 0.31034482758620696 0.07651346740422893
0 0.1253103448275862 0.7242930259008428 0.2506206896551724 0.07754743317996174
0 0.12579310344827588 0.6022850643643696 0.24965517241379315 0.17474021609884716
