0 0.122 0.084 0.244 0.168
0 0.365 0.09733333333333333 0.262 0.19466666666666665
0 0.634 0.03333333333333333 0.152 0.06666666666666667
0 0.601 0.17066666666666666 0.258 0.272
0 0.854 0.068 0.288 0.12533333333333332
0 0.786 0.19733333333333333 0.128 0.13866666666666666
0 0.922 0.184 0.156 0.17066666666666666
0 0.785 0.29333333333333333 0.134 0.064
0 0.926 0.33066666666666666 0.148 0.128
0 0.721 0.43066666666666664 0.478 0.25333333333333335
0 0.59 0.6386666666666667 0.276 0.28
0 0.854 0.6613333333333333 0.288 0.2613333333333333
0 0.97 0.4786666666666667 0.06 0.17333333333333334
0 0.699 0.8666666666666667 0.478 0.26666666666666666
0 0.961 0.8893333333333333 0.078 0.216
0 0.565 0.9413333333333334 0.266 0.11733333333333333
0 0.786 0.9813333333333333 0.18 0.037333333333333336
0 0.047 0.236 0.094 0.18933333333333333
0 0.287 0.25333333333333335 0.39 0.224
0 0.359 0.4266666666666667 0.25 0.19733333333333333
0 0.12 0.4266666666666667 0.24 0.192
0 0.276 0.612 0.384 0.19466666666666665
0 0.042 0.604 0.084 0.2
0 0.108 0.7746666666666666 0.216 0.17866666666666667
0 0.04 0.92 0.08 0.16
0 0.27 0.9173333333333333 0.384 0.16
0 0.339 0.8026666666666666 0.254 0.21333333333333335
