0 0.10606060606060606 0.06363636363636363 0.18787878787878787 0.12727272727272726
0 0.3424242424242424 0.05909090909090909 0.28484848484848485 0.11818181818181818
0 0.6333333333333333 0.05227272727272727 0.296969696969697 0.10454545454545454
0 0.9 0.05 0.2 0.1
0 0.12727272727272726 0.17727272727272728 0.1696969696969697 0.10909090909090909
0 0.3484848484848485 0.17727272727272728 0.2727272727272727 0.11818181818181818
0 0.6333333333333333 0.16136363636363638 0.28484848484848485 0.12272727272727273
0 0.896969696969697 0.15454545454545454 0.20606060606060606 0.12727272727272726
0 0.14545454545454545 0.26136363636363635 0.1696969696969697 0.05909090909090909
0 0.36363636363636365 0.2636363636363636 0.2545454545454545 0.05454545454545454
0 0.5848484848484848 0.2545454545454545 0.18787878787878787 0.07272727272727272
0 0.8424242424242424 0.25 0.3151515151515151 0.07272727272727272
0 0.11515151515151516 0.35909090909090907 0.23030303030303031 0.14545454545454545
0 0.28484848484848485 0.36363636363636365 0.2909090909090909 0.14545454545454545
0 0.5606060606060606 0.36363636363636365 0.296969696969697 0.15454545454545454
0 0.8515151515151516 0.35909090909090907 0.296969696969697 0.15454545454545454
0 0.07575757575757576 0.4909090909090909 0.15151515151515152 0.12727272727272726
0 0.2787878787878788 0.5 0.26666666666666666 0.13636363636363635
0 0.5515151515151515 0.509090909090909 0.2787878787878788 0.13636363636363635
0 0.8484848484848485 0.509090909090909 0.30303030303030304 0.14545454545454545
0 0.09393939393939393 0.615909090909091 0.18787878787878787 0.12272727272727273
0 0.3090909090909091 0.6295454545454545 0.2545454545454545 0.1318181818181818
0 0.5727272727272728 0.634090909090909 0.2727272727272727 0.1318181818181818
0 0.8545454545454545 0.6409090909090909 0.2909090909090909 0.14545454545454545
0 0.1 0.7318181818181818 0.2 0.10909090909090909
0 0.3181818181818182 0.7363636363636363 0.23636363636363636 0.1
0 0.5696969696969697 0.7545454545454545 0.26666666666666666 0.12727272727272726
0 0.8484848484848485 0.7681818181818182 0.2909090909090909 0.13636363636363635
0 0.09090909090909091 0.8318181818181818 0.18181818181818182 0.10909090909090909
0 0.296969696969697 0.8386363636363636 0.2545454545454545 0.12272727272727273
0 0.5515151515151515 0.865909090909091 0.26666666666666666 0.15
0 0.8121212121212121 0.8772727272727273 0.2787878787878788 0.13636363636363635
0 0.1 0.925 0.2 0.10454545454545454
0 0.31212121212121213 0.9409090909090909 0.23636363636363636 0.10909090909090909
0 0.5757575757575758 0.9659090909090909 0.2545454545454545 0.06818181818181818
0 0.8333333333333334 0.9522727272727273 0.2606060606060606 0.09545454545454546
