0 0.646 0.10504201680672269 0.312 0.15406162464985995
0 0.793 0.27170868347338933 0.31 0.16246498599439776
0 0.796 0.42857142857142855 0.312 0.12885154061624648
0 0.808 0.5770308123249299 0.324 0.17366946778711484
0 0.812 0.7240896358543417 0.316 0.15406162464985995
0 0.815 0.876750700280112 0.31 0.1568627450980392
0 0.339 0.11204481792717087 0.306 0.1568627450980392
0 0.485 0.2507002801120448 0.31 0.12044817927170869
0 0.477 0.39355742296918766 0.326 0.17086834733893558
0 0.49 0.572829131652661 0.324 0.16526610644257703
0 0.499 0.7436974789915967 0.318 0.15966386554621848
0 0.504 0.8991596638655462 0.312 0.15126050420168066
0 0.789 0.13445378151260504 0.29 0.11204481792717087
0 0.197 0.15826330532212884 0.282 0.11484593837535013
0 0.184 0.28291316526610644 0.3 0.17366946778711484
0 0.18 0.4327731092436975 0.288 0.13725490196078433
0 0.179 0.572829131652661 0.314 0.16526610644257703
0 0.188 0.7450980392156863 0.312 0.16246498599439776
0 0.194 0.9061624649859944 0.312 0.15966386554621848
