0 0.11818181818181818 0.15 0.23636363636363636 0.21818181818181817
0 0.3477272727272727 0.1431818181818182 0.2590909090909091 0.2318181818181818
0 0.6045454545454545 0.1340909090909091 0.2727272727272727 0.2318181818181818
0 0.8681818181818182 0.12954545454545455 0.2636363636363636 0.22272727272727272
0 0.6590909090909091 0.49772727272727274 0.3 0.2863636363636364
0 0.3931818181818182 0.5068181818181818 0.2409090909090909 0.2318181818181818
0 0.17045454545454544 0.5159090909090909 0.2863636363636364 0.22272727272727272
0 0.7659090909090909 0.8386363636363636 0.29545454545454547 0.32272727272727275
0 0.4727272727272727 0.8090909090909091 0.2727272727272727 0.3090909090909091
0 0.2 0.8068181818181818 0.2818181818181818 0.2863636363636364
