0 0.05994897959183673 0.17954545454545454 0.11989795918367346 0.35909090909090907
0 0.09821428571428571 0.42272727272727273 0.06377551020408163 0.16363636363636364
0 0.25255102040816324 0.19318181818181818 0.35714285714285715 0.38636363636363635
0 0.5829081632653061 0.175 0.3137755102040816 0.35
0 0.28188775510204084 0.5727272727272728 0.31887755102040816 0.4
0 0.30612244897959184 0.875 0.25 0.25
0 0.5599489795918368 0.8590909090909091 0.2372448979591837 0.2818181818181818
0 0.5625 0.5409090909090909 0.28316326530612246 0.4090909090909091
0 0.8086734693877551 0.3795454545454545 0.27040816326530615 0.6045454545454545
0 0.7767857142857143 0.7931818181818182 0.2423469387755102 0.29545454545454547
0 0.9323979591836735 0.40454545454545454 0.13520408163265307 0.5
