0 0.35034013605442177 0.1875 0.25170068027210885 0.225
0 0.6122448979591837 0.19 0.272108843537415 0.23
0 0.12244897959183673 0.395 0.24489795918367346 0.21
0 0.3469387755102041 0.4025 0.23129251700680273 0.195
0 0.5850340136054422 0.4075 0.24489795918367346 0.195
0 0.8401360544217688 0.4025 0.2653061224489796 0.215
0 0.1292517006802721 0.5925 0.20408163265306123 0.185
0 0.09863945578231292 0.7575 0.10204081632653061 0.145
0 0.2925170068027211 0.6375 0.3401360544217687 0.275
0 0.5408163265306123 0.645 0.2789115646258503 0.29
0 0.8333333333333334 0.655 0.30612244897959184 0.29
0 0.2755102040816326 0.87 0.25170068027210885 0.2
0 0.5374149659863946 0.885 0.272108843537415 0.2
0 0.8163265306122449 0.8975 0.29931972789115646 0.205
