0 0.186 0.4910044977511244 0.112 0.1634182908545727
0 0.434 0.5179910044977512 0.404 0.22338830584707647
0 0.418 0.31784107946026985 0.408 0.2128935532233883
0 0.167 0.32608695652173914 0.126 0.1664167916041979
0 0.135 0.15517241379310345 0.134 0.20239880059970014
0 0.393 0.1206896551724138 0.43 0.2413793103448276
0 0.206 0.6296851574212894 0.12 0.17991004497751126
0 0.443 0.6889055472263869 0.398 0.22638680659670166
0 0.143 0.8125937031484258 0.286 0.2848575712143928
0 0.461 0.841079460269865 0.378 0.2518740629685157
0 0.158 0.9347826086956522 0.312 0.12443778110944528
0 0.48 0.9340329835082459 0.368 0.13193403298350825
0 0.062 0.3365817091454273 0.124 0.1724137931034483
0 0.049 0.1889055472263868 0.094 0.12293853073463268
0 0.07 0.4835082458770615 0.14 0.136431784107946
0 0.088 0.5877061469265368 0.148 0.12293853073463268
0 0.083 0.6701649175412294 0.166 0.09295352323838081
0 0.828 0.9385307346326837 0.344 0.1199400299850075
0 0.822 0.848575712143928 0.352 0.23088455772113944
0 0.821 0.6904047976011994 0.358 0.21739130434782608
0 0.616 0.12518740629685157 0.048 0.1904047976011994
0 0.811 0.5142428785607196 0.366 0.22188905547226387
0 0.811 0.29685157421289354 0.374 0.23388305847076463
0 0.815 0.11019490254872563 0.366 0.22038980509745126
