0 0.23 0.15665236051502146 0.204 0.24892703862660945
0 0.41 0.1555793991416309 0.192 0.2510729613733906
0 0.598 0.15665236051502146 0.196 0.2532188841201717
0 0.78 0.1630901287553648 0.2 0.2575107296137339
0 0.197 0.4409871244635193 0.23 0.3240343347639485
0 0.398 0.44420600858369097 0.22 0.33047210300429186
0 0.609 0.44849785407725323 0.21 0.33476394849785407
0 0.807 0.44635193133047213 0.218 0.3218884120171674
0 0.175 0.7800429184549357 0.238 0.3540772532188841
0 0.394 0.7811158798283262 0.232 0.3562231759656652
0 0.615 0.7854077253218884 0.226 0.3605150214592275
0 0.83 0.7832618025751072 0.228 0.36909871244635195
