0 0.1209391124871001 0.07 0.2418782249742002 0.14
0 0.12526315789473685 0.2564499484004128 0.24974200206398345 0.27966976264189886
0 0.12990712074303407 0.4927760577915377 0.2528379772961817 0.2858617131062952
0 0.06882352941176469 0.7431578947368421 0.13764705882352937 0.23298245614035087
0 0.24910216718266256 0.7652218782249742 0.3756449948400413 0.3746130030959752
0 0.2532301341589267 0.9089473684210526 0.36326109391124867 0.16877192982456138
0 0.3332094943240454 0.15479876160990713 0.18679050567595454 0.2848297213622291
0 0.34507739938080495 0.44582043343653255 0.1836945304437565 0.29927760577915374
0 0.5607636738906089 0.7574819401444789 0.19401444788441705 0.3137254901960784
0 0.5380598555211559 0.46439628482972134 0.20020639834881318 0.3034055727554179
0 0.5308359133126935 0.16305469556243551 0.21259029927760575 0.3054695562435501
0 0.7413622291021672 0.17079463364293085 0.2146542827657379 0.31682146542827655
0 0.7645820433436532 0.47936016511867907 0.2528379772961817 0.3209494324045408
0 0.780577915376677 0.7796697626418989 0.24148606811145518 0.3539731682146542
0 0.537936016511868 0.937327141382869 0.2892053663570692 0.11201238390092878
0 0.7901444788441693 0.9574509803921569 0.2202889576883386 0.07176470588235286
0 0.8797316821465428 0.09333333333333334 0.227203302373581 0.18666666666666668
0 0.9204953560371517 0.31236326109391127 0.14567595459236335 0.2552734778121775
0 0.9401031991744068 0.5639009287925696 0.1064602683178534 0.25886480908152737
0 0.9468111455108359 0.8084932920536636 0.09304437564499475 0.2630134158926728
