0 0.08 0.1447721179624665 0.16 0.289544235924933
0 0.008 0.23056300268096513 0.016 0.128686327077748
0 0.312 0.14745308310991956 0.348 0.2949061662198391
0 0.648 0.1447721179624665 0.332 0.289544235924933
0 0.88 0.1487935656836461 0.192 0.2975871313672922
0 0.967 0.15013404825737264 0.066 0.3002680965147453
0 0.085 0.40884718498659517 0.17 0.24396782841823056
0 0.239 0.4168900804289544 0.162 0.2546916890080429
0 0.41 0.42091152815013405 0.148 0.2520107238605898
0 0.554 0.4008042895442359 0.144 0.23324396782841822
0 0.7 0.4008042895442359 0.168 0.22788203753351208
0 0.879 0.3967828418230563 0.242 0.2520107238605898
0 0.027 0.6246648793565683 0.054 0.19302949061662197
0 0.115 0.6072386058981233 0.166 0.23324396782841822
0 0.104 0.792225201072386 0.208 0.22788203753351208
0 0.047 0.9477211796246648 0.094 0.10455764075067024
0 0.147 0.9504021447721179 0.126 0.09919571045576407
0 0.333 0.6072386058981233 0.294 0.26541554959785524
0 0.268 0.8083109919571045 0.144 0.19571045576407506
0 0.403 0.8123324396782842 0.114 0.16085790884718498
0 0.327 0.9155495978552279 0.25 0.16890080428954424
0 0.618 0.5924932975871313 0.28 0.26273458445040215
0 0.826 0.6099195710455764 0.164 0.1903485254691689
0 0.937 0.613941018766756 0.126 0.19302949061662197
0 0.842 0.7774798927613941 0.272 0.2037533512064343
0 0.528 0.8096514745308311 0.124 0.1876675603217158
0 0.652 0.8136729222520107 0.136 0.17962466487935658
0 0.507 0.9396782841823056 0.106 0.12064343163538874
0 0.622 0.938337801608579 0.124 0.12332439678284182
0 0.754 0.9316353887399463 0.14 0.13672922252010725
0 0.873 0.938337801608579 0.142 0.12332439678284182
0 0.957 0.9343163538873994 0.086 0.1260053619302949
0 0.971 0.792225201072386 0.058 0.1581769436997319
0 0.989 0.6715817694369973 0.022 0.08310991957104558
