0 0.061 0.32133333333333336 0.122 0.18933333333333333
0 0.177 0.324 0.126 0.18933333333333333
0 0.299 0.3253333333333333 0.122 0.192
0 0.426 0.328 0.132 0.18666666666666668
0 0.554 0.3333333333333333 0.132 0.18666666666666668
0 0.679 0.332 0.13 0.18933333333333333
0 0.8 0.33466666666666667 0.132 0.18933333333333333
0 0.916 0.312 0.132 0.18133333333333335
0 0.932 0.49733333333333335 0.136 0.18933333333333333
0 0.812 0.5226666666666666 0.14 0.192
0 0.689 0.5253333333333333 0.142 0.19733333333333333
0 0.56 0.528 0.136 0.20266666666666666
0 0.681 0.7333333333333333 0.138 0.21333333333333335
0 0.812 0.7226666666666667 0.14 0.21333333333333335
0 0.933 0.708 0.134 0.22666666666666666
0 0.428 0.5253333333333333 0.132 0.21333333333333335
0 0.297 0.5213333333333333 0.138 0.20533333333333334
0 0.167 0.52 0.134 0.208
0 0.053 0.5066666666666667 0.106 0.192
0 0.046 0.7106666666666667 0.092 0.216
0 0.149 0.7266666666666667 0.134 0.2
0 0.285 0.724 0.134 0.20533333333333334
0 0.418 0.7293333333333333 0.136 0.21066666666666667
0 0.55 0.7333333333333333 0.136 0.21866666666666668
0 0.554 0.9146666666666666 0.14 0.16533333333333333
0 0.906 0.132 0.132 0.184
0 0.788 0.14533333333333334 0.128 0.19466666666666665
0 0.667 0.148 0.13 0.184
0 0.545 0.14933333333333335 0.138 0.192
0 0.424 0.14533333333333334 0.128 0.184
0 0.297 0.136 0.126 0.19733333333333333
0 0.181 0.13066666666666665 0.126 0.208
0 0.061 0.13866666666666666 0.122 0.18666666666666668
