0 0.09775280898876403 0.08119535737749102 0.14696629213483145 0.06401293735154895
0 0.238876404494382 0.09130266327510402 0.13707865168539327 0.06064383538567794
0 0.38629213483146063 0.09467176524097502 0.13617977528089886 0.06333911695837474
0 0.3260674157303371 0.061654565975439245 0.20539325842696626 0.1226353115577043
0 0.1146067415730337 0.05305867665418228 0.2139325842696629 0.10544353291519035
0 0.1272222222222222 0.18199233716475097 0.25333333333333335 0.15658837248042645
0 0.3813888888888889 0.1992753623188406 0.2583333333333333 0.1586706646676662
0 0.07805555555555556 0.326919873396635 0.15611111111111112 0.14909212060636345
0 0.24 0.33004331167749457 0.16888888888888892 0.14284524404464433
0 0.42027777777777775 0.33170914542728636 0.15833333333333338 0.13618190904547728
0 0.11638888888888889 0.47434616025320675 0.23055555555555554 0.1474262868565717
0 0.36027777777777775 0.47163918040979513 0.2594444444444445 0.14284524404464433
0 0.07694444444444444 0.6190654672663668 0.1527777777777778 0.14700982841912383
0 0.2391666666666667 0.6115692153923038 0.17166666666666666 0.1411794102948526
0 0.4083333333333333 0.6074046310178244 0.1588888888888889 0.1386806596701649
0 0.1413888888888889 0.7498334166250208 0.2283333333333333 0.16366816591704142
0 0.38166666666666665 0.7331750791271031 0.24888888888888885 0.16450108279193745
0 0.09555555555555555 0.8978843911377645 0.18 0.153256704980843
0 0.26916666666666667 0.8793519906713311 0.15611111111111112 0.14201232716974854
0 0.4280555555555555 0.8601949025487257 0.15833333333333338 0.1386806596701649
0 0.6530555555555555 0.8495752123938031 0.2738888888888889 0.17324670997834424
0 0.8948333333333333 0.8388305847076462 0.20633333333333337 0.136431784107946
0 0.6102777777777778 0.7229718474096285 0.20611111111111113 0.17741129435282366
0 0.6458333333333333 0.6007412960186573 0.2783333333333334 0.1478427452940197
0 0.7888888888888889 0.7281775778777277 0.15 0.13368315842078954
0 0.9305555555555555 0.7208895552223887 0.13444444444444445 0.1266033649841746
0 0.8919444444444443 0.5984507746126936 0.21166666666666664 0.13160086623354988
0 0.9278888888888889 0.46826586706646683 0.14022222222222228 0.13293353323338333
0 0.7813888888888889 0.4705980343161752 0.155 0.13493253373313344
0 0.6069444444444445 0.47330501415958687 0.19722222222222222 0.13951357654506077
0 0.8791666666666667 0.3348325837081459 0.23722222222222217 0.1357654506080293
0 0.6261111111111111 0.33691487589538566 0.2711111111111111 0.14409461935698817
0 0.9252777777777778 0.19948359153756454 0.145 0.13909711810761283
0 0.7763888888888889 0.19677661169415292 0.1561111111111111 0.14950857904381143
0 0.6030555555555556 0.1894885890388139 0.1961111111111111 0.15658837248042645
0 0.6494444444444445 0.07163085124104614 0.29111111111111115 0.1424287856071964
0 0.48055555555555557 0.07891887389638513 0.04666666666666663 0.09786773280026652
0 0.8977777777777777 0.06580043311677494 0.2 0.13076794935865402
0 0.017530864197530867 0.7649878764321544 0.034074074074074076 0.14474244359301836
