0 0.6134593506607158 0.22921522921522922 0.26545316647705725 0.45843045843045843
0 0.5957235786587323 0.7405400155400155 0.29042326653248146 0.5098290598290599
0 0.34829789096000696 0.7343240093240093 0.2508678276596365 0.5222610722610723
0 0.37834368892389364 0.23737373737373735 0.23394883463142843 0.47163947163947156
0 0.18785916396837898 0.24514374514374512 0.1995274350223156 0.4452214452214452
0 0.057174528164289244 0.2498057498057498 0.11318222922318484 0.39860139860139854
0 0.03296286572737084 0.6779331779331779 0.06359207724395437 0.43278943278943266
0 0.1388524255418453 0.7117327117327117 0.21236253318164575 0.48018648018648014
0 0.8709654550794503 0.2434583220933369 0.2511621312322136 0.4855678446182897
0 0.863481228668942 0.7384879956838414 0.26621160409556316 0.5139330995414081
