0 0.884 0.15066666666666667 0.232 0.30133333333333334
0 0.724 0.15066666666666667 0.144 0.296
0 0.58 0.14 0.144 0.28
0 0.463 0.15466666666666667 0.114 0.304
0 0.36 0.15466666666666667 0.14 0.29333333333333333
0 0.247 0.13733333333333334 0.174 0.25333333333333335
0 0.109 0.13733333333333334 0.17 0.248
0 0.068 0.36133333333333334 0.136 0.184
0 0.175 0.3546666666666667 0.13 0.21866666666666668
0 0.283 0.37733333333333335 0.13 0.19466666666666665
0 0.393 0.4026666666666667 0.122 0.192
0 0.512 0.4013333333333333 0.12 0.2
0 0.641 0.39066666666666666 0.118 0.2
0 0.758 0.39466666666666667 0.124 0.19733333333333333
0 0.872 0.4013333333333333 0.132 0.18933333333333333
0 0.896 0.6026666666666667 0.148 0.208
0 0.765 0.6013333333333334 0.138 0.21066666666666667
0 0.637 0.604 0.126 0.21066666666666667
0 0.493 0.6226666666666667 0.142 0.23733333333333334
0 0.365 0.6226666666666667 0.138 0.216
0 0.246 0.6266666666666667 0.14 0.21866666666666668
0 0.126 0.6026666666666667 0.156 0.224
0 0.087 0.852 0.174 0.28
0 0.223 0.86 0.146 0.24266666666666667
0 0.349 0.8586666666666667 0.142 0.256
0 0.484 0.8653333333333333 0.136 0.248
0 0.617 0.8373333333333334 0.13 0.25066666666666665
0 0.747 0.8546666666666667 0.146 0.25333333333333335
0 0.892 0.8346666666666667 0.172 0.24533333333333332
