0 0.151 0.16328828828828829 0.298 0.1554054054054054
0 0.493 0.17567567567567569 0.33 0.1463963963963964
0 0.814 0.1875 0.32 0.14076576576576577
0 0.805 0.3130630630630631 0.302 0.12387387387387387
0 0.506 0.3108108108108108 0.284 0.13063063063063063
0 0.155 0.30405405405405406 0.306 0.13963963963963963
0 0.134 0.4369369369369369 0.264 0.12837837837837837
0 0.387 0.43524774774774777 0.23 0.125
0 0.622 0.4329954954954955 0.22 0.11824324324324324
0 0.838 0.4329954954954955 0.22 0.11373873873873874
0 0.779 0.5444819819819819 0.286 0.11148648648648649
0 0.467 0.5529279279279279 0.274 0.11711711711711711
0 0.153 0.5602477477477478 0.298 0.1204954954954955
0 0.813 0.6509009009009009 0.21 0.11036036036036036
0 0.597 0.6542792792792793 0.214 0.12387387387387387
0 0.371 0.6661036036036037 0.23 0.1204954954954955
0 0.129 0.6756756756756757 0.246 0.12612612612612611
0 0.173 0.7843468468468469 0.286 0.125
0 0.47 0.7719594594594594 0.26 0.11824324324324324
0 0.773 0.7550675675675675 0.278 0.11373873873873874
