0 0.138 0.12570621468926554 0.228 0.2175141242937853
0 0.393 0.11581920903954802 0.29 0.23163841807909605
0 0.141 0.3319209039548023 0.226 0.2062146892655367
0 0.399 0.3305084745762712 0.298 0.22598870056497175
0 0.028 0.5155367231638418 0.056 0.2796610169491525
0 0.157 0.5254237288135594 0.206 0.2033898305084746
0 0.397 0.5536723163841808 0.286 0.23163841807909605
0 0.153 0.7090395480225988 0.214 0.21468926553672316
0 0.397 0.7584745762711864 0.274 0.2288135593220339
0 0.146 0.8742937853107344 0.228 0.18926553672316385
0 0.391 0.9138418079096046 0.274 0.16666666666666666
0 0.026 0.7980225988700564 0.052 0.2966101694915254
0 0.725 0.10875706214689265 0.378 0.2175141242937853
0 0.731 0.3121468926553672 0.382 0.2570621468926554
0 0.724 0.556497175141243 0.372 0.2655367231638418
0 0.711 0.7923728813559322 0.354 0.2457627118644068
0 0.696 0.9350282485875706 0.34 0.12429378531073447
