0 0.095 0.32266666666666666 0.13 0.24533333333333332
0 0.213 0.31066666666666665 0.142 0.25333333333333335
0 0.34 0.3 0.144 0.25866666666666666
0 0.473 0.292 0.13 0.25866666666666666
0 0.609 0.27466666666666667 0.15 0.2773333333333333
0 0.61 0.5373333333333333 0.14 0.25333333333333335
0 0.646 0.7466666666666667 0.144 0.3253333333333333
0 0.781 0.7506666666666667 0.174 0.3333333333333333
0 0.505 0.7706666666666667 0.13 0.24
0 0.476 0.54 0.128 0.23733333333333334
0 0.349 0.5413333333333333 0.13 0.224
0 0.376 0.7666666666666667 0.128 0.232
0 0.226 0.5466666666666666 0.132 0.224
0 0.11 0.552 0.136 0.224
0 0.26 0.7626666666666667 0.124 0.21866666666666668
0 0.143 0.7586666666666667 0.122 0.21066666666666667
