0 0.199 0.18266666666666667 0.146 0.30133333333333334
0 0.343 0.18533333333333332 0.146 0.30133333333333334
0 0.488 0.18666666666666668 0.148 0.304
0 0.633 0.17466666666666666 0.146 0.2906666666666667
0 0.78 0.17866666666666667 0.148 0.30933333333333335
0 0.187 0.49066666666666664 0.158 0.32
0 0.339 0.49066666666666664 0.162 0.31466666666666665
0 0.487 0.48933333333333334 0.154 0.312
0 0.639 0.48133333333333334 0.154 0.3333333333333333
0 0.787 0.48133333333333334 0.142 0.31733333333333336
0 0.182 0.816 0.16 0.336
0 0.339 0.8146666666666667 0.158 0.33866666666666667
0 0.492 0.8146666666666667 0.16 0.344
0 0.652 0.808 0.168 0.33066666666666666
0 0.804 0.8053333333333333 0.164 0.33066666666666666
