0 0.445 0.4645669291338583 0.674 0.25871766029246346
0 0.205 0.27165354330708663 0.402 0.18335208098987626
0 0.658 0.26940382452193473 0.548 0.2013498312710911
0 0.873 0.4566929133858268 0.254 0.19572553430821146
0 0.067 0.49606299212598426 0.13 0.19572553430821146
0 0.251 0.6889763779527559 0.494 0.2283464566929134
0 0.737 0.6496062992125984 0.518 0.2125984251968504
0 0.762 0.8785151856017998 0.476 0.24296962879640044
0 0.276 0.8925759280089989 0.552 0.2125984251968504
0 0.058 0.38020247469066365 0.112 0.049493813273340834
