0 0.867 0.3575712143928036 0.198 0.328335832083958
0 0.65 0.12818590704647675 0.244 0.2563718140929535
0 0.399 0.1409295352323838 0.266 0.2818590704647676
0 0.652 0.3853073463268366 0.244 0.2698650674662669
0 0.404 0.3988005997001499 0.26 0.28785607196401797
0 0.666 0.6634182908545727 0.256 0.2893553223388306
0 0.389 0.671664167916042 0.274 0.2638680659670165
0 0.148 0.3268365817091454 0.26 0.07796101949025487
0 0.152 0.37106446776611696 0.228 0.031484257871064465
0 0.136 0.5787106446776612 0.272 0.4077961019490255
