0 0.169 0.104 0.266 0.12266666666666666
0 0.146 0.23466666666666666 0.292 0.13866666666666666
0 0.297 0.22666666666666666 0.01 0.11733333333333333
0 0.3 0.344 0.012 0.112
0 0.3 0.45866666666666667 0.012 0.11733333333333333
0 0.304 0.5786666666666667 0.012 0.096
0 0.306 0.7266666666666667 0.016 0.24266666666666667
0 0.218 0.6093333333333333 0.16 0.12533333333333332
0 0.289 0.7226666666666667 0.026 0.15466666666666667
0 0.29 0.84 0.024 0.144
0 0.15 0.36533333333333334 0.284 0.128
0 0.154 0.49333333333333335 0.284 0.128
0 0.068 0.5346666666666666 0.136 0.15733333333333333
0 0.07 0.668 0.14 0.14666666666666667
0 0.208 0.6573333333333333 0.152 0.15733333333333333
0 0.203 0.7973333333333333 0.15 0.12266666666666666
0 0.066 0.7986666666666666 0.128 0.12
0 0.204 0.8906666666666667 0.148 0.17066666666666666
0 0.069 0.92 0.13 0.11733333333333333
0 0.406 0.8213333333333334 0.164 0.112
0 0.404 0.7093333333333334 0.172 0.112
0 0.401 0.592 0.174 0.128
0 0.397 0.472 0.182 0.11733333333333333
0 0.402 0.35333333333333333 0.188 0.12
0 0.397 0.23333333333333334 0.186 0.12533333333333332
0 0.396 0.112 0.188 0.12266666666666666
0 0.592 0.10533333333333333 0.192 0.12533333333333332
0 0.694 0.10133333333333333 0.012 0.12266666666666666
0 0.718 0.096 0.036 0.13333333333333333
0 0.709 0.22933333333333333 0.026 0.128
0 0.707 0.30266666666666664 0.026 0.034666666666666665
0 0.692 0.22266666666666668 0.008 0.10933333333333334
0 0.594 0.22666666666666666 0.196 0.12266666666666666
0 0.594 0.344 0.188 0.11733333333333333
0 0.538 0.452 0.084 0.13066666666666665
0 0.667 0.38533333333333336 0.174 0.168
0 0.664 0.5026666666666667 0.172 0.17866666666666667
0 0.617 0.6226666666666667 0.23 0.20533333333333334
0 0.608 0.7706666666666667 0.224 0.176
0 0.598 0.8853333333333333 0.216 0.18666666666666668
0 0.864 0.09866666666666667 0.272 0.14933333333333335
0 0.859 0.24533333333333332 0.282 0.14933333333333335
0 0.861 0.384 0.278 0.14933333333333335
0 0.872 0.5293333333333333 0.256 0.136
0 0.866 0.6626666666666666 0.268 0.136
0 0.86 0.7933333333333333 0.28 0.13066666666666665
0 0.854 0.9173333333333333 0.292 0.12266666666666666
