0 0.169 0.08666666666666667 0.054 0.17333333333333334
0 0.253 0.06933333333333333 0.114 0.13866666666666666
0 0.354 0.025333333333333333 0.092 0.050666666666666665
0 0.186 0.21466666666666667 0.1 0.19466666666666665
0 0.267 0.172 0.066 0.18933333333333333
0 0.341 0.12266666666666666 0.082 0.21866666666666668
0 0.507 0.09733333333333333 0.262 0.19466666666666665
0 0.667 0.09733333333333333 0.07 0.19466666666666665
0 0.71 0.025333333333333333 0.056 0.050666666666666665
0 0.722 0.124 0.064 0.2
0 0.787 0.07333333333333333 0.11 0.14666666666666667
0 0.87 0.112 0.068 0.18133333333333335
0 0.771 0.15333333333333332 0.054 0.18933333333333333
0 0.812 0.18933333333333333 0.044 0.176
0 0.851 0.216 0.038 0.15466666666666667
0 0.887 0.23333333333333334 0.038 0.10933333333333334
0 0.16 0.37866666666666665 0.048 0.17066666666666666
0 0.239 0.3426666666666667 0.114 0.216
0 0.372 0.2906666666666667 0.156 0.256
0 0.57 0.25466666666666665 0.252 0.264
0 0.737 0.2986666666666667 0.094 0.21333333333333335
0 0.817 0.324 0.074 0.168
0 0.929 0.35333333333333333 0.142 0.16266666666666665
0 0.18 0.5293333333333333 0.104 0.17866666666666667
0 0.263 0.5173333333333333 0.066 0.19733333333333333
0 0.338 0.5093333333333333 0.088 0.208
0 0.512 0.484 0.272 0.248
0 0.676 0.484 0.068 0.216
0 0.734 0.4226666666666667 0.056 0.06666666666666667
0 0.778 0.424 0.036 0.048
0 0.876 0.4533333333333333 0.164 0.18133333333333335
0 0.803 0.5546666666666666 0.198 0.21866666666666668
0 0.976 0.5013333333333333 0.048 0.15466666666666667
0 0.933 0.6346666666666667 0.066 0.18133333333333335
0 0.981 0.6533333333333333 0.038 0.16
0 0.81 0.768 0.196 0.24
0 0.94 0.8053333333333333 0.064 0.20266666666666666
0 0.983 0.7893333333333333 0.034 0.128
0 0.819 0.9186666666666666 0.206 0.16266666666666665
0 0.961 0.9213333333333333 0.078 0.15733333333333333
0 0.157 0.7013333333333334 0.054 0.16533333333333333
0 0.242 0.7093333333333334 0.12 0.192
0 0.381 0.72 0.166 0.224
0 0.582 0.7226666666666667 0.248 0.2613333333333333
0 0.189 0.8733333333333333 0.102 0.19466666666666665
0 0.272 0.896 0.068 0.19733333333333333
0 0.347 0.904 0.09 0.192
0 0.52 0.9093333333333333 0.272 0.18133333333333335
0 0.684 0.884 0.064 0.17866666666666667
0 0.687 0.9706666666666667 0.062 0.058666666666666666
0 0.167 0.9666666666666667 0.05 0.06666666666666667
0 0.249 0.976 0.114 0.048
0 0.106 0.8866666666666667 0.072 0.184
0 0.107 0.7733333333333333 0.062 0.07466666666666667
0 0.115 0.7253333333333334 0.034 0.048
