0 0.221 0.092 0.37 0.184
0 0.218 0.26666666666666666 0.372 0.20266666666666666
0 0.217 0.444 0.378 0.18933333333333333
0 0.205 0.628 0.386 0.216
0 0.196 0.832 0.388 0.21333333333333335
0 0.578 0.112 0.328 0.20266666666666666
0 0.591 0.3 0.322 0.184
0 0.585 0.472 0.326 0.17066666666666666
0 0.578 0.6373333333333333 0.336 0.18666666666666668
0 0.572 0.8226666666666667 0.336 0.184
0 0.871 0.17866666666666667 0.258 0.16533333333333333
0 0.873 0.3373333333333333 0.254 0.184
0 0.873 0.49466666666666664 0.254 0.14133333333333334
0 0.872 0.644 0.256 0.17333333333333334
0 0.869 0.8106666666666666 0.262 0.176
