0 0.7674180327868853 0.29846153846153844 0.06762295081967214 0.07076923076923076
0 0.701844262295082 0.2969230769230769 0.05942622950819672 0.08
0 0.632172131147541 0.2907692307692308 0.07991803278688525 0.09230769230769231
0 0.49385245901639346 0.2853846153846154 0.20081967213114754 0.1123076923076923
0 0.3012295081967213 0.29 0.19262295081967212 0.11538461538461539
0 0.16086065573770492 0.28846153846153844 0.09221311475409837 0.10615384615384615
0 0.06147540983606557 0.2915384615384615 0.12295081967213115 0.10307692307692308
0 0.020491803278688523 0.39153846153846156 0.040983606557377046 0.09384615384615384
0 0.13012295081967212 0.39153846153846156 0.17827868852459017 0.1
0 0.26741803278688525 0.3976923076923077 0.10450819672131148 0.10615384615384615
0 0.41700819672131145 0.39615384615384613 0.17827868852459017 0.10923076923076923
0 0.5891393442622951 0.39615384615384613 0.11270491803278689 0.11538461538461539
0 0.7827868852459017 0.39615384615384613 0.2581967213114754 0.1276923076923077
0 0.930327868852459 0.3930769230769231 0.045081967213114756 0.12461538461538461
0 0.9672131147540983 0.38769230769230767 0.028688524590163935 0.11384615384615385
0 0.9897540983606558 0.3869230769230769 0.020491803278688523 0.10923076923076923
0 0.9682377049180327 0.4946153846153846 0.06352459016393443 0.10923076923076923
0 0.8319672131147541 0.5176923076923077 0.19672131147540983 0.13076923076923078
0 0.9733606557377049 0.5992307692307692 0.04918032786885246 0.12461538461538461
0 0.9262295081967213 0.6176923076923077 0.040983606557377046 0.12461538461538461
0 0.7797131147540983 0.6376923076923077 0.2520491803278688 0.13692307692307693
0 0.9631147540983607 0.7 0.06557377049180328 0.12615384615384614
0 0.8370901639344263 0.75 0.19057377049180327 0.14923076923076922
0 0.639344262295082 0.7376923076923076 0.19672131147540983 0.13692307692307693
0 0.5952868852459017 0.62 0.10860655737704918 0.11692307692307692
0 0.6168032786885246 0.5092307692307693 0.19262295081967212 0.12307692307692308
0 0.4651639344262295 0.5061538461538462 0.10245901639344263 0.1076923076923077
0 0.44364754098360654 0.6115384615384616 0.17418032786885246 0.12153846153846154
0 0.33094262295081966 0.5 0.16598360655737704 0.10153846153846154
0 0.3073770491803279 0.5984615384615385 0.0942622950819672 0.10153846153846154
0 0.4887295081967213 0.7161538461538461 0.10040983606557377 0.10923076923076923
0 0.35758196721311475 0.7023076923076923 0.16188524590163936 0.11538461538461539
0 0.1598360655737705 0.49230769230769234 0.13524590163934427 0.10153846153846154
0 0.050204918032786885 0.48923076923076925 0.10040983606557377 0.09846153846153846
0 0.03483606557377049 0.58 0.06967213114754098 0.09538461538461539
0 0.1598360655737705 0.5869230769230769 0.19262295081967212 0.10923076923076923
0 0.08094262295081968 0.6776923076923077 0.16188524590163936 0.10615384615384615
0 0.21413934426229508 0.6792307692307692 0.1168032786885246 0.1
0 0.8391393442622951 0.3176923076923077 0.06762295081967214 0.026153846153846153
0 0.9620901639344263 0.3261538461538461 0.05942622950819672 0.012307692307692308
