0 0.178 0.14420803782505912 0.312 0.2553191489361702
0 0.169 0.3900709219858156 0.31 0.26004728132387706
0 0.17 0.6501182033096927 0.308 0.26004728132387706
0 0.17 0.8865248226950354 0.312 0.22695035460992907
0 0.484 0.1453900709219858 0.324 0.24349881796690306
0 0.819 0.14420803782505912 0.322 0.25059101654846333
0 0.48 0.3971631205673759 0.332 0.26004728132387706
0 0.501 0.6560283687943262 0.334 0.26713947990543735
0 0.488 0.8900709219858156 0.336 0.2198581560283688
0 0.816 0.3959810874704492 0.348 0.2576832151300236
0 0.83 0.6572104018912529 0.328 0.2647754137115839
0 0.829 0.8947990543735225 0.33 0.21040189125295508
