0 0.885 0.14942528735632185 0.23 0.23754789272030652
0 0.877 0.3783524904214559 0.246 0.22413793103448276
0 0.874 0.5967432950191571 0.252 0.2164750957854406
0 0.862 0.7931034482758621 0.256 0.19923371647509577
0 0.669 0.20689655172413793 0.21 0.18007662835249041
0 0.463 0.20689655172413793 0.202 0.18007662835249041
0 0.306 0.2413793103448276 0.112 0.14942528735632185
0 0.296 0.38984674329501917 0.124 0.15134099616858238
0 0.455 0.38122605363984674 0.194 0.17624521072796934
0 0.655 0.38697318007662834 0.214 0.18007662835249041
0 0.651 0.5651340996168582 0.206 0.18007662835249041
0 0.453 0.5517241379310345 0.194 0.1724137931034483
0 0.297 0.5363984674329502 0.118 0.14559386973180077
0 0.296 0.6781609195402298 0.116 0.14559386973180077
0 0.449 0.7183908045977011 0.198 0.17624521072796934
0 0.645 0.7327586206896551 0.202 0.18199233716475097
0 0.812 0.9406130268199234 0.176 0.11494252873563218
0 0.634 0.896551724137931 0.196 0.18007662835249041
0 0.595 0.9818007662835249 0.206 0.03639846743295019
0 0.423 0.975095785440613 0.158 0.04980842911877394
0 0.445 0.8802681992337165 0.198 0.17049808429118773
0 0.293 0.8160919540229885 0.11 0.1417624521072797
0 0.29 0.9415708812260536 0.104 0.11685823754789272
0 0.198 0.8687739463601533 0.084 0.15900383141762453
0 0.227 0.7346743295019157 0.022 0.10919540229885058
0 0.227 0.6254789272030651 0.022 0.10919540229885058
0 0.227 0.5172413793103449 0.022 0.1111111111111111
0 0.224 0.40229885057471265 0.02 0.11494252873563218
0 0.232 0.2825670498084291 0.04 0.12452107279693486
0 0.177 0.2959770114942529 0.074 0.1053639846743295
0 0.184 0.4051724137931034 0.068 0.1053639846743295
0 0.183 0.5105363984674329 0.07 0.1053639846743295
0 0.184 0.6111111111111112 0.068 0.10344827586206896
0 0.154 0.7260536398467433 0.128 0.13409961685823754
0 0.151 0.8400383141762452 0.118 0.1053639846743295
