0 0.03 0.20464767616191903 0.06 0.06446776611694154
0 0.111 0.21964017991004497 0.114 0.10044977511244378
0 0.227 0.2128935532233883 0.134 0.10794602698650675
0 0.367 0.20614692653673164 0.146 0.10644677661169415
0 0.497 0.19715142428785606 0.122 0.10944527736131934
0 0.636 0.18815592203898052 0.156 0.11244377811094453
0 0.773 0.191904047976012 0.118 0.10794602698650675
0 0.914 0.18290854572713644 0.164 0.11394302848575712
0 0.063 0.28785607196401797 0.126 0.10494752623688156
0 0.064 0.3778110944527736 0.128 0.09895052473763119
0 0.15 0.3140929535232384 0.052 0.0944527736131934
0 0.226 0.3103448275862069 0.116 0.095952023988006
0 0.361 0.3058470764617691 0.158 0.10194902548725637
0 0.149 0.4077961019490255 0.054 0.095952023988006
0 0.062 0.46551724137931033 0.124 0.10044977511244378
0 0.061 0.5644677661169415 0.122 0.10344827586206896
0 0.069 0.6611694152923538 0.138 0.13193403298350825
0 0.021 0.795352323838081 0.042 0.13943028485757122
0 0.067 0.7736131934032984 0.05 0.12893553223388307
0 0.112 0.7458770614692654 0.048 0.11244377811094453
0 0.046 0.9047976011994003 0.092 0.17841079460269865
0 0.12 0.8403298350824587 0.08 0.1424287856071964
0 0.047 0.9565217391304348 0.094 0.08695652173913043
0 0.132 0.9010494752623688 0.08 0.10794602698650675
0 0.249 0.4070464767616192 0.146 0.09745127436281859
0 0.149 0.5044977511244377 0.058 0.0944527736131934
0 0.25 0.5022488755622189 0.148 0.095952023988006
0 0.155 0.5989505247376312 0.066 0.09745127436281859
0 0.248 0.5982008995502249 0.132 0.095952023988006
0 0.162 0.6964017991004497 0.064 0.10044977511244378
0 0.25 0.6934032983508246 0.12 0.10044977511244378
0 0.166 0.7938530734632684 0.06 0.10344827586206896
0 0.271 0.7923538230884558 0.154 0.09745127436281859
0 0.184 0.883808095952024 0.048 0.08245877061469266
0 0.276 0.8905547226386806 0.156 0.09895052473763119
0 0.499 0.30059970014992504 0.122 0.10944527736131934
0 0.637 0.29610194902548725 0.158 0.10944527736131934
0 0.377 0.4047976011994003 0.122 0.095952023988006
0 0.385 0.4985007496251874 0.122 0.09745127436281859
0 0.387 0.5967016491754122 0.154 0.10194902548725637
0 0.39 0.6956521739130435 0.16 0.10194902548725637
0 0.406 0.7931034482758621 0.128 0.11094452773613193
0 0.41 0.8950524737631185 0.12 0.09895052473763119
0 0.511 0.4032983508245877 0.15 0.10494752623688156
0 0.516 0.5007496251874063 0.156 0.09895052473763119
0 0.52 0.5974512743628186 0.14 0.09745127436281859
0 0.526 0.6949025487256372 0.124 0.10044977511244378
0 0.544 0.7961019490254873 0.152 0.10794602698650675
0 0.543 0.8988005997001499 0.154 0.10044977511244378
0 0.778 0.29235382308845576 0.136 0.10494752623688156
0 0.922 0.2871064467766117 0.152 0.10944527736131934
0 0.645 0.4002998500749625 0.126 0.09895052473763119
0 0.792 0.3950524737631184 0.168 0.10944527736131934
0 0.937 0.39205397301349326 0.122 0.10344827586206896
0 0.662 0.4985007496251874 0.14 0.09745127436281859
0 0.809 0.4955022488755622 0.162 0.10044977511244378
0 0.944 0.49325337331334335 0.108 0.10194902548725637
0 0.666 0.5974512743628186 0.16 0.10344827586206896
0 0.812 0.5974512743628186 0.132 0.10344827586206896
0 0.937 0.595952023988006 0.126 0.10344827586206896
0 0.669 0.6956521739130435 0.162 0.10494752623688156
0 0.816 0.6986506746626686 0.136 0.10494752623688156
0 0.937 0.7001499250374813 0.126 0.10794602698650675
0 0.681 0.7976011994002998 0.13 0.10194902548725637
0 0.827 0.8013493253373314 0.17 0.10344827586206896
0 0.955 0.8035982008995503 0.09 0.10494752623688156
0 0.685 0.8950524737631185 0.134 0.10494752623688156
0 0.83 0.8995502248875562 0.172 0.10194902548725637
0 0.956 0.9017991004497751 0.088 0.09745127436281859
0 0.139 0.9610194902548725 0.19 0.07796101949025487
