0 0.126 0.1021021021021021 0.252 0.07807807807807808
0 0.124 0.17567567567567569 0.248 0.07207207207207207
0 0.124 0.243993993993994 0.248 0.06756756756756757
0 0.119 0.31006006006006004 0.238 0.06756756756756757
0 0.3 0.052552552552552555 0.16 0.10510510510510511
0 0.324 0.13213213213213212 0.148 0.08708708708708708
0 0.321 0.22072072072072071 0.154 0.08708708708708708
0 0.305 0.3063063063063063 0.138 0.08408408408408409
0 0.534 0.28153153153153154 0.332 0.10960960960960961
0 0.572 0.16366366366366367 0.348 0.13213213213213212
0 0.554 0.06606606606606606 0.352 0.13213213213213212
0 0.862 0.05405405405405406 0.276 0.10810810810810811
0 0.873 0.1614114114114114 0.254 0.12162162162162163
0 0.852 0.2755255255255255 0.296 0.10960960960960961
0 0.566 0.41516516516516516 0.468 0.16666666666666666
0 0.167 0.4241741741741742 0.334 0.15765765765765766
0 0.897 0.41066066066066065 0.206 0.16366366366366367
0 0.886 0.5765765765765766 0.228 0.16216216216216217
0 0.869 0.725975975975976 0.262 0.18768768768768768
0 0.154 0.5780780780780781 0.308 0.15915915915915915
0 0.128 0.7327327327327328 0.256 0.15915915915915915
0 0.475 0.6974474474474475 0.446 0.20270270270270271
0 0.539 0.5720720720720721 0.466 0.18018018018018017
0 0.251 0.8806306306306306 0.502 0.2147147147147147
0 0.78 0.8573573573573574 0.44 0.2852852852852853
0 0.259 0.9294294294294294 0.518 0.14114114114114115
