0 0.27395833333333336 0.09296875 0.46041666666666664 0.1859375
0 0.753125 0.09921875 0.47708333333333336 0.1984375
0 0.7229166666666667 0.35625 0.44166666666666665 0.315625
0 0.28541666666666665 0.34609375 0.42916666666666664 0.3171875
0 0.2552083333333333 0.60625 0.3729166666666667 0.26875
0 0.640625 0.63125 0.38958333333333334 0.25
0 0.265625 0.84609375 0.34791666666666665 0.2171875
0 0.61875 0.85390625 0.3458333333333333 0.2203125
0 0.25416666666666665 0.95859375 0.30833333333333335 0.0828125
0 0.5697916666666667 0.98046875 0.29375 0.0390625
0 0.04375 0.5703125 0.0875 0.240625
0 0.03229166666666667 0.31875 0.06458333333333334 0.046875
0 0.053125 0.4140625 0.10625 0.1625
0 0.05520833333333333 0.20390625 0.11041666666666666 0.0578125
0 0.041666666666666664 0.26015625 0.08333333333333333 0.0546875
0 0.04479166666666667 0.309375 0.08958333333333333 0.05
