0 0.35761589403973504 0.16394407652685797 0.20662251655629138 0.20191317144959528
0 0.5774834437086093 0.15746872700515083 0.2304635761589404 0.2101545253863135
0 0.35982339955849885 0.38498896247240616 0.20573951434878587 0.23782192788815304
0 0.577924944812362 0.3793966151582045 0.2269315673289184 0.23487858719646795
0 0.36467991169977926 0.616924208977189 0.20132450331125828 0.23075791022810882
0 0.5801324503311258 0.609860191317145 0.22428256070640173 0.23075791022810888
0 0.369757174392936 0.8400294334069167 0.19911699779249448 0.22133922001471684
0 0.5827814569536425 0.8382634289919058 0.2242825607064018 0.2236938925680647
0 0.8026490066225165 0.8376747608535688 0.20573951434878587 0.22016188373804274
0 0.801103752759382 0.6101545253863134 0.20883002207505513 0.22545989698307578
0 0.8 0.377924944812362 0.214569536423841 0.24017660044150105
0 0.7986754966887417 0.15452538631346577 0.21633554083885212 0.21133186166298745
0 0.16402877697841725 0.2546762589928057 0.057553956834532356 0.13429256594724218
0 0.20899280575539567 0.2731414868105515 0.03597122302158272 0.11270983213429255
0 0.1661870503597122 0.3702637889688249 0.05323741007194244 0.11318944844124701
0 0.2091726618705036 0.37410071942446044 0.034892086330935254 0.09496402877697839
0 0.16906474820143882 0.48729016786570734 0.05323741007194244 0.12374100719424458
0 0.21151079136690645 0.47434052757793765 0.03237410071942446 0.10263788968824937
0 0.16906474820143882 0.5932853717026378 0.058273381294964025 0.1304556354916067
0 0.21348920863309348 0.5669064748201439 0.032733812949640284 0.11031175059952034
0 0.17266187050359713 0.6954436450839327 0.05611510791366905 0.14196642685851307
0 0.21636690647482013 0.6577937649880095 0.031294964028776975 0.12326139088729011
0 0.11498422712933754 0.23722397476340695 0.04384858044164037 0.13964248159831757
0 0.11829652996845424 0.3690851735015773 0.04542586750788642 0.13080967402733967
0 0.12082018927444796 0.49674027339642485 0.04100946372239747 0.13038906414300738
0 0.12287066246056783 0.616403785488959 0.03501577287066246 0.12828601472134596
0 0.1277602523659306 0.7348054679284963 0.03470031545741324 0.14468980021030492
0 0.027706635622817232 0.2242918121847109 0.03678696158323632 0.1375242530073729
0 0.030267753201396973 0.3661622041133101 0.04051222351571595 0.14124951493985252
0 0.034924330616996506 0.507256499805976 0.03864959254947614 0.1341094295692666
0 0.04249126891734575 0.6418315871168024 0.03515715948777648 0.13131548311990682
