0 0.905 0.244 0.094 0.176
0 0.795 0.195 0.13 0.198
0 0.574 0.15 0.316 0.228
0 0.373 0.194 0.09 0.2
0 0.294 0.232 0.076 0.18
0 0.224 0.269 0.064 0.154
0 0.88 0.381 0.144 0.178
0 0.743 0.353 0.138 0.194
0 0.526 0.328 0.3 0.224
0 0.323 0.37 0.106 0.18
0 0.227 0.395 0.086 0.154
0 0.218 0.532 0.056 0.136
0 0.281 0.527 0.078 0.15
0 0.362 0.52 0.088 0.168
0 0.565 0.513 0.322 0.198
0 0.789 0.527 0.134 0.182
0 0.906 0.539 0.112 0.162
0 0.878 0.701 0.148 0.162
0 0.732 0.704 0.144 0.18
0 0.511 0.707 0.306 0.202
0 0.901 0.854 0.114 0.168
0 0.781 0.872 0.126 0.188
0 0.56 0.893 0.328 0.214
0 0.351 0.858 0.098 0.2
0 0.275 0.827 0.07 0.174
0 0.211 0.803 0.058 0.15
0 0.307 0.686 0.114 0.168
0 0.215 0.669 0.086 0.142
