0 0.1475826972010178 0.027857142857142858 0.183206106870229 0.03857142857142857
0 0.361323155216285 0.02642857142857143 0.24427480916030533 0.03857142857142857
0 0.1272264631043257 0.07214285714285715 0.18829516539440203 0.041428571428571426
0 0.3435114503816794 0.07071428571428572 0.24427480916030533 0.04428571428571428
0 0.15648854961832062 0.11571428571428571 0.25699745547073793 0.04857142857142857
0 0.41348600508905853 0.11571428571428571 0.25699745547073793 0.05142857142857143
0 0.13231552162849872 0.1657142857142857 0.2595419847328244 0.04857142857142857
0 0.3931297709923664 0.16357142857142856 0.26208651399491095 0.047142857142857146
0 0.6170483460559797 0.15428571428571428 0.17048346055979643 0.04285714285714286
0 0.10305343511450382 0.21642857142857144 0.20610687022900764 0.055714285714285716
0 0.3473282442748092 0.21357142857142858 0.272264631043257 0.05
0 0.6195928753180662 0.215 0.26717557251908397 0.05285714285714286
0 0.09796437659033079 0.2742857142857143 0.19592875318066158 0.06
0 0.3346055979643766 0.2671428571428571 0.2824427480916031 0.06
0 0.6208651399491094 0.2671428571428571 0.2748091603053435 0.05714285714285714
0 0.09033078880407125 0.33 0.1806615776081425 0.05142857142857143
0 0.32951653944020354 0.32571428571428573 0.2926208651399491 0.06
0 0.6208651399491094 0.33 0.28498727735368956 0.06571428571428571
0 0.8320610687022901 0.34785714285714286 0.1272264631043257 0.04428571428571428
0 0.089058524173028 0.39071428571428574 0.178117048346056 0.07
0 0.3320610687022901 0.39071428571428574 0.29770992366412213 0.07
0 0.628498727735369 0.39071428571428574 0.28498727735368956 0.06714285714285714
0 0.8384223918575063 0.3964285714285714 0.13994910941475827 0.05285714285714286
0 0.08524173027989822 0.4585714285714286 0.17048346055979643 0.06857142857142857
0 0.32188295165394404 0.4564285714285714 0.30788804071246817 0.06428571428571428
0 0.6310432569974554 0.4564285714285714 0.30025445292620867 0.07
0 0.8931297709923665 0.46 0.21374045801526717 0.07428571428571429
0 0.11959287531806616 0.53 0.2340966921119593 0.07714285714285714
0 0.3969465648854962 0.525 0.3155216284987277 0.07
0 0.7137404580152672 0.5271428571428571 0.31806615776081426 0.07714285714285714
0 0.9414758269720102 0.5278571428571428 0.11704834605597965 0.07571428571428572
0 0.10687022900763359 0.6035714285714285 0.21374045801526717 0.07285714285714286
0 0.3969465648854962 0.5992857142857143 0.3256997455470738 0.07857142857142857
0 0.7315521628498728 0.6014285714285714 0.3282442748091603 0.07714285714285714
0 0.9465648854961832 0.6064285714285714 0.10687022900763359 0.07571428571428572
0 0.10941475826972011 0.685 0.21882951653944022 0.09285714285714286
0 0.3931297709923664 0.6821428571428572 0.3435114503816794 0.08428571428571428
0 0.7379134860050891 0.6842857142857143 0.34096692111959287 0.08857142857142856
0 0.9567430025445293 0.6885714285714286 0.08651399491094147 0.08857142857142856
0 0.09796437659033079 0.7735714285714286 0.19592875318066158 0.09571428571428571
0 0.3816793893129771 0.7692857142857142 0.366412213740458 0.09571428571428571
0 0.7455470737913485 0.7707142857142857 0.361323155216285 0.09571428571428571
0 0.9580152671755725 0.7771428571428571 0.08396946564885496 0.08857142857142856
0 0.09796437659033079 0.8685714285714285 0.19083969465648856 0.09714285714285714
0 0.3753180661577608 0.8642857142857143 0.37404580152671757 0.1
0 0.7544529262086515 0.8685714285714285 0.3791348600508906 0.10571428571428572
0 0.9643765903307888 0.8721428571428571 0.07124681933842239 0.10142857142857142
0 0.03816793893129771 0.9578571428571429 0.07633587786259542 0.08142857142857143
0 0.25190839694656486 0.9564285714285714 0.37659033078880405 0.08142857142857143
0 0.6412213740458015 0.9571428571428572 0.38676844783715014 0.08285714285714285
0 0.9173027989821882 0.96 0.16539440203562342 0.07714285714285714
0 0.6412213740458015 0.1992857142857143 0.22900763358778625 0.05
0 0.5279898218829516 0.16285714285714287 0.017811704834605598 0.045714285714285714
