0 0.3857677902621723 0.06833333333333333 0.20599250936329588 0.13
0 0.3445692883895131 0.26666666666666666 0.19101123595505617 0.2866666666666667
0 0.5580524344569289 0.27166666666666667 0.24719101123595505 0.33
0 0.3333333333333333 0.5416666666666666 0.18352059925093633 0.2966666666666667
0 0.5355805243445693 0.5816666666666667 0.23595505617977527 0.3433333333333333
0 0.3258426966292135 0.7516666666666667 0.16853932584269662 0.21666666666666667
0 0.5318352059925093 0.845 0.250936329588015 0.31
0 0.23220973782771537 0.885 0.299625468164794 0.23
0 0.8043071161048689 0.6066666666666667 0.24906367041198502 0.2866666666666667
0 0.8183520599250936 0.8566666666666667 0.2883895131086142 0.2866666666666667
0 0.06554307116104868 0.97 0.052434456928838954 0.06
