0 0.536 0.1 0.168 0.14666666666666667
0 0.463 0.24266666666666667 0.17 0.144
0 0.632 0.23466666666666666 0.168 0.144
0 0.354 0.38133333333333336 0.168 0.13333333333333333
0 0.519 0.37733333333333335 0.162 0.136
0 0.683 0.36933333333333335 0.17 0.14133333333333334
0 0.301 0.564 0.222 0.232
0 0.519 0.5533333333333333 0.218 0.22666666666666666
0 0.738 0.544 0.224 0.22933333333333333
0 0.315 0.7813333333333333 0.218 0.21866666666666668
0 0.528 0.7733333333333333 0.216 0.21866666666666668
0 0.743 0.7653333333333333 0.218 0.21866666666666668
