0 0.744 0.5134730538922155 0.36 0.19461077844311378
0 0.86 0.4573353293413174 0.264 0.15119760479041916
0 0.734 0.6781437125748503 0.348 0.17065868263473055
0 0.777 0.781437125748503 0.322 0.23952095808383234
0 0.753 0.9094311377245509 0.314 0.18113772455089822
0 0.421 0.9453592814371258 0.346 0.1092814371257485
0 0.404 0.8622754491017964 0.372 0.1497005988023952
0 0.374 0.7395209580838323 0.324 0.15868263473053892
0 0.404 0.6339820359281437 0.34 0.13622754491017963
0 0.404 0.4977544910179641 0.412 0.15718562874251496
0 0.404 0.37574850299401197 0.42 0.1407185628742515
0 0.407 0.26272455089820357 0.434 0.09431137724550898
0 0.679 0.26272455089820357 0.114 0.09131736526946108
0 0.671 0.3592814371257485 0.114 0.11377245508982035
0 0.102 0.3772455089820359 0.204 0.11377245508982035
0 0.106 0.49850299401197606 0.208 0.12874251497005987
0 0.136 0.6167664670658682 0.204 0.11676646706586827
0 0.178 0.7312874251497006 0.08 0.11826347305389222
0 0.196 0.843562874251497 0.06 0.1062874251497006
0 0.071 0.6826347305389222 0.142 0.2125748502994012
0 0.087 0.8420658682634731 0.174 0.22904191616766467
0 0.129 0.9348802395209581 0.126 0.13023952095808383
0 0.102 0.25823353293413176 0.204 0.12125748502994012
0 0.031 0.12649700598802396 0.062 0.13622754491017963
