0 0.872 0.18637724550898205 0.256 0.12425149700598802
0 0.784 0.3055241975066261 0.428 0.164400706783155
0 0.789 0.4535928143712575 0.418 0.17065868263473055
0 0.798 0.5741017964071856 0.404 0.19311377245508982
0 0.78 0.6991017964071856 0.372 0.19461077844311378
0 0.979 0.6384730538922155 0.034 0.12724550898203593
0 0.4894426229508197 0.2916707568469618 0.2828852459016393 0.1501914204378129
0 0.471 0.42664670658682635 0.222 0.15568862275449102
0 0.486 0.5456586826347305 0.232 0.14520958083832336
0 0.478 0.655688622754491 0.236 0.1467065868263473
0 0.489 0.7679640718562875 0.234 0.1497005988023952
0 0.521 0.875 0.222 0.14221556886227546
0 0.786 0.8016467065868264 0.36 0.20808383233532934
0 0.978 0.7312874251497006 0.044 0.12425149700598802
0 0.813 0.8937125748502994 0.37 0.20658682634730538
0 0.29263934426229515 0.2086973593796015 0.39 0.11976047904191617
0 0.254 0.3315868263473054 0.192 0.12724550898203593
0 0.263 0.4498502994011976 0.198 0.12425149700598802
0 0.095 0.43862275449101795 0.17 0.11077844311377245
0 0.099 0.5404191616766467 0.166 0.11676646706586827
0 0.271 0.5598802395209581 0.182 0.12275449101796407
0 0.271 0.6639221556886228 0.182 0.12724550898203593
0 0.101 0.6399700598802395 0.158 0.1092814371257485
0 0.114 0.7297904191616766 0.156 0.1122754491017964
0 0.279 0.7604790419161677 0.19 0.12574850299401197
0 0.07953795379537952 0.325833481551748 0.1551155115511551 0.1190687931068556
