0 0.09999999999999999 0.16374695863746955 0.19854014598540143 0.2194647201946472
0 0.097992700729927 0.37493917274939165 0.195985401459854 0.2068126520681265
0 0.10437956204379562 0.5618004866180047 0.20875912408759123 0.21265206812652065
0 0.12171532846715327 0.7350364963503649 0.2375912408759124 0.21751824817518248
0 0.14105839416058394 0.8964768856447687 0.22591240875912405 0.20171289537712908
0 0.29480712166172107 0.07655786350148368 0.20148367952522256 0.15311572700296736
0 0.30830860534124627 0.2573689416419387 0.1982195845697329 0.19505440158259152
0 0.32032640949554897 0.44589515331355095 0.1943620178041543 0.18516320474777445
0 0.3308605341246291 0.6223541048466864 0.1887240356083086 0.173293768545994
0 0.3370919881305638 0.7885262116716122 0.1839762611275964 0.16696340257171127
0 0.3449554896142433 0.9338793273986151 0.1753709198813056 0.1269080118694363
0 0.5270504451038576 0.9396162215628092 0.1821008902077151 0.11543422354104844
0 0.5255192878338278 0.8031651829871413 0.1863501483679525 0.17171117705242325
0 0.5250741839762612 0.6336300692383777 0.19436201780415427 0.18001978239366956
0 0.5201780415430267 0.45281899109792284 0.19881305637982194 0.19030662710187934
0 0.5155786350148368 0.26191889218595454 0.20504451038575666 0.19861523244312562
0 0.506379821958457 0.08229475766567755 0.21038575667655784 0.16379821958456972
0 0.7256676557863502 0.08328387734915924 0.214540059347181 0.1641938674579624
0 0.7240356083086054 0.27181008902077153 0.21543026706231455 0.20019782393669638
0 0.7234421364985162 0.4646884272997033 0.20949554896142433 0.19109792284866467
0 0.7200296735905044 0.6429277942631058 0.20089020771513355 0.18278931750741836
0 0.7148367952522254 0.8126607319485658 0.1970326409495549 0.17091988130563793
0 0.7118189910979229 0.9427814045499505 0.18763798219584565 0.10910385756676563
0 0.903 0.9493333333333334 0.19 0.096
0 0.9058249258160238 0.8217052423343224 0.18435014836795255 0.16074381800197823
0 0.9090890207715133 0.6541285855588526 0.17782195845697332 0.1722571711177052
0 0.9126498516320475 0.475137487636004 0.17070029673590512 0.18760830860534125
0 0.9142818991097922 0.2807121661721068 0.16743620178041543 0.20059347181008905
0 0.9169525222551929 0.08961424332344213 0.16209495548961422 0.17922848664688426
0 0.20036496350364963 0.3284671532846715 0.029927007299270086 0.18783454987834547
0 0.2114963503649635 0.5114355231143551 0.03248175182481754 0.17712895377128945
0 0.22682481751824815 0.6681265206812651 0.03686131386861314 0.13236009732360102
0 0.0895985401459854 0.0145985401459854 0.1784671532846715 0.028223844282238442
0 0.09434306569343066 0.058394160583941604 0.18649635036496348 0.030170316301703158
