0 0.528 0.38905547226386805 0.86 0.22638680659670166
0 0.198 0.5787106446776612 0.164 0.18590704647676162
0 0.357 0.5862068965517241 0.154 0.17991004497751126
0 0.515 0.5839580209895052 0.158 0.17841079460269865
0 0.682 0.5809595202398801 0.16 0.18440779610194902
0 0.84 0.5779610194902549 0.168 0.1904047976011994
0 0.845 0.7691154422788605 0.17 0.191904047976012
0 0.679 0.7721139430284858 0.162 0.19790104947526238
0 0.524 0.7683658170914542 0.16 0.1934032983508246
0 0.361 0.7706146926536732 0.162 0.19490254872563717
0 0.196 0.7683658170914542 0.168 0.1934032983508246
