0 0.17777777777777778 0.09833333333333333 0.35555555555555557 0.19666666666666666
0 0.19111111111111112 0.41333333333333333 0.38222222222222224 0.51
0 0.56 0.10083333333333333 0.3511111111111111 0.20166666666666666
0 0.8644444444444445 0.105 0.27111111111111114 0.21
0 0.8588888888888889 0.385 0.2822222222222222 0.35333333333333333
0 0.5633333333333334 0.3725 0.33555555555555555 0.34833333333333333
0 0.5566666666666666 0.685 0.3088888888888889 0.29333333333333333
0 0.5544444444444444 0.9108333333333334 0.2822222222222222 0.17833333333333334
0 0.84 0.9175 0.28888888888888886 0.165
0 0.19777777777777777 0.7783333333333333 0.39555555555555555 0.44333333333333336
0 0.35444444444444445 0.93 0.07333333333333333 0.14
0 0.8455197132616488 0.7043010752688171 0.29032258064516137 0.29354838709677417
