0 0.145 0.08944281524926687 0.29 0.17888563049853373
0 0.39 0.11290322580645161 0.216 0.22580645161290322
0 0.145 0.2727272727272727 0.29 0.2991202346041056
0 0.386 0.3064516129032258 0.208 0.24926686217008798
0 0.079 0.530791788856305 0.158 0.25806451612903225
0 0.33 0.5293255131964809 0.352 0.2316715542521994
0 0.076 0.7771260997067448 0.152 0.25806451612903225
0 0.315 0.7478005865102639 0.326 0.2697947214076246
0 0.075 0.9369501466275659 0.15 0.12023460410557185
0 0.302 0.9090909090909091 0.312 0.18181818181818182
0 0.424 0.9912023460410557 0.056 0.017595307917888565
0 0.611 0.04985337243401759 0.262 0.09970674486803519
0 0.61 0.15249266862170088 0.244 0.2404692082111437
0 0.602 0.3387096774193548 0.244 0.22580645161290322
0 0.793 0.07331378299120235 0.122 0.1466275659824047
0 0.91 0.09824046920821114 0.14 0.19648093841642228
0 0.984 0.13929618768328444 0.032 0.1495601173020528
0 0.78 0.20234604105571846 0.12 0.19941348973607037
0 0.771 0.3680351906158358 0.118 0.16715542521994134
0 0.899 0.2404692082111437 0.142 0.187683284457478
0 0.977 0.27126099706744866 0.042 0.1495601173020528
0 0.891 0.39002932551319647 0.142 0.15249266862170088
0 0.974 0.40615835777126097 0.052 0.13196480938416422
0 0.573 0.532258064516129 0.162 0.19648093841642228
0 0.732 0.532258064516129 0.176 0.16715542521994134
0 0.858 0.5263929618768328 0.104 0.1495601173020528
0 0.947 0.5293255131964809 0.102 0.13196480938416422
0 0.556 0.7126099706744868 0.176 0.187683284457478
0 0.721 0.6876832844574781 0.178 0.17302052785923755
0 0.848 0.6715542521994134 0.096 0.1466275659824047
0 0.941 0.6612903225806451 0.114 0.1378299120234604
0 0.54 0.875366568914956 0.18 0.20234604105571846
0 0.709 0.8401759530791789 0.182 0.18475073313782991
0 0.835 0.8064516129032258 0.094 0.15249266862170088
0 0.931 0.781524926686217 0.114 0.1436950146627566
0 0.534 0.966275659824047 0.168 0.06744868035190615
0 0.699 0.9413489736070382 0.17 0.11730205278592376
0 0.825 0.9281524926686217 0.102 0.1436950146627566
0 0.924 0.9002932551319648 0.104 0.15835777126099707
