0 0.9166666666666666 0.52 0.16666666666666666 0.26666666666666666
0 0.8566666666666667 0.8033333333333333 0.2866666666666667 0.35333333333333333
0 0.6066666666666667 0.8066666666666666 0.32 0.3466666666666667
0 0.5566666666666666 0.9166666666666666 0.2733333333333333 0.16666666666666666
0 0.29 0.8933333333333333 0.24666666666666667 0.21333333333333335
0 0.34 0.6966666666666667 0.28 0.2733333333333333
0 0.5933333333333334 0.6 0.21333333333333335 0.05333333333333334
0 0.77 0.6 0.16666666666666666 0.05333333333333334
0 0.6433333333333333 0.55 0.20666666666666667 0.04666666666666667
0 0.42333333333333334 0.5433333333333333 0.20666666666666667 0.06
0 0.21 0.5666666666666667 0.20666666666666667 0.10666666666666667
0 0.13333333333333333 0.9633333333333334 0.06666666666666667 0.07333333333333333
0 0.04666666666666667 0.9633333333333334 0.09333333333333334 0.07333333333333333
0 0.04 0.8733333333333333 0.08 0.10666666666666667
0 0.12666666666666668 0.88 0.08 0.08
0 0.05 0.7733333333333333 0.1 0.09333333333333334
0 0.15333333333333332 0.7766666666666666 0.09333333333333334 0.1
0 0.14666666666666667 0.67 0.10666666666666667 0.1
0 0.04666666666666667 0.67 0.09333333333333334 0.1
0 0.05 0.5566666666666666 0.1 0.1
0 0.06 0.44333333333333336 0.12 0.12666666666666668
0 0.20666666666666667 0.46 0.21333333333333335 0.10666666666666667
0 0.42 0.47 0.21333333333333335 0.11333333333333333
0 0.64 0.47 0.22666666666666666 0.11333333333333333
0 0.67 0.3466666666666667 0.22 0.13333333333333333
0 0.44666666666666666 0.3433333333333333 0.22666666666666666 0.14
0 0.6866666666666666 0.22666666666666666 0.24 0.10666666666666667
0 0.4533333333333333 0.22333333333333333 0.21333333333333335 0.1
0 0.71 0.11 0.24666666666666667 0.14
0 0.72 0.02 0.24 0.04
0 0.4666666666666667 0.02 0.24 0.04
0 0.45666666666666667 0.10333333333333333 0.22 0.12666666666666668
0 0.22333333333333333 0.35 0.20666666666666667 0.11333333333333333
0 0.23 0.22333333333333333 0.22 0.12666666666666668
0 0.23666666666666666 0.09666666666666666 0.22 0.14
0 0.23666666666666666 0.016666666666666666 0.20666666666666667 0.03333333333333333
0 0.06 0.3333333333333333 0.12 0.09333333333333334
0 0.06 0.22333333333333333 0.12 0.11333333333333333
0 0.06333333333333334 0.12333333333333334 0.12666666666666668 0.08666666666666667
0 0.07 0.03666666666666667 0.12666666666666668 0.07333333333333333
0 0.8933333333333333 0.31333333333333335 0.21333333333333335 0.21333333333333335
0 0.9033333333333333 0.10333333333333333 0.19333333333333333 0.20666666666666667
