0 0.073 0.08 0.11 0.16
0 0.205 0.06 0.158 0.12
0 0.407 0.04133333333333333 0.25 0.08266666666666667
0 0.038 0.22 0.048 0.14666666666666667
0 0.094 0.20533333333333334 0.068 0.16533333333333333
0 0.158 0.19333333333333333 0.072 0.17866666666666667
0 0.236 0.18 0.092 0.19466666666666665
0 0.337 0.172 0.114 0.21066666666666667
0 0.46 0.16666666666666666 0.144 0.23733333333333334
0 0.068 0.356 0.108 0.152
0 0.203 0.36933333333333335 0.17 0.18933333333333333
0 0.407 0.4026666666666667 0.25 0.25066666666666665
0 0.042 0.49866666666666665 0.056 0.144
0 0.092 0.5093333333333333 0.06 0.16
0 0.157 0.5293333333333333 0.074 0.18933333333333333
0 0.239 0.5533333333333333 0.094 0.20533333333333334
0 0.342 0.5866666666666667 0.12 0.24
0 0.465 0.6293333333333333 0.142 0.256
0 0.08 0.652 0.112 0.184
0 0.213 0.7213333333333334 0.17 0.24266666666666667
0 0.418 0.8226666666666667 0.256 0.31733333333333336
0 0.048 0.7626666666666667 0.052 0.16533333333333333
0 0.101 0.8 0.058 0.17066666666666666
0 0.164 0.8466666666666667 0.072 0.2
0 0.243 0.8946666666666667 0.094 0.21066666666666667
0 0.336 0.9226666666666666 0.116 0.15466666666666667
0 0.448 0.9533333333333334 0.148 0.088
0 0.66 0.024 0.26 0.048
0 0.613 0.15333333333333332 0.186 0.27466666666666667
0 0.849 0.15866666666666668 0.302 0.312
0 0.761 0.44666666666666666 0.474 0.31733333333333336
0 0.619 0.6813333333333333 0.198 0.296
0 0.848 0.7266666666666667 0.3 0.344
0 0.752 0.884 0.492 0.232
