0 0.74 0.5202474690663667 0.52 0.1361079865016873
0 0.85 0.3982002249718785 0.3 0.13498312710911137
0 0.259 0.5050618672665916 0.434 0.11698537682789652
0 0.035 0.500562429696288 0.07 0.10798650168728909
0 0.834 0.6366704161979753 0.332 0.12598425196850394
0 0.445 0.6175478065241845 0.438 0.12148481439820022
0 0.122 0.6029246344206974 0.244 0.11473565804274466
0 0.742 0.7379077615298087 0.516 0.1372328458942632
0 0.286 0.7092238470191226 0.388 0.10686164229471316
0 0.057 0.6934758155230596 0.114 0.08661417322834646
0 0.837 0.8532058492688414 0.326 0.14735658042744657
0 0.512 0.8217097862767154 0.304 0.13385826771653545
0 0.185 0.7980877390326209 0.37 0.13835770528683913
0 0.656 0.9280089988751407 0.592 0.1439820022497188
0 0.229 0.9038245219347582 0.278 0.11811023622047244
0 0.057 0.8886389201349831 0.114 0.10348706411698538
0 0.455 0.3914510686164229 0.478 0.12598425196850394
0 0.118 0.38976377952755903 0.236 0.11586051743532058
0 0.227 0.25984251968503935 0.454 0.14173228346456693
0 0.728 0.2530933633295838 0.544 0.15523059617547807
0 0.704 0.09280089988751405 0.592 0.1856017997750281
0 0.203 0.09955005624296963 0.406 0.19910011248593926
