0 0.104 0.076 0.208 0.152
0 0.275 0.07466666666666667 0.134 0.14933333333333335
0 0.4 0.014666666666666666 0.124 0.029333333333333333
0 0.406 0.11333333333333333 0.132 0.216
0 0.499 0.068 0.07 0.136
0 0.581 0.08 0.098 0.16
0 0.674 0.104 0.088 0.16533333333333333
0 0.12 0.34 0.24 0.456
0 0.221 0.7853333333333333 0.438 0.42933333333333334
0 0.492 0.7186666666666667 0.116 0.25333333333333335
0 0.494 0.9186666666666666 0.116 0.15733333333333333
0 0.379 0.3933333333333333 0.278 0.408
0 0.277 0.18133333333333335 0.138 0.112
0 0.505 0.208 0.07 0.176
0 0.587 0.22266666666666668 0.106 0.17333333333333334
0 0.681 0.244 0.09 0.15733333333333333
0 0.526 0.3586666666666667 0.036 0.136
0 0.594 0.364 0.104 0.136
0 0.687 0.376 0.09 0.13333333333333333
0 0.564 0.516 0.104 0.184
0 0.664 0.52 0.116 0.18133333333333335
0 0.771 0.5266666666666666 0.098 0.168
0 0.64 0.7253333333333334 0.18 0.22933333333333333
0 0.605 0.9226666666666666 0.11 0.15466666666666667
0 0.634 0.9133333333333333 0.156 0.17333333333333334
0 0.829 0.7026666666666667 0.206 0.20533333333333334
0 0.772 0.8933333333333333 0.144 0.208
0 0.887 0.8933333333333333 0.118 0.208
0 0.639 0.021333333333333333 0.142 0.042666666666666665
0 0.756 0.05733333333333333 0.092 0.11466666666666667
0 0.765 0.148 0.094 0.2
0 0.763 0.2906666666666667 0.078 0.16533333333333333
0 0.786 0.4226666666666667 0.112 0.152
0 0.824 0.02266666666666667 0.052 0.04533333333333334
0 0.869 0.09733333333333333 0.134 0.19466666666666665
0 0.965 0.05733333333333333 0.07 0.11466666666666667
0 0.837 0.25466666666666665 0.082 0.18933333333333333
0 0.926 0.20933333333333334 0.116 0.232
0 0.987 0.17866666666666667 0.026 0.19733333333333333
0 0.901 0.3893333333333333 0.142 0.20266666666666666
0 0.981 0.36666666666666664 0.034 0.19466666666666665
0 0.861 0.5413333333333333 0.082 0.11733333333333333
0 0.948 0.56 0.1 0.192
0 0.962 0.7493333333333333 0.076 0.192
0 0.968 0.9146666666666666 0.064 0.16533333333333333
