0 0.0875 0.19321533923303835 0.175 0.20353982300884957
0 0.08916666666666667 0.3584070796460177 0.17833333333333334 0.15634218289085547
0 0.13 0.5206489675516224 0.07666666666666666 0.168141592920354
0 0.24 0.5530973451327433 0.23666666666666666 0.28023598820059
0 0.25083333333333335 0.3421828908554572 0.18166666666666667 0.16519174041297935
0 0.25833333333333336 0.17404129793510326 0.22 0.19469026548672566
0 0.45166666666666666 0.19174041297935104 0.24333333333333335 0.25958702064896755
0 0.6916666666666667 0.1696165191740413 0.27666666666666667 0.25073746312684364
0 0.45916666666666667 0.584070796460177 0.21833333333333332 0.18289085545722714
0 0.4583333333333333 0.4056047197640118 0.23 0.1976401179941003
0 0.6983333333333334 0.3938053097345133 0.24666666666666667 0.18584070796460178
0 0.6891666666666667 0.5811209439528023 0.23833333333333334 0.18289085545722714
0 0.2633333333333333 0.7654867256637168 0.21666666666666667 0.18584070796460178
0 0.2725 0.9174041297935103 0.20833333333333334 0.16519174041297935
0 0.47 0.7492625368731564 0.22 0.1710914454277286
0 0.4775 0.9011799410029498 0.20833333333333334 0.1504424778761062
0 0.6966666666666667 0.7433628318584071 0.21666666666666667 0.17699115044247787
0 0.4841666666666667 0.9896755162241888 0.20166666666666666 0.02064896755162242
0 0.6975 0.9085545722713865 0.21833333333333332 0.16519174041297935
0 0.6966666666666667 0.9896755162241888 0.19666666666666666 0.02064896755162242
0 0.8991666666666667 0.7595870206489675 0.20166666666666666 0.4808259587020649
0 0.05583333333333333 0.5575221238938053 0.10833333333333334 0.3185840707964602
0 0.11333333333333333 0.7669616519174042 0.09333333333333334 0.3185840707964602
0 0.05416666666666667 0.8569321533923304 0.10833333333333334 0.2861356932153392
0 0.009166666666666667 0.9262536873156342 0.018333333333333333 0.1415929203539823
0 0.14583333333333334 0.911504424778761 0.07166666666666667 0.1710914454277286
0 0.105 0.9631268436578171 0.056666666666666664 0.07374631268436578
