0 0.026694045174537988 0.5838461538461538 0.053388090349075976 0.2230769230769231
0 0.015400410677618069 0.74 0.030800821355236138 0.2
0 0.14476386036960986 0.7923076923076923 0.2032854209445585 0.13846153846153847
0 0.3295687885010267 0.7815384615384615 0.18275154004106775 0.14153846153846153
0 0.5441478439425051 0.8453846153846154 0.23819301848049282 0.21384615384615385
0 0.433264887063655 0.7653846153846153 0.024640657084188913 0.10615384615384615
0 0.7669404517453798 0.8438461538461538 0.21149897330595482 0.14923076923076922
0 0.9332648870636551 0.8307692307692308 0.13347022587268995 0.14461538461538462
0 0.5862422997946611 0.43846153846153846 0.162217659137577 0.033846153846153845
0 0.7987679671457906 0.4430769230769231 0.19301848049281314 0.04
0 0.660164271047228 0.4207692307692308 0.1293634496919918 0.007692307692307693
0 0.5328542094455853 0.5238461538461539 0.21149897330595482 0.1523076923076923
0 0.4486652977412731 0.4338461538461538 0.039014373716632446 0.036923076923076927
0 0.4938398357289528 0.4323076923076923 0.030800821355236138 0.021538461538461538
0 0.34291581108829566 0.3946153846153846 0.18480492813141683 0.13076923076923078
0 0.757700205338809 0.5453846153846154 0.2587268993839836 0.1676923076923077
0 0.6714579055441479 0.4553846153846154 0.18480492813141683 0.027692307692307693
0 0.9117043121149897 0.5423076923076923 0.17659137577002054 0.1676923076923077
0 0.4342915811088296 0.64 0.030800821355236138 0.1476923076923077
0 0.3326488706365503 0.5138461538461538 0.18480492813141683 0.15076923076923077
0 0.13860369609856263 0.5307692307692308 0.19096509240246407 0.15076923076923077
0 0.1457905544147844 0.4469230769230769 0.17248459958932238 0.02
0 0.14681724845995894 0.666923076923077 0.19507186858316222 0.14307692307692307
0 0.33675564681724846 0.6561538461538462 0.17659137577002054 0.14615384615384616
0 0.5523613963039015 0.7015384615384616 0.2464065708418891 0.20615384615384616
0 0.7535934291581109 0.69 0.2546201232032854 0.18307692307692308
0 0.9363449691991786 0.6953846153846154 0.1273100616016427 0.15076923076923077
