0 0.192 0.05172413793103448 0.384 0.10344827586206896
0 0.18 0.2773613193403298 0.36 0.3868065967016492
0 0.199 0.6559220389805097 0.398 0.3853073463268366
0 0.202 0.9130434782608695 0.404 0.17391304347826086
0 0.505 0.095952023988006 0.302 0.17691154422788605
0 0.508 0.26686656671664166 0.308 0.17691154422788605
0 0.514 0.4205397301349325 0.316 0.1634182908545727
0 0.533 0.5779610194902549 0.282 0.15742128935532235
0 0.546 0.6889055472263869 0.304 0.07946026986506746
0 0.677 0.848575712143928 0.57 0.29985007496251875
0 0.821 0.6746626686656672 0.282 0.2098950524737631
0 0.83 0.39430284857571213 0.34 0.3658170914542729
