0 0.194 0.17616191904047976 0.388 0.20539730134932535
0 0.627 0.18140929535232383 0.47 0.20089955022488756
0 0.925 0.18815592203898052 0.15 0.19640179910044978
0 0.194 0.36881559220389803 0.388 0.18590704647676162
0 0.615 0.37106446776611696 0.454 0.18140929535232383
0 0.914 0.3778110944527736 0.172 0.17691154422788605
0 0.19 0.5427286356821589 0.38 0.1619190404797601
0 0.19 0.7023988005997002 0.38 0.1634182908545727
0 0.207 0.8605697151424287 0.414 0.15592203898050974
0 0.607 0.5449775112443778 0.426 0.1724137931034483
0 0.907 0.5472263868065967 0.186 0.17391304347826086
0 0.596 0.7061469265367316 0.42 0.1619190404797601
0 0.903 0.7076461769115442 0.194 0.16491754122938532
0 0.618 0.8598200899550225 0.416 0.16941529235382308
0 0.91 0.863568215892054 0.18 0.14392803598200898
