0 0.12362030905077263 0.11461538461538462 0.22075055187637968 0.15846153846153846
0 0.3344370860927152 0.12692307692307692 0.20088300220750552 0.1523076923076923
0 0.5353200883002207 0.13846153846153847 0.19646799116997793 0.1476923076923077
0 0.7847682119205298 0.15384615384615385 0.293598233995585 0.1476923076923077
0 0.9613686534216336 0.15923076923076923 0.0772626931567329 0.13384615384615384
0 0.12141280353200883 0.26076923076923075 0.2251655629139073 0.15846153846153846
0 0.3333333333333333 0.27076923076923076 0.20750551876379691 0.15076923076923077
0 0.5331125827814569 0.2792307692307692 0.19646799116997793 0.14615384615384616
0 0.7803532008830022 0.29307692307692307 0.2891832229580574 0.14615384615384616
0 0.9105960264900662 0.4369230769230769 0.17880794701986755 0.14153846153846153
0 0.9591611479028698 0.2976923076923077 0.08167770419426049 0.14
0 0.4746136865342163 0.42 0.30022075055187636 0.15076923076923077
0 0.16666666666666666 0.41307692307692306 0.32450331125827814 0.15538461538461537
0 0.15562913907284767 0.5623076923076923 0.31125827814569534 0.1523076923076923
0 0.717439293598234 0.43615384615384617 0.2119205298013245 0.14307692307692307
0 0.9094922737306843 0.5776923076923077 0.18101545253863136 0.14
0 0.7130242825607064 0.5761538461538461 0.2119205298013245 0.14307692307692307
0 0.4602649006622517 0.5661538461538461 0.2980132450331126 0.1476923076923077
0 0.09823399558498896 0.7146153846153847 0.19646799116997793 0.1523076923076923
0 0.2969094922737307 0.7123076923076923 0.2097130242825607 0.1476923076923077
0 0.5033112582781457 0.7115384615384616 0.1986754966887417 0.14615384615384616
0 0.7041942604856513 0.7176923076923077 0.20309050772626933 0.1523076923076923
0 0.9028697571743929 0.7176923076923077 0.19426048565121412 0.14615384615384616
0 0.9514348785871964 0.8561538461538462 0.09713024282560706 0.13076923076923078
0 0.7549668874172185 0.8607692307692307 0.304635761589404 0.13692307692307693
0 0.9337748344370861 0.96 0.13245033112582782 0.08
0 0.7163355408388521 0.9538461538461539 0.2891832229580574 0.09230769230769231
0 0.09492273730684327 0.8661538461538462 0.18984547461368653 0.15384615384615385
0 0.1346578366445916 0.9692307692307692 0.2693156732891832 0.06153846153846154
0 0.4227373068432671 0.9653846153846154 0.30242825607064017 0.06923076923076923
0 0.2958057395143488 0.8607692307692307 0.22075055187637968 0.14923076923076922
0 0.5 0.8592307692307692 0.20088300220750552 0.14923076923076922
