0 0.19222462203023757 0.20096463022508038 0.3801295896328294 0.2057877813504823
0 0.19654427645788336 0.38183279742765275 0.3930885529157667 0.25241157556270094
0 0.36285097192224625 0.31270096463022506 0.038876889848812095 0.06913183279742766
0 0.37904967602591794 0.385048231511254 0.023758099352051837 0.06913183279742766
0 0.21814254859611232 0.635048231511254 0.4319654427645788 0.24115755627009647
0 0.23110151187904968 0.9003215434083601 0.46220302375809935 0.19935691318327975
0 0.724622030237581 0.8344051446945338 0.5464362850971922 0.3279742765273312
0 0.7159827213822895 0.5546623794212219 0.5464362850971922 0.2572347266881029
0 0.6058315334773218 0.39308681672025725 0.4168466522678186 0.1752411575562701
0 0.5766738660907127 0.2427652733118971 0.35853131749460043 0.14469453376205788
0 0.44168466522678185 0.24678456591639872 0.10583153347732181 0.027331189710610933
0 0.5064794816414687 0.21463022508038584 0.24838012958963282 0.04662379421221865
0 0.5485961123110151 0.16559485530546625 0.3412526997840173 0.05466237942122187
0 0.5475161987041036 0.09887459807073955 0.38228941684665224 0.09807073954983923
0 0.5691144708423326 0.04742765273311897 0.41252699784017277 0.07877813504823152
0 0.5637149028077754 0.01607717041800643 0.42332613390928725 0.028938906752411574
0 0.8693304535637149 0.07556270096463022 0.2570194384449244 0.14790996784565916
0 0.857451403887689 0.1977491961414791 0.28077753779697623 0.13183279742765272
0 0.8725701943844493 0.2909967845659164 0.22894168466522677 0.06430868167202572
