0 0.891 0.6341829085457271 0.182 0.14392803598200898
0 0.848 0.48875562218890556 0.264 0.14992503748125938
0 0.835 0.7743628185907047 0.258 0.1424287856071964
0 0.717 0.631184407796102 0.174 0.14392803598200898
0 0.545 0.6281859070464768 0.17 0.14392803598200898
0 0.617 0.17616191904047976 0.27 0.1664167916041979
0 0.878 0.17541229385307347 0.244 0.17091454272863568
0 0.336 0.18365817091454273 0.284 0.16041979010494753
0 0.098 0.18815592203898052 0.196 0.15742128935532235
0 0.385 0.07196401799100449 0.194 0.14392803598200898
0 0.207 0.05547226386806597 0.17 0.11094452773613193
0 0.062 0.05697151424287856 0.124 0.11394302848575712
0 0.575 0.0472263868065967 0.186 0.0944527736131934
0 0.768 0.0472263868065967 0.188 0.0944527736131934
0 0.93 0.04572713643178411 0.14 0.09145427286356822
0 0.548 0.335832083958021 0.172 0.15292353823088456
0 0.723 0.3365817091454273 0.182 0.15442278860569716
0 0.904 0.3373313343328336 0.188 0.15592203898050974
0 0.375 0.34182908545727136 0.178 0.15892053973013492
0 0.204 0.33883058470764615 0.172 0.14992503748125938
0 0.062 0.3395802098950525 0.124 0.14842578710644677
0 0.326 0.48650674662668664 0.26 0.1454272863568216
0 0.099 0.48650674662668664 0.198 0.1454272863568216
0 0.373 0.6281859070464768 0.178 0.15292353823088456
0 0.204 0.6289355322338831 0.164 0.1424287856071964
0 0.062 0.6274362818590704 0.124 0.136431784107946
0 0.336 0.7698650674662668 0.256 0.1454272863568216
0 0.106 0.767616191904048 0.212 0.14392803598200898
0 0.587 0.7638680659670165 0.246 0.136431784107946
0 0.593 0.9137931034482759 0.286 0.1724137931034483
0 0.879 0.9535232383808095 0.242 0.09295352323838081
0 0.86 0.9160419790104948 0.28 0.1679160419790105
0 0.381 0.9070464767616192 0.17 0.15592203898050974
0 0.218 0.9077961019490255 0.16 0.13943028485757122
0 0.071 0.9055472263868066 0.142 0.13493253373313344
0 0.34 0.9887556221889056 0.22 0.022488755622188907
0 0.115 0.9835082458770614 0.23 0.03298350824587706
0 0.5894764397905758 0.48549023917360695 0.2544502617801046 0.14521535043996328
