0 0.406 0.27727784026996627 0.068 0.030371203599550055
0 0.403 0.30821147356580425 0.07 0.031496062992125984
0 0.476 0.2795275590551181 0.068 0.03262092238470191
0 0.549 0.2823397075365579 0.09 0.03374578177727784
0 0.47 0.31046119235095615 0.072 0.031496062992125984
0 0.546 0.3143982002249719 0.088 0.03487064116985377
0 0.4 0.3312710911136108 0.068 0.021372328458942633
0 0.468 0.33520809898762655 0.068 0.020247469066366704
0 0.543 0.35545556805399325 0.086 0.05174353205849269
0 0.038 0.3672665916760405 0.056 0.03262092238470191
0 0.135 0.3672665916760405 0.13 0.043869516310461196
0 0.237 0.3717660292463442 0.074 0.04161979752530934
0 0.052 0.39876265466816646 0.08 0.03937007874015748
0 0.125 0.4043869516310461 0.078 0.03262092238470191
0 0.198 0.4043869516310461 0.076 0.03262092238470191
0 0.254 0.4032620922384702 0.032 0.021372328458942633
0 0.055 0.437570303712036 0.102 0.03824521934758155
0 0.13 0.4398200224971879 0.06 0.04049493813273341
0 0.048 0.47131608548931386 0.096 0.03824521934758155
0 0.121 0.47581552305961755 0.062 0.0359955005624297
0 0.034 0.49606299212598426 0.068 0.015748031496062992
0 0.104 0.5050618672665916 0.076 0.02699662542182227
0 0.338 0.35883014623172105 0.12 0.04274465691788527
0 0.436 0.36164229471316084 0.088 0.043869516310461196
0 0.52 0.3700787401574803 0.096 0.049493813273340834
0 0.327 0.39876265466816646 0.114 0.04161979752530934
0 0.426 0.40101237345331836 0.092 0.04161979752530934
0 0.512 0.40719910011248595 0.1 0.04049493813273341
0 0.232 0.4409448818897638 0.16 0.05849268841394826
0 0.361 0.4448818897637795 0.118 0.05511811023622047
0 0.481 0.4544431946006749 0.13 0.06749156355455568
0 0.221 0.4932508436445444 0.162 0.05961754780652419
0 0.354 0.49718785151856015 0.12 0.0562429696287964
0 0.474 0.5022497187851519 0.132 0.05736782902137233
0 0.192 0.5449943757030371 0.124 0.05961754780652419
0 0.304 0.5500562429696289 0.128 0.0562429696287964
0 0.442 0.5562429696287964 0.168 0.06186726659167604
0 0.177 0.6001124859392576 0.126 0.05961754780652419
0 0.29 0.6046119235095613 0.12 0.05736782902137233
0 0.432 0.6113610798650169 0.176 0.06411698537682789
0 0.181 0.6552305961754781 0.162 0.05736782902137233
0 0.317 0.6608548931383577 0.13 0.05961754780652419
0 0.442 0.6676040494938132 0.14 0.06186726659167604
0 0.148 0.7109111361079865 0.124 0.05849268841394826
0 0.26 0.7154105736782902 0.128 0.06299212598425197
0 0.406 0.7210348706411699 0.192 0.07424071991001124
0 0.131 0.7637795275590551 0.126 0.06074240719910011
0 0.246 0.7722159730033745 0.128 0.05961754780652419
0 0.398 0.781214848143982 0.192 0.06186726659167604
0 0.149 0.8233970753655793 0.162 0.06524184476940383
0 0.131 0.8728908886389202 0.166 0.05174353205849269
0 0.283 0.8323959505061868 0.126 0.06749156355455568
0 0.274 0.8835770528683915 0.124 0.052868391451068614
0 0.413 0.8385826771653543 0.146 0.06636670416197975
0 0.409 0.8942632170978627 0.15 0.06074240719910011
0 0.564 0.9184476940382452 0.172 0.021372328458942633
0 0.568 0.889763779527559 0.176 0.0562429696287964
0 0.573 0.8470191226096738 0.17 0.05399325084364454
0 0.572 0.8042744656917885 0.176 0.049493813273340834
0 0.583 0.7626546681664792 0.174 0.05174353205849269
0 0.761 0.7727784026996626 0.194 0.05174353205849269
0 0.759 0.8155230596175478 0.198 0.05174353205849269
0 0.768 0.8582677165354331 0.22 0.05849268841394826
0 0.771 0.905511811023622 0.234 0.05849268841394826
0 0.769 0.9392575928008999 0.234 0.03824521934758155
0 0.627 0.7215973003374578 0.246 0.05061867266591676
0 0.634 0.6782902137232846 0.252 0.05174353205849269
0 0.64 0.6372328458942632 0.252 0.05061867266591676
0 0.644 0.594488188976378 0.252 0.052868391451068614
0 0.651 0.5534308211473565 0.246 0.047244094488188976
0 0.808 0.7283464566929134 0.112 0.048368953880764905
0 0.812 0.6861642294713161 0.112 0.047244094488188976
0 0.814 0.6439820022497188 0.108 0.04611923509561305
0 0.821 0.6012373453318335 0.106 0.04611923509561305
0 0.827 0.5601799775028121 0.11 0.04049493813273341
0 0.615 0.5202474690663667 0.142 0.030371203599550055
0 0.624 0.48931383577052867 0.14 0.03374578177727784
0 0.637 0.4150731158605174 0.118 0.02699662542182227
0 0.638 0.38976377952755903 0.116 0.030371203599550055
0 0.643 0.359392575928009 0.122 0.03262092238470191
0 0.649 0.3312710911136108 0.118 0.030371203599550055
0 0.652 0.30371203599550056 0.124 0.02924634420697413
0 0.8 0.3065241844769404 0.176 0.03262092238470191
0 0.796 0.3346456692913386 0.184 0.03262092238470191
0 0.792 0.36220472440944884 0.188 0.03374578177727784
0 0.792 0.38245219347581555 0.188 0.01799775028121485
0 0.792 0.4043869516310461 0.188 0.03262092238470191
0 0.793 0.4364454443194601 0.194 0.0359955005624297
0 0.79 0.46400449943757033 0.192 0.025871766029246346
0 0.789 0.4881889763779528 0.194 0.02924634420697413
0 0.787 0.5196850393700787 0.198 0.04499437570303712
0 0.676 0.1124859392575928 0.112 0.02699662542182227
0 0.672 0.13948256467941508 0.12 0.02699662542182227
0 0.667 0.16647919010123735 0.114 0.02699662542182227
0 0.665 0.19178852643419572 0.114 0.0281214848143982
0 0.692 0.22103487064116986 0.172 0.030371203599550055
0 0.688 0.250281214848144 0.18 0.025871766029246346
0 0.684 0.2761529808773903 0.18 0.0281214848143982
0 0.833 0.11473565804274466 0.202 0.02924634420697413
0 0.83 0.140607424071991 0.208 0.024746906636670417
0 0.816 0.16816647919010125 0.184 0.0281214848143982
0 0.808 0.19516310461192352 0.176 0.030371203599550055
0 0.858 0.2232845894263217 0.156 0.0281214848143982
0 0.852 0.250281214848144 0.152 0.0281214848143982
0 0.843 0.27896512935883017 0.146 0.02699662542182227
0 0.917 0.19516310461192352 0.042 0.030371203599550055
0 0.931 0.16760404949381327 0.066 0.024746906636670417
0 0.636 0.4431946006749156 0.116 0.02924634420697413
0 0.634 0.46625421822272217 0.124 0.019122609673790775
