0 0.928 0.353 0.144 0.194
0 0.516 0.099 0.14 0.162
0 0.843 0.349 0.142 0.19
0 0.759 0.348 0.134 0.192
0 0.673 0.35 0.106 0.188
0 0.59 0.347 0.088 0.186
0 0.499 0.348 0.09 0.184
0 0.418 0.345 0.112 0.178
0 0.335 0.342 0.122 0.176
0 0.258 0.34 0.148 0.184
0 0.182 0.333 0.16 0.178
0 0.125 0.52 0.146 0.192
0 0.213 0.522 0.15 0.196
0 0.326 0.527 0.124 0.19
0 0.42 0.529 0.108 0.194
0 0.516 0.533 0.1 0.194
0 0.593 0.505 0.062 0.13
0 0.667 0.506 0.094 0.128
0 0.764 0.51 0.096 0.132
0 0.854 0.508 0.104 0.132
0 0.938 0.512 0.104 0.132
0 0.921 0.636 0.102 0.124
0 0.895 0.753 0.094 0.11
0 0.833 0.633 0.094 0.118
0 0.756 0.634 0.08 0.12
0 0.817 0.75 0.07 0.112
0 0.771 0.797 0.102 0.21
0 0.68 0.671 0.108 0.198
0 0.586 0.671 0.096 0.202
0 0.492 0.694 0.092 0.136
0 0.398 0.691 0.096 0.134
0 0.3 0.678 0.092 0.164
0 0.205 0.684 0.098 0.136
0 0.677 0.832 0.094 0.12
0 0.583 0.831 0.094 0.118
0 0.491 0.823 0.09 0.126
0 0.4 0.819 0.088 0.126
0 0.309 0.817 0.094 0.118
0 0.22 0.814 0.096 0.124
0 0.115 0.683 0.106 0.138
0 0.131 0.811 0.102 0.118
