0 0.11012396694214875 0.7985537190082644 0.12052341597796142 0.35330578512396693
0 0.21480716253443524 0.4896694214876033 0.08608815426997245 0.29338842975206614
0 0.1927685950413223 0.8073347107438016 0.11914600550964186 0.3605371900826446
0 0.28195592286501375 0.8104338842975206 0.11019283746556473 0.3522727272727273
0 0.2971074380165289 0.49483471074380164 0.07988980716253442 0.29752066115702486
0 0.3683884297520661 0.8119834710743801 0.1039944903581267 0.347107438016529
0 0.3783746556473829 0.4927685950413223 0.08539944903581265 0.29545454545454547
0 0.46411845730027546 0.49276859504132225 0.08333333333333333 0.2933884297520661
0 0.4551652892561983 0.8145661157024793 0.09573002754820929 0.34814049586776846
0 0.5460743801652892 0.4927685950413223 0.08608815426997245 0.2995867768595041
0 0.5481404958677686 0.8150826446280991 0.09435261707988978 0.3471074380165288
0 0.6287190082644627 0.496900826446281 0.08608815426997245 0.2995867768595041
0 0.6376721763085399 0.8145661157024793 0.099862258953168 0.3460743801652892
0 0.7106749311294766 0.49535123966942146 0.08746556473829205 0.30061983471074377
0 0.7984848484848485 0.4984504132231405 0.09228650137741042 0.3068181818181818
0 0.7258264462809917 0.8150826446280991 0.10812672176308533 0.3367768595041322
0 0.8115702479338841 0.8161157024793387 0.11157024793388429 0.33471074380165283
0 0.899724517906336 0.8125 0.11294765840220379 0.3336776859504132
0 0.8728650137741045 0.621900826446281 0.07438016528925624 0.053719008264462784
