0 0.840625 0.15416666666666667 0.31875 0.225
0 0.84375 0.3875 0.3125 0.24166666666666667
0 0.840625 0.6208333333333333 0.31875 0.24166666666666667
0 0.8375 0.8625 0.325 0.24166666666666667
0 0.503125 0.15833333333333333 0.35625 0.23333333333333334
0 0.5 0.38333333333333336 0.3625 0.21666666666666667
0 0.503125 0.6041666666666666 0.35625 0.24166666666666667
0 0.5 0.8416666666666667 0.3625 0.25
0 0.1625 0.175 0.325 0.26666666666666666
0 0.1625 0.37083333333333335 0.325 0.225
0 0.165625 0.5958333333333333 0.33125 0.225
0 0.1625 0.8166666666666667 0.325 0.2833333333333333
