0 0.861 0.1 0.278 0.152
0 0.712 0.09866666666666667 0.028 0.13333333333333333
0 0.706 0.22666666666666666 0.028 0.13866666666666666
0 0.86 0.24533333333333332 0.28 0.14933333333333335
0 0.861 0.384 0.278 0.16
0 0.871 0.5306666666666666 0.258 0.13333333333333333
0 0.865 0.664 0.27 0.13333333333333333
0 0.859 0.7933333333333333 0.282 0.13066666666666665
0 0.854 0.92 0.292 0.128
0 0.592 0.10533333333333333 0.192 0.12533333333333332
0 0.593 0.228 0.194 0.12
0 0.668 0.38666666666666666 0.172 0.16533333333333333
0 0.664 0.5053333333333333 0.176 0.17866666666666667
0 0.596 0.3413333333333333 0.192 0.12266666666666666
0 0.54 0.456 0.084 0.128
0 0.617 0.6253333333333333 0.238 0.21066666666666667
0 0.608 0.768 0.224 0.18133333333333335
0 0.601 0.896 0.218 0.176
0 0.395 0.112 0.19 0.11733333333333333
0 0.396 0.23466666666666666 0.184 0.12266666666666666
0 0.402 0.35333333333333333 0.184 0.12
0 0.396 0.4706666666666667 0.18 0.12
0 0.401 0.5933333333333334 0.174 0.13066666666666665
0 0.404 0.7093333333333334 0.168 0.112
0 0.405 0.82 0.17 0.11466666666666667
0 0.168 0.09866666666666667 0.264 0.13333333333333333
0 0.147 0.23333333333333334 0.294 0.136
0 0.148 0.36533333333333334 0.284 0.128
0 0.155 0.48933333333333334 0.29 0.152
0 0.207 0.6573333333333333 0.154 0.168
0 0.203 0.7906666666666666 0.15 0.136
0 0.205 0.8973333333333333 0.146 0.15733333333333333
0 0.069 0.5333333333333333 0.138 0.15466666666666667
0 0.07 0.66 0.14 0.16266666666666665
0 0.065 0.804 0.13 0.13066666666666665
0 0.067 0.9186666666666666 0.134 0.12
