0 0.258 0.21064467766116943 0.516 0.4032983508245877
0 0.758 0.20239880059970014 0.484 0.4017991004497751
0 0.325 0.5119940029985007 0.402 0.22938530734632684
0 0.735 0.5142428785607196 0.414 0.22488755622188905
0 0.359 0.6911544227886057 0.314 0.13193403298350825
0 0.675 0.6941529235382309 0.318 0.13493253373313344
0 0.388 0.7946026986506747 0.256 0.08695652173913043
0 0.643 0.7961019490254873 0.254 0.08995502248875563
0 0.126 0.7796101949025487 0.252 0.20389805097451275
0 0.111 0.651424287856072 0.218 0.22638680659670166
0 0.087 0.4775112443778111 0.17 0.2653673163418291
