0 0.2 0.8233333333333334 0.4 0.24666666666666667
0 0.5833333333333334 0.8366666666666667 0.3933333333333333 0.24666666666666667
0 0.5833333333333334 0.5933333333333334 0.3933333333333333 0.24
0 0.19333333333333333 0.5866666666666667 0.38666666666666666 0.24
0 0.5866666666666667 0.35 0.4 0.24666666666666667
0 0.19666666666666666 0.3433333333333333 0.3933333333333333 0.26
0 0.19666666666666666 0.11333333333333333 0.3933333333333333 0.22666666666666666
0 0.5966666666666667 0.11333333333333333 0.4066666666666667 0.22666666666666666
0 0.8666666666666667 0.18333333333333332 0.17333333333333334 0.36666666666666664
0 0.8566666666666667 0.7666666666666667 0.15333333333333332 0.4666666666666667
