0 0.491 0.29610194902548725 0.95 0.24437781109445278
0 0.13 0.5232383808095952 0.204 0.2158920539730135
0 0.313 0.5187406296851574 0.198 0.2128935532233883
0 0.504 0.5179910044977512 0.196 0.21739130434782608
0 0.688 0.512743628185907 0.208 0.2128935532233883
0 0.874 0.5104947526236882 0.22 0.21739130434782608
0 0.108 0.7571214392803598 0.216 0.25787106446776614
0 0.313 0.7503748125937032 0.202 0.2653673163418291
0 0.519 0.7481259370314842 0.202 0.25787106446776614
0 0.719 0.7488755622188905 0.226 0.2593703148425787
0 0.897 0.7413793103448276 0.206 0.2593703148425787
