0 0.6928327645051194 0.5113636363636364 0.17064846416382254 0.17727272727272728
0 0.8600682593856656 0.5045454545454545 0.16382252559726962 0.18181818181818182
0 0.8805460750853242 0.6772727272727272 0.17747440273037543 0.20909090909090908
0 0.8993174061433447 0.875 0.1945392491467577 0.19545454545454546
0 0.7133105802047781 0.8909090909090909 0.19795221843003413 0.2
0 0.5136518771331058 0.8863636363636364 0.20819112627986347 0.20909090909090908
0 0.28498293515358364 0.8909090909090909 0.1945392491467577 0.2
0 0.09385665529010238 0.8909090909090909 0.18771331058020477 0.20909090909090908
0 0.3191126279863481 0.6863636363636364 0.18771331058020477 0.2
0 0.10580204778156997 0.6977272727272728 0.21160409556313994 0.21363636363636362
0 0.5238907849829352 0.6909090909090909 0.18771331058020477 0.19090909090909092
0 0.7064846416382252 0.6931818181818182 0.18430034129692832 0.19545454545454546
0 0.5204778156996587 0.5068181818181818 0.16723549488054607 0.17727272727272728
0 0.6945392491467577 0.3409090909090909 0.16723549488054607 0.19090909090909092
0 0.863481228668942 0.3386363636363636 0.16382252559726962 0.17727272727272728
0 0.841296928327645 0.18409090909090908 0.16040955631399317 0.1590909090909091
0 0.6808873720136519 0.17272727272727273 0.16723549488054607 0.16363636363636364
0 0.5221843003412969 0.32045454545454544 0.17747440273037543 0.1590909090909091
0 0.5170648464163823 0.16818181818181818 0.16040955631399317 0.15454545454545454
0 0.3395904436860068 0.32272727272727275 0.18771331058020477 0.19090909090909092
0 0.33447098976109213 0.4954545454545455 0.19112627986348124 0.18181818181818182
0 0.13139931740614336 0.5068181818181818 0.2150170648464164 0.19545454545454546
0 0.1552901023890785 0.33636363636363636 0.1945392491467577 0.18181818181818182
0 0.17747440273037543 0.16590909090909092 0.19112627986348124 0.19545454545454546
0 0.3532423208191126 0.16818181818181818 0.16723549488054607 0.17272727272727273
