0 0.27575757575757576 0.09318181818181819 0.4666666666666667 0.18636363636363637
0 0.7515151515151515 0.09772727272727273 0.4727272727272727 0.19545454545454546
0 0.7212121212121212 0.35454545454545455 0.4484848484848485 0.3090909090909091
0 0.2878787878787879 0.3477272727272727 0.4303030303030303 0.32272727272727275
0 0.2545454545454545 0.6045454545454545 0.37575757575757573 0.2727272727272727
0 0.6393939393939394 0.6318181818181818 0.3939393939393939 0.24545454545454545
0 0.6151515151515151 0.8545454545454545 0.34545454545454546 0.20909090909090908
0 0.2636363636363636 0.8454545454545455 0.34545454545454546 0.20909090909090908
0 0.2515151515151515 0.9613636363636363 0.3090909090909091 0.07727272727272727
0 0.5696969696969697 0.9772727272727273 0.30303030303030304 0.045454545454545456
0 0.045454545454545456 0.20454545454545456 0.05454545454545454 0.05454545454545454
0 0.05454545454545454 0.26136363636363635 0.048484848484848485 0.05909090909090909
0 0.015151515151515152 0.2590909090909091 0.030303030303030304 0.05454545454545454
0 0.012121212121212121 0.20454545454545456 0.024242424242424242 0.05454545454545454
0 0.048484848484848485 0.3840909090909091 0.09696969696969697 0.18636363636363637
0 0.03939393939393939 0.5636363636363636 0.07878787878787878 0.21818181818181817
0 0.021212121212121213 0.8227272727272728 0.04242424242424243 0.2636363636363636
0 0.02727272727272727 0.9727272727272728 0.05454545454545454 0.05454545454545454
