0 0.196 0.034574468085106384 0.088 0.06382978723404255
0 0.184 0.09707446808510638 0.068 0.06648936170212766
0 0.182 0.17287234042553193 0.068 0.09042553191489362
0 0.178 0.2473404255319149 0.076 0.07446808510638298
0 0.232 0.16622340425531915 0.044 0.24202127659574468
0 0.269 0.17420212765957446 0.038 0.22606382978723405
0 0.208 0.30851063829787234 0.136 0.05319148936170213
0 0.209 0.36569148936170215 0.138 0.07180851063829788
0 0.208 0.4228723404255319 0.14 0.05851063829787234
0 0.207 0.48271276595744683 0.138 0.061170212765957445
0 0.203 0.5425531914893617 0.138 0.06382978723404255
0 0.201 0.6037234042553191 0.138 0.05851063829787234
0 0.198 0.6582446808510638 0.14 0.061170212765957445
0 0.143 0.7938829787234043 0.242 0.19946808510638298
0 0.195 0.6968085106382979 0.142 0.015957446808510637
0 0.142 0.901595744680851 0.236 0.19680851063829788
0 0.373 0.07180851063829788 0.17 0.14361702127659576
0 0.371 0.19414893617021275 0.174 0.13297872340425532
0 0.537 0.13829787234042554 0.194 0.2765957446808511
0 0.714 0.05053191489361702 0.16 0.10106382978723404
0 0.713 0.11702127659574468 0.162 0.0851063829787234
0 0.719 0.18085106382978725 0.174 0.09042553191489362
0 0.717 0.25398936170212766 0.174 0.09840425531914894
0 0.716 0.3377659574468085 0.18 0.09574468085106383
0 0.721 0.4162234042553192 0.19 0.09308510638297872
0 0.724 0.4946808510638298 0.192 0.09042553191489362
0 0.72 0.5704787234042553 0.184 0.08776595744680851
0 0.65 0.6555851063829787 0.044 0.08776595744680851
0 0.804 0.7047872340425532 0.264 0.18085106382978725
0 0.859 0.851063829787234 0.146 0.11702127659574468
0 0.933 0.9321808510638298 0.134 0.13031914893617022
0 0.665 0.7938829787234043 0.25 0.19414893617021275
0 0.494 0.7965425531914894 0.216 0.19414893617021275
0 0.53 0.9308510638297872 0.192 0.13829787234042554
0 0.335 0.8949468085106383 0.202 0.21010638297872342
0 0.359 0.6768617021276596 0.19 0.24202127659574468
0 0.54 0.636968085106383 0.176 0.15159574468085107
0 0.369 0.4015957446808511 0.19 0.3191489361702128
0 0.544 0.41356382978723405 0.176 0.3058510638297872
0 0.706 0.9428191489361702 0.16 0.11436170212765957
