0 0.127 0.23066666666666666 0.254 0.45066666666666666
0 0.37 0.112 0.288 0.224
0 0.652 0.11333333333333333 0.292 0.22666666666666666
0 0.886 0.108 0.228 0.216
0 0.826 0.376 0.348 0.33066666666666666
0 0.468 0.384 0.4 0.336
0 0.119 0.568 0.238 0.22933333333333333
0 0.421 0.6053333333333333 0.366 0.3466666666666667
0 0.813 0.6533333333333333 0.374 0.25066666666666665
0 0.776 0.8093333333333333 0.356 0.22133333333333333
0 0.41 0.7986666666666666 0.36 0.24266666666666667
0 0.112 0.7893333333333333 0.224 0.224
