0 0.838 0.2826666666666667 0.264 0.3413333333333333
0 0.802 0.5453333333333333 0.372 0.31733333333333336
0 0.861 0.7746666666666666 0.194 0.2
0 0.681 0.792 0.182 0.19733333333333333
0 0.499 0.792 0.178 0.21866666666666668
0 0.519 0.5773333333333334 0.198 0.25333333333333335
0 0.238 0.8106666666666666 0.36 0.24533333333333332
0 0.329 0.5746666666666667 0.21 0.248
0 0.135 0.588 0.23 0.248
0 0.665 0.22666666666666666 0.178 0.4533333333333333
0 0.497 0.296 0.214 0.3253333333333333
0 0.194 0.356 0.388 0.232
0 0.452 0.06933333333333333 0.036 0.048
0 0.456 0.11333333333333333 0.04 0.04533333333333334
0 0.419 0.124 0.034 0.06666666666666667
0 0.345 0.12 0.054 0.037333333333333336
0 0.387 0.148 0.03 0.050666666666666665
0 0.346 0.156 0.048 0.034666666666666665
