0 0.134 0.6653333333333333 0.268 0.264
0 0.195 0.49333333333333335 0.206 0.096
0 0.178 0.38533333333333336 0.236 0.12
0 0.161 0.2693333333333333 0.25 0.13333333333333333
0 0.151 0.13066666666666665 0.29 0.17066666666666666
0 0.381 0.5573333333333333 0.274 0.256
0 0.403 0.37466666666666665 0.218 0.10933333333333334
0 0.393 0.2613333333333333 0.234 0.128
0 0.389 0.12133333333333333 0.254 0.16266666666666665
0 0.642 0.112 0.252 0.16
0 0.636 0.24666666666666667 0.244 0.152
0 0.636 0.248 0.244 0.14933333333333335
0 0.638 0.37333333333333335 0.22 0.112
0 0.659 0.5573333333333333 0.282 0.2613333333333333
0 0.385 0.7413333333333333 0.258 0.112
0 0.156 0.8453333333333334 0.26 0.10133333333333333
0 0.175 0.94 0.246 0.09866666666666667
0 0.407 0.9373333333333334 0.234 0.09333333333333334
0 0.397 0.8453333333333334 0.242 0.10133333333333333
0 0.653 0.74 0.262 0.11466666666666667
0 0.643 0.844 0.246 0.09866666666666667
0 0.641 0.9386666666666666 0.238 0.10133333333333333
0 0.871 0.94 0.242 0.09866666666666667
0 0.883 0.8466666666666667 0.234 0.104
0 0.887 0.74 0.226 0.11466666666666667
0 0.868 0.108 0.264 0.168
0 0.874 0.25066666666666665 0.252 0.13866666666666666
0 0.864 0.372 0.244 0.11466666666666667
0 0.855 0.4786666666666667 0.214 0.104
0 0.893 0.6106666666666667 0.214 0.16533333333333333
