0 0.10666666666666667 0.25 0.21333333333333335 0.22
0 0.34 0.24666666666666667 0.25333333333333335 0.21333333333333335
0 0.6 0.24666666666666667 0.25333333333333335 0.21333333333333335
0 0.8566666666666667 0.24 0.26 0.21333333333333335
0 0.10666666666666667 0.5033333333333333 0.21333333333333335 0.3
0 0.09666666666666666 0.8233333333333334 0.19333333333333333 0.35333333333333333
0 0.3 0.82 0.30666666666666664 0.36
0 0.3333333333333333 0.5 0.28 0.28
0 0.6066666666666667 0.5 0.26666666666666666 0.29333333333333333
0 0.6166666666666667 0.8166666666666667 0.31333333333333335 0.36666666666666664
0 0.8666666666666667 0.5266666666666666 0.26666666666666666 0.37333333333333335
0 0.8633333333333333 0.82 0.2733333333333333 0.36
