0 0.085 0.06 0.17 0.12
0 0.094 0.25866666666666666 0.188 0.2826666666666667
0 0.093 0.52 0.186 0.26666666666666666
0 0.104 0.74 0.208 0.27466666666666667
0 0.311 0.48 0.27 0.24533333333333332
0 0.303 0.26666666666666666 0.254 0.24
0 0.3 0.07866666666666666 0.268 0.15733333333333333
0 0.539 0.076 0.21 0.152
0 0.533 0.25333333333333335 0.21 0.20266666666666666
0 0.541 0.432 0.186 0.208
0 0.321 0.668 0.234 0.24266666666666667
0 0.099 0.9026666666666666 0.198 0.19466666666666665
0 0.315 0.8413333333333334 0.238 0.264
0 0.326 0.9333333333333333 0.224 0.13333333333333333
0 0.531 0.5973333333333334 0.182 0.21333333333333335
0 0.527 0.7546666666666667 0.182 0.224
0 0.53 0.892 0.172 0.216
0 0.533 0.9693333333333334 0.122 0.06133333333333333
0 0.718 0.08133333333333333 0.152 0.16266666666666665
0 0.706 0.248 0.152 0.17066666666666666
0 0.711 0.4066666666666667 0.146 0.17866666666666667
0 0.69 0.5573333333333333 0.144 0.18133333333333335
0 0.683 0.6906666666666667 0.134 0.176
0 0.679 0.8173333333333334 0.126 0.17866666666666667
0 0.661 0.924 0.138 0.152
0 0.685 0.9773333333333334 0.086 0.04533333333333334
0 0.779 0.9386666666666666 0.102 0.12266666666666666
0 0.782 0.86 0.112 0.152
0 0.792 0.7573333333333333 0.116 0.16
0 0.801 0.6426666666666667 0.122 0.16533333333333333
0 0.811 0.5173333333333333 0.122 0.15466666666666667
0 0.835 0.38533333333333336 0.118 0.152
0 0.838 0.24133333333333334 0.136 0.152
0 0.846 0.092 0.128 0.16266666666666665
0 0.918 0.11333333333333333 0.048 0.12533333333333332
0 0.915 0.24266666666666667 0.038 0.12266666666666666
0 0.905 0.36666666666666664 0.042 0.12
0 0.891 0.48133333333333334 0.05 0.12
0 0.879 0.5933333333333334 0.046 0.11466666666666667
0 0.869 0.6986666666666667 0.046 0.11733333333333333
0 0.855 0.796 0.046 0.11466666666666667
0 0.849 0.8866666666666667 0.042 0.10933333333333334
0 0.903 0.856 0.082 0.13866666666666666
0 0.915 0.7626666666666667 0.09 0.12266666666666666
0 0.929 0.6733333333333333 0.094 0.13066666666666665
0 0.94 0.5666666666666667 0.088 0.13066666666666665
0 0.946 0.4653333333333333 0.084 0.13066666666666665
0 0.956 0.36 0.08 0.12266666666666666
0 0.962 0.244 0.076 0.11466666666666667
0 0.965 0.124 0.07 0.12
0 0.919 0.028 0.042 0.050666666666666665
0 0.845 0.014666666666666666 0.106 0.029333333333333333
0 0.967 0.037333333333333336 0.066 0.07466666666666667
