0 0.042 0.12518740629685157 0.084 0.18440779610194902
0 0.137 0.09820089955022489 0.142 0.19640179910044978
0 0.281 0.08695652173913043 0.182 0.17391304347826086
0 0.516 0.068215892053973 0.26 0.136431784107946
0 0.8 0.04122938530734633 0.308 0.08245877061469266
0 0.853 0.18290854572713644 0.294 0.3658170914542729
0 0.606 0.21889055472263869 0.2 0.29985007496251875
0 0.417 0.24287856071964017 0.154 0.24587706146926536
0 0.276 0.25337331334332835 0.132 0.2128935532233883
0 0.175 0.26686656671664166 0.106 0.18590704647676162
0 0.092 0.27361319340329837 0.104 0.1724137931034483
0 0.032 0.2848575712143928 0.064 0.15592203898050974
0 0.806 0.5232383808095952 0.388 0.31784107946026985
0 0.49 0.48875562218890556 0.256 0.25487256371814093
0 0.286 0.4625187406296852 0.168 0.20539730134932535
0 0.152 0.44152923538230887 0.12 0.16941529235382308
0 0.064 0.4340329835082459 0.096 0.15442278860569716
0 0.014 0.4257871064467766 0.028 0.1409295352323838
0 0.781 0.7863568215892054 0.346 0.3373313343328336
0 0.972 0.8260869565217391 0.056 0.2848575712143928
0 0.488 0.7008995502248876 0.232 0.27136431784107945
0 0.293 0.6379310344827587 0.162 0.22338830584707647
0 0.169 0.5944527736131934 0.114 0.17541229385307347
0 0.074 0.5644677661169415 0.088 0.136431784107946
0 0.02 0.5494752623688156 0.04 0.10644677661169415
0 0.311 0.9137931034482759 0.102 0.1724137931034483
0 0.222 0.8755622188905547 0.084 0.15892053973013492
0 0.152 0.8268365817091454 0.068 0.1424287856071964
0 0.0900952380952381 0.7931034482758622 0.068 0.1469265367316342
0 0.028095238095238104 0.7592632255300921 0.06 0.12893553223388307
0 0.423 0.8269916765755054 0.134 0.16372848058729264
0 0.311 0.7968515742128935 0.106 0.19640179910044978
0 0.218 0.7451274362818591 0.092 0.17391304347826086
0 0.141 0.7083958020989505 0.07 0.15742128935532235
0 0.077 0.6754122938530734 0.066 0.14842578710644677
0 0.028 0.6536731634182908 0.056 0.13193403298350825
0 0.5397142857142857 0.8313700292710787 0.09523809523809518 0.07353466124080815
0 0.6568571428571429 0.9141857642607267 0.5104761904761905 0.1677732562290284
0 0.3854285714285714 0.951310059256086 0.043809523809523736 0.09352466623830946
