0 0.536 0.13650306748466257 0.84 0.25766871165644173
0 0.539 0.3642638036809816 0.738 0.20398773006134968
0 0.53 0.5375766871165644 0.656 0.17024539877300612
0 0.526 0.6878834355828221 0.608 0.14877300613496933
0 0.526 0.8136503067484663 0.56 0.1273006134969325
0 0.526 0.9156441717791411 0.508 0.09202453987730061
0 0.144 0.8987730061349694 0.288 0.10122699386503067
0 0.134 0.7944785276073619 0.268 0.1196319018404908
0 0.123 0.6717791411042945 0.246 0.13190184049079753
0 0.109 0.5283742331288344 0.218 0.16717791411042945
0 0.093 0.34892638036809814 0.186 0.20398773006134968
0 0.107 0.12346625766871165 0.214 0.2469325153374233
0 0.896 0.700920245398773 0.208 0.36809815950920244
0 0.879 0.9263803680981595 0.242 0.147239263803681
