0 0.15989147286821706 0.11524547803617571 0.3197829457364341 0.22842377260981914
0 0.16125581395348837 0.35452196382428947 0.32015503875968987 0.2501291989664083
0 0.1752093023255814 0.5824289405684754 0.3031007751937984 0.23255813953488375
0 0.188 0.7927648578811369 0.28837209302325584 0.21291989664082697
0 0.19846511627906976 0.9410439276485789 0.27054263565891473 0.11257881136950906
0 0.5007906976744186 0.1214470284237726 0.33410852713178296 0.2428940568475452
0 0.4856744186046511 0.3638242894056848 0.3147286821705426 0.25426356589147286
0 0.48722480620155034 0.5943152454780362 0.30387596899224806 0.22945736434108516
0 0.48606201550387595 0.8134366925064599 0.28759689922480625 0.2211886304909561
0 0.46731782945736433 0.9472454780361758 0.27336434108527136 0.10017571059431521
0 0.829046511627907 0.12533333333333332 0.33790697674418607 0.25066666666666665
0 0.8267209302325582 0.3736434108527132 0.34255813953488373 0.2635658914728682
0 0.8104806201550386 0.6093023255813954 0.3255813953488372 0.2387596899224806
0 0.7868372093023256 0.827390180878553 0.313953488372093 0.23049095607235145
0 0.7648914728682171 0.9580981912144703 0.290217054263566 0.07847028423772615
