0 0.49 0.08080194410692589 0.22 0.15188335358444716
0 0.601 0.2187120291616039 0.21 0.12879708383961117
0 0.384 0.21142162818955043 0.224 0.13608748481166463
0 0.741 0.3511543134872418 0.214 0.1385176184690158
0 0.525 0.3487241798298906 0.226 0.1433778857837181
0 0.304 0.34325637910085055 0.232 0.15188335358444716
0 0.88 0.49210206561360875 0.228 0.14580801944106925
0 0.653 0.4945321992709599 0.234 0.14823815309842042
0 0.42 0.4908869987849332 0.24 0.15309842041312272
0 0.178 0.48055893074119077 0.252 0.1591737545565006
0 0.873 0.6391251518833536 0.226 0.14580801944106925
0 0.646 0.6415552855407047 0.236 0.14580801944106925
0 0.41 0.6397326852976913 0.236 0.14702308626974483
0 0.169 0.6360874848116647 0.246 0.15674362089914945
0 0.863 0.7818955042527339 0.226 0.1445929526123937
0 0.636 0.7855407047387606 0.232 0.1421628189550425
0 0.406 0.787363304981774 0.232 0.14580801944106925
0 0.166 0.7891859052247874 0.244 0.14945321992709598
0 0.854 0.9234507897934386 0.224 0.1433778857837181
0 0.405 0.928311057108141 0.23 0.1433778857837181
0 0.632 0.9277035236938032 0.224 0.1445929526123937
0 0.167 0.9301336573511543 0.242 0.13973268529769137
