0 0.315 0.1437994722955145 0.182 0.287598944591029
0 0.59 0.15435356200527706 0.268 0.3034300791556728
0 0.587 0.3812664907651715 0.198 0.22955145118733508
0 0.593 0.5382585751978892 0.19 0.21635883905013192
0 0.313 0.3733509234828496 0.27 0.31398416886543534
0 0.187 0.6015831134564644 0.23 0.35883905013192613
0 0.206 0.8430079155672823 0.2 0.18733509234828497
0 0.432 0.5554089709762533 0.168 0.28232189973614774
0 0.435 0.7427440633245382 0.118 0.1662269129287599
0 0.424 0.8337730870712401 0.176 0.2849604221635884
0 0.585 0.7005277044854882 0.182 0.20844327176781002
0 0.591 0.8298153034300791 0.19 0.19788918205804748
0 0.849 0.44854881266490765 0.226 0.2638522427440633
0 0.837 0.6240105540897097 0.186 0.19788918205804748
0 0.729 0.6306068601583114 0.062 0.10026385224274406
0 0.835 0.7559366754617414 0.086 0.08179419525065963
0 0.799 0.816622691292876 0.238 0.31398416886543534
0 0.665 0.8984168865435356 0.27 0.20316622691292877
0 0.967 0.6055408970976254 0.066 0.21899736147757257
0 0.953 0.8825857519788918 0.094 0.23482849604221637
0 0.067 0.7862796833773087 0.134 0.32717678100263853
0 0.247 0.9393139841688655 0.146 0.08443271767810026
0 0.09 0.9577836411609498 0.18 0.08443271767810026
0 0.46 0.9630606860158312 0.14 0.07387862796833773
0 0.316 0.9762532981530343 0.144 0.047493403693931395
