0 0.21978021978021978 0.14246575342465753 0.38095238095238093 0.19726027397260273
0 0.23992673992673993 0.3315068493150685 0.39194139194139194 0.1863013698630137
0 0.1794871794871795 0.5547945205479452 0.23443223443223443 0.26575342465753427
0 0.40476190476190477 0.5561643835616439 0.22344322344322345 0.26301369863013696
0 0.1813186813186813 0.8191780821917808 0.23076923076923078 0.26301369863013696
0 0.4065934065934066 0.8178082191780822 0.2271062271062271 0.2602739726027397
0 0.5256410256410257 0.1726027397260274 0.2454212454212454 0.31232876712328766
0 0.76007326007326 0.1547945205479452 0.2454212454212454 0.2821917808219178
0 0.7014652014652014 0.3821917808219178 0.38461538461538464 0.1726027397260274
0 0.7014652014652014 0.5506849315068493 0.3626373626373626 0.1643835616438356
0 0.7032967032967034 0.7109589041095891 0.358974358974359 0.16712328767123288
0 0.6996336996336996 0.8712328767123287 0.358974358974359 0.1643835616438356
