0 0.9249146757679181 0.04772727272727273 0.15017064846416384 0.09545454545454546
0 0.8890784982935154 0.275 0.22184300341296928 0.35909090909090907
0 0.8617747440273038 0.5681818181818182 0.2764505119453925 0.2727272727272727
0 0.8327645051194539 0.7795454545454545 0.33447098976109213 0.21363636363636362
0 0.9829351535836177 0.8340909090909091 0.034129692832764506 0.08636363636363636
0 0.9556313993174061 0.9363636363636364 0.08873720136518772 0.12727272727272726
0 0.7918088737201365 0.9181818181818182 0.30716723549488056 0.16363636363636364
0 0.5119453924914675 0.9659090909090909 0.24573378839590443 0.06818181818181818
0 0.5221843003412969 0.8772727272727273 0.26621160409556316 0.18181818181818182
0 0.5460750853242321 0.7227272727272728 0.3003412969283277 0.22727272727272727
0 0.5802047781569966 0.5204545454545455 0.36860068259385664 0.2772727272727273
0 0.6177474402730375 0.2318181818181818 0.44368600682593856 0.38181818181818183
0 0.6245733788395904 0.04090909090909091 0.45733788395904434 0.08181818181818182
0 0.1962457337883959 0.18181818181818182 0.3924914675767918 0.36363636363636365
0 0.21331058020477817 0.4659090909090909 0.3515358361774744 0.2863636363636364
0 0.23890784982935154 0.675 0.3003412969283277 0.22272727272727272
0 0.25597269624573377 0.8363636363636363 0.2593856655290102 0.18181818181818182
0 0.2713310580204778 0.9454545454545454 0.22866894197952217 0.10909090909090909
0 0.08532423208191127 0.9636363636363636 0.17064846416382254 0.07272727272727272
0 0.07849829351535836 0.8818181818181818 0.15699658703071673 0.11818181818181818
0 0.06655290102389079 0.7772727272727272 0.13310580204778158 0.11818181818181818
0 0.05631399317406143 0.6659090909090909 0.11262798634812286 0.1318181818181818
0 0.042662116040955635 0.5272727272727272 0.08532423208191127 0.16363636363636364
0 0.02901023890784983 0.35454545454545455 0.05802047781569966 0.19090909090909092
