0 0.12 0.34533183352080987 0.24 0.19797525309336333
0 0.338 0.34308211473565803 0.2 0.1687289088863892
0 0.194 0.5843644544431946 0.388 0.30033745781777277
0 0.538 0.12710911136107986 0.404 0.20247469066366705
0 0.803 0.15185601799775028 0.158 0.06749156355455568
0 0.788 0.0922384701912261 0.148 0.05174353205849269
0 0.597 0.18841394825646793 0.258 0.05736782902137233
0 0.533 0.3076490438695163 0.218 0.18110236220472442
0 0.731 0.29865016872890887 0.218 0.1766029246344207
0 0.808 0.2092238470191226 0.172 0.049493813273340834
0 0.88 0.2997750281214848 0.136 0.13385826771653545
0 0.924 0.08830146231721035 0.152 0.1361079865016873
0 0.939 0.17716535433070865 0.122 0.11361079865016872
0 0.961 0.32395950506186727 0.078 0.18222722159730034
0 0.51 0.5011248593925759 0.252 0.2215973003374578
0 0.711 0.48031496062992124 0.262 0.20697412823397077
0 0.888 0.46175478065241843 0.224 0.19910011248593926
0 0.881 0.6827896512935883 0.234 0.24971878515185603
0 0.68 0.6917885264341957 0.272 0.2249718785151856
0 0.465 0.7165354330708661 0.214 0.20247469066366705
0 0.517 0.9010123734533183 0.43 0.18222722159730034
0 0.852 0.8830146231721034 0.296 0.16647919010123735
