0 0.7911111111111111 0.041875 0.4177777777777778 0.08375
0 0.24 0.051875 0.48 0.10375
0 0.8711111111111111 0.196875 0.2577777777777778 0.24875
0 0.5888888888888889 0.205 0.28888888888888886 0.25
0 0.3088888888888889 0.21375 0.28888888888888886 0.2525
0 0.09 0.225625 0.18 0.24125
0 0.7822222222222223 0.44125 0.43555555555555553 0.2375
0 0.26 0.454375 0.52 0.24625
0 0.8788888888888889 0.679375 0.24222222222222223 0.24375
0 0.6188888888888889 0.6825 0.2822222222222222 0.245
0 0.34444444444444444 0.688125 0.28 0.23625
0 0.10444444444444445 0.691875 0.2088888888888889 0.22625
0 0.8166666666666667 0.900625 0.36666666666666664 0.19875
0 0.31777777777777777 0.903125 0.6355555555555555 0.19375
