0 0.121 0.08108108108108109 0.094 0.06006006006006006
0 0.247 0.07432432432432433 0.158 0.07057057057057058
0 0.377 0.07132132132132132 0.102 0.06156156156156156
0 0.51 0.06531531531531531 0.16 0.06456456456456457
0 0.645 0.05555555555555555 0.11 0.06906906906906907
0 0.79 0.04354354354354354 0.172 0.07807807807807808
0 0.94 0.036036036036036036 0.12 0.07207207207207207
0 0.936 0.1021021021021021 0.116 0.06906906906906907
0 0.786 0.11186186186186187 0.168 0.07357357357357357
0 0.647 0.12012012012012012 0.106 0.06906906906906907
0 0.511 0.12837837837837837 0.162 0.06756756756756757
0 0.378 0.13288288288288289 0.104 0.06756756756756757
0 0.247 0.13438438438438438 0.15 0.06756756756756757
0 0.124 0.1403903903903904 0.1 0.05855855855855856
0 0.168 0.19519519519519518 0.12 0.06006006006006006
0 0.275 0.19594594594594594 0.102 0.06456456456456457
0 0.405 0.19519519519519518 0.158 0.06306306306306306
0 0.54 0.19444444444444445 0.108 0.06156156156156156
0 0.68 0.18618618618618618 0.164 0.07807807807807808
0 0.821 0.17567567567567569 0.118 0.07507507507507508
0 0.939 0.16441441441441443 0.11 0.07057057057057058
0 0.927 0.23423423423423423 0.098 0.06606606606606606
0 0.988 0.18018018018018017 0.024 0.10510510510510511
0 0.978 0.2552552552552553 0.044 0.05405405405405406
0 0.922 0.26876876876876876 0.072 0.015015015015015015
0 0.82 0.25225225225225223 0.112 0.08408408408408409
0 0.676 0.26126126126126126 0.132 0.08708708708708708
0 0.752 0.2552552552552553 0.02 0.07807807807807808
0 0.542 0.268018018018018 0.132 0.08558558558558559
0 0.412 0.27702702702702703 0.136 0.07957957957957958
0 0.405 0.23648648648648649 0.15 0.02252252252252252
0 0.536 0.22747747747747749 0.108 0.0075075075075075074
0 0.278 0.23798798798798798 0.1 0.028528528528528527
0 0.215 0.23948948948948948 0.022 0.025525525525525526
0 0.102 0.21396396396396397 0.204 0.0915915915915916
0 0.059 0.2905405405405405 0.114 0.07957957957957958
0 0.173 0.2897897897897898 0.118 0.07207207207207207
0 0.285 0.2852852852852853 0.122 0.07507507507507508
0 0.91 0.3160660660660661 0.148 0.08258258258258258
0 0.048 0.36261261261261263 0.096 0.06756756756756757
0 0.152 0.36036036036036034 0.116 0.07207207207207207
0 0.268 0.3581081081081081 0.116 0.07057057057057058
0 0.388 0.3521021021021021 0.12 0.07357357357357357
0 0.51 0.3483483483483483 0.12 0.07807807807807808
0 0.636 0.3415915915915916 0.128 0.07957957957957958
0 0.77 0.3355855855855856 0.132 0.08258258258258258
0 0.774 0.41366366366366364 0.132 0.07657657657657657
0 0.914 0.3948948948948949 0.144 0.07507507507507508
0 0.981 0.4436936936936937 0.038 0.08858858858858859
0 0.974 0.5337837837837838 0.052 0.0945945945945946
0 0.904 0.47297297297297297 0.112 0.07807807807807808
0 0.782 0.4804804804804805 0.132 0.06306306306306306
0 0.78 0.5345345345345346 0.132 0.05105105105105105
0 0.898 0.5352852852852853 0.1 0.04954954954954955
0 0.051 0.4241741741741742 0.102 0.05555555555555555
0 0.157 0.42567567567567566 0.114 0.06156156156156156
0 0.269 0.4264264264264264 0.114 0.06606606606606606
0 0.388 0.42492492492492495 0.12 0.06906906906906907
0 0.514 0.42117117117117114 0.124 0.07057057057057058
0 0.642 0.4196696696696697 0.128 0.07657657657657657
0 0.646 0.49324324324324326 0.128 0.07357357357357357
0 0.517 0.49024024024024027 0.122 0.06756756756756757
0 0.648 0.5495495495495496 0.128 0.04804804804804805
0 0.515 0.5578078078078078 0.122 0.06756756756756757
0 0.518 0.6201201201201201 0.116 0.06006006006006006
0 0.395 0.5585585585585585 0.118 0.06606606606606606
0 0.392 0.4924924924924925 0.12 0.06906906906906907
0 0.293 0.5563063063063063 0.082 0.06456456456456457
0 0.274 0.49174174174174173 0.112 0.06456456456456457
0 0.148 0.545045045045045 0.068 0.06306306306306306
0 0.16 0.48423423423423423 0.108 0.05855855855855856
0 0.052 0.4872372372372372 0.104 0.06756756756756757
0 0.993 0.35735735735735735 0.014 0.08108108108108109
0 0.139 0.6051051051051051 0.038 0.05105105105105105
0 0.059 0.5533033033033034 0.106 0.06156156156156156
0 0.062 0.6103603603603603 0.108 0.05555555555555555
0 0.33 0.6036036036036037 0.02 0.02702702702702703
0 0.398 0.6223723723723724 0.116 0.06156156156156156
0 0.41 0.6779279279279279 0.112 0.046546546546546545
0 0.064 0.6674174174174174 0.104 0.06156156156156156
0 0.065 0.728978978978979 0.09 0.06156156156156156
0 0.074 0.7912912912912913 0.1 0.06606606606606606
0 0.074 0.8498498498498499 0.1 0.06306306306306306
0 0.226 0.8656156156156156 0.028 0.04954954954954955
0 0.361 0.8123123123123123 0.19 0.17417417417417416
0 0.389 0.7177177177177178 0.126 0.042042042042042045
0 0.519 0.6929429429429429 0.134 0.13363363363363365
0 0.507 0.8348348348348348 0.158 0.15315315315315314
0 0.649 0.7207207207207207 0.134 0.08708708708708708
0 0.644 0.6163663663663663 0.14 0.12162162162162163
0 0.787 0.6171171171171171 0.146 0.11711711711711711
0 0.788 0.725975975975976 0.136 0.09759759759759759
0 0.93 0.7282282282282282 0.14 0.1021021021021021
0 0.918 0.6231231231231231 0.164 0.12312312312312312
0 0.649 0.8430930930930931 0.154 0.15465465465465467
0 0.807 0.8521021021021021 0.166 0.16066066066066065
0 0.932 0.8596096096096096 0.136 0.16666666666666666
0 0.342 0.9451951951951952 0.148 0.10960960960960961
0 0.493 0.9369369369369369 0.162 0.12612612612612611
0 0.647 0.9557057057057057 0.15 0.08858858858858859
0 0.804 0.9624624624624625 0.16 0.07507507507507508
0 0.943 0.9632132132132132 0.114 0.07057057057057058
