0 0.049 0.31333333333333335 0.086 0.18
0 0.133 0.305 0.082 0.21666666666666667
0 0.048 0.48833333333333334 0.092 0.18333333333333332
0 0.041 0.6483333333333333 0.082 0.20333333333333334
0 0.127 0.515 0.082 0.22333333333333333
0 0.12 0.7083333333333334 0.08 0.25
0 0.236 0.27666666666666667 0.136 0.28
0 0.23 0.5483333333333333 0.132 0.27
0 0.222 0.7866666666666666 0.128 0.32666666666666666
0 0.423 0.17166666666666666 0.258 0.2966666666666667
0 0.405 0.4483333333333333 0.226 0.27
0 0.328 0.6533333333333333 0.08 0.26
0 0.436 0.6983333333333334 0.144 0.2966666666666667
0 0.325 0.8716666666666667 0.078 0.25666666666666665
0 0.429 0.89 0.142 0.22
0 0.745 0.16833333333333333 0.462 0.33666666666666667
0 0.735 0.48333333333333334 0.458 0.38
0 0.578 0.7766666666666666 0.148 0.3333333333333333
0 0.801 0.82 0.314 0.36
0 0.982 0.18 0.036 0.3466666666666667
0 0.977 0.495 0.046 0.31666666666666665
0 0.978 0.8033333333333333 0.044 0.31333333333333335
