0 0.6820667710741541 0.7619734039790141 0.4008501752554255 0.4629629629629629
0 0.5928853754940712 0.959537625241775 0.14432799743806843 0.06829286179174789
0 0.3864831785499642 0.9192035860627561 0.2570705364702373 0.1452942093153296
0 0.37661272279812064 0.6987413946410729 0.3663035801239729 0.44229940690628755
0 0.16842262979606998 0.8814655864194665 0.24998524897591648 0.2009038373605622
0 0.15134698819493492 0.6396153599354656 0.3018166025452615 0.4157156083564796
0 0.0490863865249596 0.817112102248499 0.0981727730499192 0.2062948748977169
0 0.7556138521732306 0.4957598332044885 0.3318422852274129 0.2535900859746527
0 0.49159743943317746 0.4603275001756975 0.3116626868014215 0.2588610115491836
0 0.2718640343501608 0.39356244289830633 0.3015728875884259 0.18858200388877178
0 0.11407078554692318 0.25798252395342847 0.22814157109384636 0.3730643989973528
0 0.12452339110517142 0.15538990405406397 0.24904678221034285 0.31077980810812794
0 0.35568089741026426 0.16620122992575 0.30587154096819563 0.3324024598515
0 0.582320332115246 0.1874361505030042 0.3227517173374433 0.3748723010060084
0 0.8399168054623346 0.21124443751839733 0.31673585734291226 0.41209980433916854
0 0.03537611913661645 0.47006236144778 0.07039530433575586 0.09841092257650152
