0 0.4255968992248062 0.25426356589147286 0.20697674418604653 0.35142118863049093
0 0.2143565891472868 0.26408268733850127 0.24341085271317828 0.35658914728682173
0 0.06570542635658914 0.27412919896640825 0.1314108527131783 0.34774160206718346
0 0.08644961240310078 0.5943152454780362 0.17054263565891473 0.3018087855297158
0 0.09691472868217055 0.8480620155038759 0.19302325581395352 0.25116279069767433
0 0.24303875968992247 0.5741602067183462 0.20620155038759688 0.2925064599483203
0 0.2612558139534883 0.8279069767441861 0.18372093023255814 0.2604651162790698
0 0.43761240310077515 0.5633074935400517 0.18139534883720926 0.2749354005167959
0 0.44575193798449614 0.8170542635658915 0.16821705426356595 0.23049095607235132
0 0.7631550387596899 0.1870801033591731 0.46968992248062025 0.23359173126614985
0 0.7627674418604652 0.3644237726098191 0.4704651162790698 0.1848475452196382
0 0.7619922480620155 0.5076072351421188 0.47201550387596897 0.16721447028423767
0 0.7631550387596899 0.6310077519379845 0.46968992248062025 0.18087855297157618
0 0.7612170542635659 0.7545219638242895 0.4735658914728682 0.1612403100775195
0 0.7624186046511627 0.8713178294573644 0.46976744186046504 0.1612403100775194
