0 0.103 0.088 0.098 0.144
0 0.202 0.08133333333333333 0.104 0.152
0 0.314 0.084 0.12 0.15733333333333333
0 0.44 0.08933333333333333 0.132 0.14666666666666667
0 0.054 0.23466666666666666 0.108 0.14933333333333335
0 0.054 0.3506666666666667 0.108 0.10933333333333334
0 0.098 0.4826666666666667 0.196 0.16533333333333333
0 0.157 0.22933333333333333 0.098 0.144
0 0.257 0.22933333333333333 0.106 0.144
0 0.361 0.23066666666666666 0.11 0.14133333333333334
0 0.463 0.228 0.11 0.14666666666666667
0 0.157 0.368 0.102 0.13333333333333333
0 0.26 0.368 0.108 0.13866666666666666
0 0.372 0.3506666666666667 0.12 0.10933333333333334
0 0.482 0.352 0.104 0.10666666666666667
0 0.249 0.49466666666666664 0.082 0.12533333333333332
0 0.056 0.6386666666666667 0.112 0.152
0 0.065 0.7813333333333333 0.13 0.13333333333333333
0 0.415 0.4826666666666667 0.254 0.176
0 0.185 0.656 0.146 0.20266666666666666
0 0.2 0.8386666666666667 0.152 0.2
0 0.322 0.656 0.132 0.208
0 0.467 0.652 0.162 0.22666666666666666
0 0.337 0.852 0.126 0.18933333333333333
0 0.468 0.8613333333333333 0.148 0.20266666666666666
0 0.447 0.050666666666666665 0.146 0.10133333333333333
0 0.575 0.07466666666666667 0.106 0.14933333333333335
0 0.619 0.8306666666666667 0.15 0.2693333333333333
0 0.572 0.22533333333333333 0.112 0.16266666666666665
0 0.588 0.3626666666666667 0.108 0.14933333333333335
0 0.683 0.07333333333333333 0.118 0.14666666666666667
0 0.596 0.5026666666666667 0.108 0.14133333333333334
0 0.602 0.636 0.112 0.12533333333333332
0 0.687 0.21866666666666668 0.122 0.15466666666666667
0 0.705 0.364 0.126 0.152
0 0.706 0.5053333333333333 0.116 0.14666666666666667
0 0.705 0.6373333333333333 0.11 0.128
0 0.767 0.832 0.218 0.272
0 0.797 0.076 0.13 0.14666666666666667
0 0.809 0.21733333333333332 0.134 0.152
0 0.822 0.36933333333333335 0.12 0.152
0 0.823 0.5106666666666667 0.126 0.136
0 0.82 0.6706666666666666 0.12 0.18933333333333333
0 0.912 0.07733333333333334 0.136 0.14933333333333335
0 0.927 0.216 0.114 0.15466666666666667
0 0.938 0.36533333333333334 0.124 0.14933333333333335
0 0.938 0.664 0.124 0.304
0 0.937 0.8666666666666667 0.126 0.26666666666666666
