0 0.7217741935483871 0.2340909090909091 0.3467741935483871 0.16818181818181818
0 0.375 0.2681818181818182 0.3467741935483871 0.16363636363636364
0 0.6895161290322581 0.4090909090909091 0.28225806451612906 0.17272727272727273
0 0.3870967741935484 0.41363636363636364 0.3064516129032258 0.12727272727272726
0 0.36693548387096775 0.5545454545454546 0.25 0.16363636363636364
0 0.625 0.5613636363636364 0.25 0.16818181818181818
0 0.8709677419354839 0.5704545454545454 0.25806451612903225 0.15
0 0.9032258064516129 0.4090909090909091 0.1935483870967742 0.17272727272727273
0 0.9274193548387096 0.21363636363636362 0.14516129032258066 0.20909090909090908
0 0.125 0.20227272727272727 0.25 0.20454545454545456
0 0.11693548387096774 0.3886363636363636 0.23387096774193547 0.16818181818181818
0 0.125 0.5522727272727272 0.25 0.1590909090909091
