0 0.254 0.415 0.504 0.37
0 0.757 0.935 0.334 0.126
0 0.749 0.802 0.33 0.16
0 0.732 0.675 0.324 0.11
0 0.779 0.5 0.438 0.24
0 0.762 0.285 0.428 0.262
0 0.739 0.097 0.41 0.194
0 0.484 0.915 0.212 0.166
0 0.268 0.922 0.208 0.152
0 0.081 0.925 0.162 0.15
0 0.269 0.724 0.214 0.244
0 0.476 0.717 0.216 0.25
0 0.078 0.726 0.156 0.248
0 0.494 0.475 0.128 0.222
0 0.255 0.577 0.19 0.046
0 0.08 0.563 0.16 0.082
0 0.45 0.257 0.196 0.218
0 0.253 0.223 0.19 0.126
0 0.079 0.265 0.158 0.214
0 0.393 0.083 0.29 0.138
0 0.125 0.09 0.246 0.136
