0 0.945 0.858 0.11 0.244
0 0.883 0.982 0.234 0.036
0 0.702 0.977 0.128 0.046
0 0.574 0.972 0.12 0.056
0 0.396 0.962 0.232 0.072
0 0.168 0.956 0.224 0.084
0 0.03 0.953 0.06 0.094
0 0.775 0.845 0.27 0.254
0 0.518 0.827 0.248 0.246
0 0.277 0.815 0.234 0.242
0 0.082 0.801 0.164 0.234
0 0.022 0.565 0.044 0.242
0 0.154 0.572 0.244 0.256
0 0.401 0.578 0.254 0.256
0 0.59 0.587 0.136 0.254
0 0.731 0.59 0.154 0.26
0 0.893 0.602 0.214 0.276
0 0.815 0.317 0.306 0.294
0 0.534 0.315 0.272 0.286
0 0.264 0.314 0.264 0.28
0 0.073 0.31 0.146 0.272
0 0.584 0.087 0.148 0.174
0 0.439 0.087 0.138 0.174
0 0.231 0.087 0.27 0.174
0 0.051 0.085 0.102 0.17
