0 0.26 0.086 0.216 0.172
0 0.485 0.08 0.25 0.16
0 0.744 0.077 0.268 0.154
0 0.933 0.064 0.134 0.124
0 0.958 0.22 0.08 0.208
0 0.837 0.225 0.186 0.21
0 0.67 0.24 0.164 0.2
0 0.504 0.241 0.168 0.19
0 0.356 0.249 0.156 0.182
0 0.225 0.253 0.138 0.174
0 0.085 0.265 0.17 0.154
0 0.033 0.414 0.066 0.148
0 0.116 0.414 0.136 0.156
0 0.013 0.556 0.026 0.136
0 0.097 0.557 0.174 0.138
0 0.043 0.686 0.086 0.132
0 0.133 0.692 0.126 0.136
0 0.029 0.807 0.058 0.118
0 0.129 0.818 0.174 0.14
0 0.009 0.922 0.014 0.088
0 0.057 0.926 0.106 0.128
0 0.162 0.938 0.132 0.124
0 0.278 0.414 0.216 0.156
0 0.484 0.408 0.22 0.172
0 0.247 0.564 0.142 0.148
0 0.282 0.705 0.196 0.142
0 0.268 0.829 0.128 0.13
0 0.304 0.939 0.176 0.114
0 0.379 0.841 0.126 0.138
0 0.474 0.856 0.08 0.148
0 0.468 0.716 0.204 0.148
0 0.372 0.567 0.136 0.154
0 0.51 0.566 0.156 0.164
0 0.71 0.418 0.248 0.184
0 0.911 0.413 0.178 0.19
0 0.653 0.587 0.15 0.162
0 0.812 0.591 0.172 0.17
0 0.939 0.597 0.118 0.182
0 0.672 0.729 0.228 0.178
0 0.898 0.761 0.204 0.174
0 0.794 0.893 0.164 0.158
0 0.937 0.912 0.126 0.156
0 0.854 0.949 0.292 0.102
0 0.592 0.891 0.256 0.218
0 0.49 0.956 0.228 0.088
