0 0.221 0.13513513513513514 0.286 0.2702702702702703
0 0.042 0.18768768768768768 0.084 0.24924924924924924
0 0.457 0.15165165165165165 0.19 0.2972972972972973
0 0.225 0.3933933933933934 0.35 0.3183183183183183
0 0.027 0.4174174174174174 0.054 0.25225225225225223
0 0.02 0.6636636636636637 0.04 0.24624624624624625
0 0.196 0.8828828828828829 0.392 0.23423423423423423
0 0.193 0.7057057057057057 0.318 0.3303303303303303
0 0.437 0.6786786786786787 0.186 0.2822822822822823
0 0.506 0.4099099099099099 0.208 0.26126126126126126
0 0.529 0.05855855855855856 0.25 0.1111111111111111
0 0.71 0.07357357357357357 0.112 0.14714714714714713
0 0.797 0.09009009009009009 0.078 0.18018018018018017
0 0.627 0.21021021021021022 0.162 0.24624624624624625
0 0.764 0.24024024024024024 0.12 0.2222222222222222
0 0.671 0.42342342342342343 0.138 0.22822822822822822
0 0.589 0.6516516516516516 0.138 0.24624624624624625
0 0.706 0.6291291291291291 0.108 0.2132132132132132
0 0.507 0.8783783783783784 0.206 0.24324324324324326
0 0.673 0.8348348348348348 0.13 0.24624624624624625
0 0.779 0.7837837837837838 0.094 0.1921921921921922
0 0.604 0.9714714714714715 0.104 0.057057057057057055
0 0.712 0.9384384384384384 0.112 0.12312312312312312
0 0.8 0.9144144144144144 0.088 0.17117117117117117
0 0.789 0.43243243243243246 0.106 0.18618618618618618
0 0.807 0.6096096096096096 0.102 0.18618618618618618
0 0.895 0.8003003003003003 0.142 0.08708708708708708
0 0.9 0.8903903903903904 0.2 0.21921921921921922
0 0.848 0.03003003003003003 0.04 0.06006006006006006
0 0.867 0.09009009009009009 0.066 0.09009009009009009
0 0.884 0.03753753753753754 0.036 0.07507507507507508
0 0.949 0.09759759759759759 0.102 0.08708708708708708
0 0.919 0.1816816816816817 0.162 0.14714714714714713
0 0.916 0.3063063063063063 0.168 0.14414414414414414
0 0.855 0.43993993993993996 0.03 0.12312312312312312
0 0.935 0.43243243243243246 0.13 0.13213213213213212
0 0.931 0.5555555555555556 0.138 0.13813813813813813
0 0.946 0.6831831831831832 0.108 0.12912912912912913
0 0.931 0.7582582582582582 0.138 0.06306306306306306
0 0.858 0.6726726726726727 0.068 0.11411411411411411
0 0.85 0.7552552552552553 0.052 0.06306306306306306
0 0.852 0.09009009009009009 0.036 0.0960960960960961
0 0.885 0.0960960960960961 0.034 0.06606606606606606
0 0.93 0.025525525525525526 0.056 0.05105105105105105
0 0.937 0.06606606606606606 0.07 0.06006006006006006
0 0.978 0.03153153153153153 0.044 0.06306306306306306
