0 0.012 0.764 0.024 0.2
0 0.037 0.9226666666666666 0.074 0.144
0 0.063 0.8733333333333333 0.078 0.12533333333333332
0 0.213 0.8346666666666667 0.282 0.2826666666666667
0 0.367 0.9613333333333334 0.134 0.07733333333333334
0 0.073 0.7293333333333333 0.146 0.16266666666666665
0 0.069 0.608 0.138 0.176
0 0.048 0.46266666666666667 0.096 0.15733333333333333
0 0.057 0.30266666666666664 0.114 0.17333333333333334
0 0.036 0.12266666666666666 0.072 0.18666666666666668
0 0.188 0.108 0.276 0.216
0 0.152 0.30666666666666664 0.104 0.192
0 0.25 0.30533333333333335 0.12 0.21066666666666667
0 0.361 0.304 0.134 0.224
0 0.353 0.10266666666666667 0.078 0.18933333333333333
0 0.449 0.09733333333333333 0.126 0.19466666666666665
0 0.586 0.08933333333333333 0.152 0.17866666666666667
0 0.747 0.088 0.174 0.176
0 0.917 0.08533333333333333 0.166 0.17066666666666666
0 0.501 0.308 0.15 0.248
0 0.664 0.316 0.192 0.28
0 0.867 0.3333333333333333 0.258 0.33066666666666666
0 0.897 0.6306666666666667 0.206 0.30666666666666664
0 0.635 0.564 0.306 0.28
0 0.85 0.832 0.216 0.336
0 0.968 0.8853333333333333 0.064 0.22933333333333333
0 0.833 0.9746666666666667 0.122 0.050666666666666665
0 0.658 0.7906666666666666 0.192 0.27466666666666667
0 0.618 0.9106666666666666 0.288 0.17866666666666667
0 0.409 0.8746666666666667 0.13 0.21333333333333335
0 0.178 0.6306666666666667 0.092 0.16266666666666665
0 0.271 0.6573333333333333 0.098 0.17333333333333334
0 0.376 0.6973333333333334 0.116 0.21066666666666667
0 0.504 0.7293333333333333 0.148 0.25866666666666666
0 0.363 0.512 0.238 0.21333333333333335
0 0.171 0.484 0.166 0.18933333333333333
