0 0.331 0.26506024096385544 0.19 0.22289156626506024
0 0.508 0.2740963855421687 0.164 0.20481927710843373
0 0.339 0.4743975903614458 0.178 0.20180722891566266
0 0.505 0.46987951807228917 0.158 0.19879518072289157
0 0.345 0.6746987951807228 0.162 0.20481927710843373
0 0.502 0.6596385542168675 0.16 0.19879518072289157
0 0.66 0.6460843373493976 0.164 0.20180722891566266
0 0.663 0.463855421686747 0.162 0.1927710843373494
0 0.664 0.2740963855421687 0.16 0.20481927710843373
0 0.821 0.6400602409638554 0.166 0.1897590361445783
