0 0.047 0.8613333333333333 0.094 0.25066666666666665
0 0.057 0.9613333333333334 0.114 0.07733333333333334
0 0.233 0.08666666666666667 0.162 0.136
0 0.387 0.09466666666666666 0.146 0.09866666666666667
0 0.375 0.216 0.178 0.176
0 0.258 0.22666666666666666 0.056 0.14933333333333335
0 0.18 0.22133333333333333 0.092 0.16
0 0.291 0.37466666666666665 0.094 0.16266666666666665
0 0.165 0.36666666666666664 0.102 0.17333333333333334
0 0.415 0.38 0.09 0.15733333333333333
0 0.204 0.5346666666666666 0.184 0.168
0 0.381 0.5346666666666666 0.166 0.15733333333333333
0 0.164 0.704 0.104 0.17066666666666666
0 0.292 0.6973333333333334 0.096 0.168
0 0.413 0.692 0.094 0.152
0 0.381 0.8493333333333334 0.166 0.168
0 0.207 0.8613333333333333 0.182 0.18666666666666668
0 0.396 0.9613333333333334 0.092 0.07733333333333334
0 0.277 0.9666666666666667 0.094 0.06666666666666667
0 0.163 0.9746666666666667 0.098 0.050666666666666665
0 0.517 0.276 0.11 0.14133333333333334
0 0.641 0.404 0.126 0.14666666666666667
0 0.493 0.39466666666666667 0.062 0.13333333333333333
0 0.509 0.54 0.09 0.152
0 0.626 0.5413333333333333 0.148 0.14933333333333335
0 0.5 0.692 0.084 0.14666666666666667
0 0.613 0.688 0.142 0.13866666666666666
0 0.536 0.8293333333333334 0.144 0.16
0 0.644 0.7906666666666666 0.072 0.08266666666666667
0 0.633 0.9133333333333333 0.178 0.17333333333333334
0 0.502 0.9493333333333334 0.084 0.10133333333333333
0 0.734 0.132 0.224 0.20533333333333334
0 0.878 0.124 0.064 0.136
0 0.847 0.26 0.13 0.136
0 0.702 0.26 0.16 0.14666666666666667
0 0.774 0.3973333333333333 0.136 0.13866666666666666
0 0.881 0.39866666666666667 0.078 0.136
0 0.741 0.5373333333333333 0.082 0.136
0 0.822 0.5333333333333333 0.076 0.128
0 0.931 0.54 0.138 0.16266666666666665
0 0.791 0.6946666666666667 0.158 0.19466666666666665
0 0.96 0.4013333333333333 0.08 0.10933333333333334
0 0.973 0.11466666666666667 0.054 0.08533333333333333
0 0.973 0.18666666666666668 0.054 0.08533333333333333
0 0.975 0.25066666666666665 0.05 0.08
0 0.975 0.31733333333333336 0.05 0.064
0 0.453 0.056 0.086 0.09066666666666667
0 0.479 0.14533333333333334 0.034 0.08266666666666667
0 0.536 0.152 0.068 0.08
0 0.598 0.16 0.044 0.08
0 0.549 0.4053333333333333 0.058 0.12266666666666666
0 0.545 0.030666666666666665 0.102 0.06133333333333333
0 0.582 0.09866666666666667 0.06 0.07466666666666667
