0 0.049 0.064 0.098 0.128
0 0.174 0.050666666666666665 0.152 0.10133333333333333
0 0.337 0.025333333333333333 0.166 0.050666666666666665
0 0.05 0.224 0.1 0.24533333333333332
0 0.181 0.19466666666666665 0.158 0.2826666666666667
0 0.356 0.156 0.196 0.312
0 0.579 0.14266666666666666 0.25 0.2853333333333333
0 0.85 0.12666666666666668 0.3 0.25333333333333335
0 0.852 0.416 0.296 0.4
0 0.578 0.428 0.248 0.344
0 0.355 0.44133333333333336 0.198 0.296
0 0.179 0.45066666666666666 0.162 0.2613333333333333
0 0.051 0.4573333333333333 0.102 0.23733333333333334
0 0.851 0.8013333333333333 0.298 0.3973333333333333
0 0.579 0.7666666666666667 0.25 0.3546666666666667
0 0.357 0.7346666666666667 0.198 0.30133333333333334
0 0.184 0.712 0.16 0.26666666666666666
0 0.054 0.6946666666666667 0.108 0.23733333333333334
0 0.822 0.972 0.236 0.056
0 0.581 0.9426666666666667 0.242 0.11466666666666667
0 0.362 0.9213333333333333 0.196 0.15733333333333333
0 0.186 0.908 0.156 0.184
0 0.054 0.892 0.108 0.216
