0 0.281 0.24887556221889057 0.29 0.1469265367316342
0 0.086 0.25037481259370314 0.136 0.13193403298350825
0 0.121 0.3860569715142429 0.214 0.13943028485757122
0 0.303 0.3853073463268366 0.194 0.13193403298350825
0 0.484 0.383808095952024 0.18 0.12893553223388307
0 0.177 0.512743628185907 0.29 0.14392803598200898
0 0.447 0.507496251874063 0.254 0.12443778110944528
0 0.141 0.6424287856071964 0.186 0.12743628185907047
0 0.188 0.7526236881559221 0.28 0.12593703148425786
0 0.317 0.631184407796102 0.17 0.12293853073463268
0 0.448 0.7383808095952024 0.248 0.12143928035982009
0 0.165 0.8665667166416792 0.174 0.12293853073463268
0 0.193 0.9490254872563718 0.258 0.10194902548725637
0 0.331 0.8523238380809596 0.174 0.1184407796101949
0 0.499 0.8328335832083958 0.17 0.13343328335832083
0 0.466 0.9310344827586207 0.256 0.13793103448275862
0 0.488 0.6251874062968515 0.176 0.11694152923538231
0 0.432 0.2886056971514243 0.02 0.06146926536731634
0 0.695 0.3980509745127436 0.246 0.11244377811094453
0 0.885 0.4017991004497751 0.146 0.10494752623688156
0 0.752 0.29985007496251875 0.188 0.09895052473763119
0 0.921 0.30359820089955025 0.158 0.08845577211394302
0 0.959 0.38980509745127434 0.082 0.12893553223388307
0 0.66 0.4992503748125937 0.176 0.11394302848575712
0 0.816 0.5044977511244377 0.144 0.10044977511244378
0 0.94 0.5037481259370314 0.12 0.09895052473763119
0 0.695 0.5914542728635682 0.246 0.12443778110944528
0 0.879 0.6019490254872564 0.138 0.09745127436281859
0 0.971 0.6004497751124438 0.058 0.0944527736131934
0 0.656 0.691904047976012 0.168 0.11544227886056972
0 0.689 0.7691154422788605 0.234 0.1469265367316342
0 0.807 0.6979010494752623 0.138 0.0944527736131934
0 0.935 0.6979010494752623 0.13 0.09745127436281859
0 0.872 0.7871064467766117 0.14 0.095952023988006
0 0.969 0.7901049475262368 0.062 0.08695652173913043
0 0.663 0.876311844077961 0.162 0.0944527736131934
0 0.809 0.8800599700149925 0.142 0.09295352323838081
0 0.938 0.8785607196401799 0.124 0.09295352323838081
0 0.594 0.32458770614692656 0.132 0.049475262368815595
0 0.017 0.2983508245877061 0.034 0.12293853073463268
0 0.008 0.40929535232383807 0.016 0.09895052473763119
