0 0.07 0.009009009009009009 0.14 0.018018018018018018
0 0.092 0.13063063063063063 0.184 0.26126126126126126
0 0.346 0.13213213213213212 0.34 0.26426426426426425
0 0.097 0.3858858858858859 0.194 0.2672672672672673
0 0.357 0.42492492492492495 0.354 0.3333333333333333
0 0.061 0.6006006006006006 0.122 0.25225225225225223
0 0.22 0.6561561561561562 0.216 0.30930930930930933
0 0.074 0.8153153153153153 0.148 0.2732732732732733
0 0.244 0.8723723723723724 0.208 0.24924924924924924
0 0.479 0.7582582582582582 0.306 0.40540540540540543
0 0.487 0.9264264264264265 0.286 0.14114114114114115
0 0.754 0.13063063063063063 0.492 0.26126126126126126
0 0.758 0.4864864864864865 0.48 0.45645645645645644
0 0.812 0.8093093093093093 0.372 0.37537537537537535
0 0.656 0.987987987987988 0.06 0.024024024024024024
