0 0.8684759916492694 0.93875 0.2588726513569937 0.1225
0 0.6189979123173278 0.938125 0.24425887265135698 0.12375
0 0.3757828810020877 0.9375 0.25052192066805845 0.12
0 0.1325678496868476 0.943125 0.2567849686847599 0.11375
0 0.8747390396659708 0.808125 0.25052192066805845 0.14375
0 0.6263048016701461 0.806875 0.2546972860125261 0.14125
0 0.3653444676409186 0.81 0.267223382045929 0.145
0 0.12212943632567849 0.813125 0.24425887265135698 0.14375
0 0.8298538622129437 0.658125 0.34029227557411273 0.15875
0 0.47494780793319413 0.6575 0.3569937369519833 0.1625
0 0.14926931106471816 0.6625 0.2985386221294363 0.165
0 0.46242171189979125 0.4875 0.3945720250521921 0.185
0 0.8319415448851775 0.48875 0.33611691022964507 0.18
0 0.13569937369519833 0.489375 0.27139874739039666 0.18125
0 0.5970772442588727 0.2875 0.31315240083507306 0.215
0 0.2818371607515658 0.290625 0.33402922755741127 0.21875
0 0.8757828810020877 0.288125 0.24843423799582465 0.21625
0 0.0709812108559499 0.293125 0.1419624217118998 0.21375
0 0.055323590814196244 0.09 0.11064718162839249 0.1775
0 0.2588726513569937 0.090625 0.35490605427974947 0.18125
0 0.6043841336116911 0.090625 0.3444676409185804 0.17875
0 0.8851774530271399 0.09 0.22964509394572025 0.18
