0 0.169 0.23920265780730898 0.338 0.47840531561461797
0 0.176 0.5930232558139535 0.352 0.3488372093023256
0 0.402 0.2441860465116279 0.24 0.3289036544850498
0 0.43 0.5431893687707641 0.196 0.3953488372093023
0 0.122 0.8754152823920266 0.244 0.24916943521594684
0 0.396 0.8504983388704319 0.308 0.29900332225913623
0 0.644 0.8189368770764119 0.236 0.36212624584717606
0 0.59 0.45348837209302323 0.144 0.3554817275747508
0 0.558 0.21760797342192692 0.196 0.2558139534883721
0 0.7 0.2840531561461794 0.092 0.23588039867109634
0 0.705 0.5033222591362126 0.098 0.2691029900332226
0 0.791 0.4169435215946844 0.094 0.34219269102990035
0 0.8 0.7508305647840532 0.092 0.3388704318936877
0 0.875 0.7358803986710963 0.07 0.2823920265780731
0 0.865 0.4601328903654485 0.062 0.28903654485049834
0 0.924 0.729235880398671 0.052 0.2425249169435216
0 0.965 0.717607973421927 0.034 0.21262458471760798
0 0.916 0.4833887043189369 0.056 0.26245847176079734
0 0.96 0.5049833887043189 0.044 0.21262458471760798
