0 0.259 0.07957957957957958 0.51 0.15915915915915915
0 0.713 0.1373873873873874 0.398 0.22072072072072071
0 0.258 0.29654654654654655 0.516 0.28678678678678676
0 0.716 0.3536036036036036 0.4 0.21771771771771772
0 0.258 0.575075075075075 0.512 0.2822822822822823
0 0.195 0.8490990990990991 0.366 0.25375375375375375
0 0.524 0.8581081081081081 0.344 0.25975975975975973
0 0.834 0.8663663663663663 0.332 0.26126126126126126
0 0.717 0.713963963963964 0.402 0.046546546546546545
0 0.717 0.5743243243243243 0.41 0.22672672672672672
