0 0.159 0.18018018018018017 0.142 0.18618618618618618
0 0.294 0.22372372372372373 0.144 0.17117117117117117
0 0.445 0.17717717717717718 0.142 0.09009009009009009
0 0.151 0.33183183183183185 0.134 0.17117117117117117
0 0.232 0.3483483483483483 0.028 0.14414414414414414
0 0.309 0.36186186186186187 0.134 0.14714714714714713
0 0.398 0.2672672672672673 0.072 0.09009009009009009
0 0.501 0.25075075075075076 0.138 0.09309309309309309
0 0.397 0.3408408408408408 0.066 0.06306306306306306
0 0.401 0.42342342342342343 0.058 0.1021021021021021
0 0.15 0.481981981981982 0.132 0.14714714714714713
0 0.229 0.48348348348348347 0.026 0.12612612612612611
0 0.149 0.6351351351351351 0.134 0.17717717717717718
0 0.23 0.6276276276276276 0.028 0.16216216216216217
0 0.152 0.7972972972972973 0.136 0.17717717717717718
0 0.228 0.7762762762762763 0.024 0.15315315315315314
0 0.157 0.9099099099099099 0.138 0.12012012012012012
0 0.23 0.8873873873873874 0.02 0.10510510510510511
0 0.307 0.496996996996997 0.13 0.14114114114114115
0 0.307 0.6366366366366366 0.126 0.15015015015015015
0 0.303 0.7672672672672672 0.13 0.16516516516516516
0 0.304 0.8873873873873874 0.124 0.1831831831831832
0 0.335 0.960960960960961 0.054 0.07807807807807808
0 0.5 0.34234234234234234 0.14 0.0960960960960961
0 0.615 0.3003003003003003 0.086 0.06606606606606606
0 0.697 0.27177177177177175 0.126 0.07507507507507508
0 0.709 0.34234234234234234 0.102 0.07207207207207207
0 0.497 0.43843843843843844 0.134 0.0960960960960961
0 0.396 0.527027027027027 0.056 0.1111111111111111
0 0.389 0.6366366366366366 0.038 0.11411411411411411
0 0.388 0.7417417417417418 0.036 0.10810810810810811
0 0.468 0.53003003003003 0.092 0.12312312312312312
0 0.538 0.5315315315315315 0.056 0.0960960960960961
0 0.477 0.6456456456456456 0.114 0.13213213213213212
0 0.548 0.6381381381381381 0.032 0.1111111111111111
0 0.472 0.7627627627627628 0.112 0.12612612612612611
0 0.545 0.7477477477477478 0.034 0.10810810810810811
0 0.465 0.8723723723723724 0.19 0.17717717717717718
0 0.466 0.9579579579579579 0.18 0.08408408408408409
0 0.614 0.39039039039039036 0.108 0.11411411411411411
0 0.713 0.49099099099099097 0.238 0.2072072072072072
0 0.579 0.506006006006006 0.034 0.11711711711711711
0 0.575 0.6186186186186187 0.022 0.12012012012012012
0 0.573 0.7357357357357357 0.026 0.11411411411411411
0 0.58 0.8618618618618619 0.04 0.13813813813813813
0 0.666 0.6936936936936937 0.192 0.26426426426426425
0 0.669 0.9084084084084084 0.146 0.1831831831831832
0 0.576 0.963963963963964 0.052 0.07207207207207207
0 0.877 0.6756756756756757 0.246 0.1981981981981982
0 0.872 0.8168168168168168 0.256 0.17417417417417416
0 0.862 0.9219219219219219 0.264 0.15615615615615616
0 0.855 0.2912912912912913 0.166 0.16816816816816818
0 0.855 0.4369369369369369 0.162 0.14714714714714713
0 0.881 0.5420420420420421 0.106 0.06906906906906907
