0 0.11 0.18 0.22 0.22666666666666666
0 0.115 0.33866666666666667 0.23 0.18666666666666668
0 0.118 0.516 0.236 0.18933333333333333
0 0.085 0.6933333333333334 0.17 0.18666666666666668
0 0.089 0.8626666666666667 0.162 0.17866666666666667
0 0.087 0.9706666666666667 0.174 0.058666666666666666
0 0.258 0.3546666666666667 0.064 0.12266666666666666
0 0.311 0.26 0.074 0.06666666666666667
0 0.393 0.26 0.074 0.072
0 0.49 0.20133333333333334 0.116 0.184
0 0.27 0.44666666666666666 0.044 0.06666666666666667
0 0.358 0.39466666666666667 0.136 0.256
0 0.484 0.3453333333333333 0.14 0.12
0 0.509 0.436 0.09 0.07733333333333334
0 0.252 0.604 0.172 0.25333333333333335
0 0.414 0.596 0.156 0.248
0 0.292 0.796 0.264 0.24266666666666667
0 0.539 0.552 0.15 0.176
0 0.545 0.7613333333333333 0.242 0.25333333333333335
0 0.25 0.9493333333333334 0.16 0.10133333333333333
0 0.415 0.9413333333333334 0.142 0.11733333333333333
0 0.587 0.932 0.154 0.136
0 0.768 0.816 0.208 0.21333333333333335
0 0.749 0.9293333333333333 0.182 0.136
0 0.908 0.35733333333333334 0.184 0.11733333333333333
0 0.797 0.368 0.046 0.08533333333333333
0 0.752 0.372 0.048 0.07733333333333334
0 0.922 0.4693333333333333 0.156 0.12266666666666666
0 0.809 0.45866666666666667 0.07 0.10133333333333333
0 0.756 0.452 0.044 0.09333333333333334
0 0.911 0.572 0.178 0.13066666666666665
0 0.803 0.5533333333333333 0.046 0.10933333333333334
0 0.758 0.5373333333333333 0.044 0.09333333333333334
0 0.838 0.6533333333333333 0.108 0.128
0 0.762 0.6213333333333333 0.048 0.10666666666666667
0 0.812 0.208 0.192 0.13866666666666666
0 0.959 0.11466666666666667 0.082 0.09066666666666667
0 0.7 0.16666666666666666 0.052 0.08266666666666667
0 0.83 0.116 0.144 0.07733333333333334
0 0.71 0.37466666666666665 0.052 0.072
0 0.713 0.448 0.05 0.08533333333333333
0 0.712 0.5213333333333333 0.052 0.08266666666666667
0 0.724 0.596 0.044 0.08266666666666667
0 0.922 0.7613333333333333 0.156 0.27466666666666667
0 0.946 0.9226666666666666 0.108 0.15466666666666667
0 0.919 0.9493333333333334 0.082 0.10133333333333333
