0 0.023 0.071 0.046 0.138
0 0.11 0.068 0.136 0.136
0 0.261 0.049 0.166 0.098
0 0.487 0.032 0.29 0.06
0 0.821 0.075 0.358 0.15
0 0.823 0.195 0.354 0.202
0 0.503 0.24 0.298 0.172
0 0.494 0.096 0.3 0.192
0 0.272 0.268 0.16 0.148
0 0.267 0.138 0.158 0.156
0 0.123 0.169 0.138 0.154
0 0.125 0.283 0.142 0.13
0 0.026 0.196 0.052 0.12
0 0.03 0.3 0.06 0.108
0 0.07 0.406 0.14 0.116
0 0.25 0.394 0.236 0.132
0 0.459 0.381 0.186 0.146
0 0.66 0.366 0.224 0.16
0 0.884 0.351 0.232 0.178
0 0.888 0.521 0.224 0.17
0 0.669 0.515 0.226 0.158
0 0.465 0.515 0.194 0.138
0 0.263 0.518 0.226 0.128
0 0.075 0.517 0.15 0.11
0 0.048 0.626 0.096 0.108
0 0.168 0.628 0.148 0.104
0 0.317 0.638 0.158 0.116
0 0.532 0.654 0.288 0.144
0 0.837 0.677 0.326 0.174
0 0.845 0.822 0.31 0.18
0 0.914 0.945 0.172 0.106
0 0.548 0.784 0.292 0.168
0 0.5 0.898 0.196 0.164
0 0.708 0.927 0.232 0.146
0 0.644 0.992 0.076 0.016
0 0.514 0.974 0.18 0.052
0 0.31 0.949 0.228 0.098
0 0.104 0.931 0.184 0.134
0 0.006 0.908 0.012 0.088
0 0.09 0.829 0.18 0.126
0 0.292 0.864 0.228 0.148
0 0.322 0.752 0.164 0.132
0 0.173 0.737 0.146 0.114
0 0.054 0.723 0.104 0.11
