0 0.43796992481203006 0.9583333333333334 0.10150375939849623 0.08333333333333333
0 0.4266917293233083 0.8916666666666667 0.08646616541353383 0.17666666666666667
0 0.5159774436090225 0.9283333333333333 0.09962406015037593 0.14333333333333334
0 0.6278195488721805 0.9566666666666667 0.12406015037593984 0.08666666666666667
0 0.7866541353383458 0.9 0.26879699248120303 0.2
0 0.5770676691729323 0.8483333333333334 0.15789473684210525 0.23666666666666666
0 0.4398496240601504 0.7733333333333333 0.12030075187969924 0.2
0 0.8298872180451128 0.7566666666666667 0.2349624060150376 0.28
0 0.6428571428571429 0.7083333333333334 0.14661654135338345 0.21
0 0.5197368421052632 0.6666666666666666 0.09962406015037593 0.19333333333333333
0 0.4257518796992481 0.63 0.08834586466165413 0.17333333333333334
0 0.9398496240601504 0.8433333333333334 0.03759398496240601 0.22666666666666666
0 0.9718045112781954 0.6383333333333333 0.04887218045112782 0.21666666666666667
0 0.8176691729323309 0.565 0.3082706766917293 0.27
0 0.9849624060150376 0.47833333333333333 0.03007518796992481 0.19
0 0.9821428571428571 0.3333333333333333 0.03571428571428571 0.2
0 0.5798872180451128 0.5316666666666666 0.16729323308270677 0.20333333333333334
0 0.43703007518796994 0.49666666666666665 0.11842105263157894 0.16666666666666666
0 0.8439849624060151 0.36333333333333334 0.24436090225563908 0.23333333333333334
0 0.650375939849624 0.3566666666666667 0.14661654135338345 0.2
0 0.5197368421052632 0.355 0.12218045112781954 0.17
0 0.41353383458646614 0.3466666666666667 0.09022556390977443 0.15333333333333332
0 0.8167293233082706 0.135 0.29887218045112784 0.25
0 0.9830827067669173 0.15333333333333332 0.03383458646616541 0.19333333333333333
0 0.5836466165413534 0.16666666666666666 0.17481203007518797 0.21333333333333335
0 0.4342105263157895 0.18833333333333332 0.12781954887218044 0.17
0 0.5770676691729323 0.055 0.06015037593984962 0.07
0 0.6372180451127819 0.03833333333333333 0.06766917293233082 0.07666666666666666
0 0.7359022556390977 0.03 0.12969924812030076 0.06
0 0.9614661654135338 0.04 0.07706766917293233 0.08
0 0.36278195488721804 0.9683333333333334 0.05263157894736842 0.06333333333333334
0 0.3731203007518797 0.89 0.02819548872180451 0.12666666666666668
0 0.2669172932330827 0.925 0.18796992481203006 0.15
0 0.10338345864661654 0.9283333333333333 0.11654135338345864 0.14333333333333334
0 0.15789473684210525 0.9083333333333333 0.06015037593984962 0.15666666666666668
0 0.10714285714285714 0.8633333333333333 0.06015037593984962 0.15333333333333332
0 0.06109022556390977 0.8266666666666667 0.039473684210526314 0.13333333333333333
0 0.24060150375939848 0.8366666666666667 0.17293233082706766 0.16666666666666666
0 0.3543233082706767 0.795 0.05827067669172932 0.15
0 0.3656015037593985 0.675 0.03195488721804511 0.13
0 0.26127819548872183 0.7133333333333334 0.18796992481203006 0.18
0 0.12030075187969924 0.7766666666666666 0.06766917293233082 0.13333333333333333
0 0.06109022556390977 0.7316666666666667 0.06203007518796992 0.12333333333333334
0 0.13815789473684212 0.6883333333333334 0.05827067669172932 0.14333333333333334
0 0.08928571428571429 0.66 0.05075187969924812 0.13333333333333333
0 0.046052631578947366 0.6316666666666667 0.039473684210526314 0.12333333333333334
0 0.3505639097744361 0.565 0.06578947368421052 0.13666666666666666
0 0.23214285714285715 0.5966666666666667 0.18233082706766918 0.16
0 0.1099624060150376 0.5633333333333334 0.07330827067669173 0.14
0 0.04981203007518797 0.5383333333333333 0.05827067669172932 0.12333333333333334
0 0.3618421052631579 0.44 0.03571428571428571 0.12666666666666668
0 0.25469924812030076 0.46 0.19736842105263158 0.16
0 0.34210526315789475 0.32 0.06015037593984962 0.13333333333333333
0 0.35902255639097747 0.19333333333333333 0.022556390977443608 0.12666666666666668
0 0.22462406015037595 0.33 0.18609022556390978 0.14666666666666667
0 0.13063909774436092 0.45666666666666667 0.05451127819548872 0.12666666666666668
0 0.08082706766917293 0.44333333333333336 0.05639097744360902 0.12
0 0.03665413533834586 0.43 0.039473684210526314 0.11333333333333333
0 0.09962406015037593 0.33166666666666667 0.07894736842105263 0.13
0 0.040413533834586464 0.325 0.05451127819548872 0.12333333333333334
0 0.25469924812030076 0.185 0.20112781954887218 0.15
0 0.12406015037593984 0.19666666666666666 0.06766917293233082 0.14
0 0.06766917293233082 0.205 0.05263157894736842 0.11666666666666667
0 0.02537593984962406 0.21 0.03571428571428571 0.10666666666666667
0 0.23026315789473684 0.07166666666666667 0.14849624060150377 0.10333333333333333
