0 0.08758974358974358 0.25473531844499586 0.17517948717948717 0.11914805624483042
0 0.09207692307692304 0.3608147229114971 0.18415384615384608 0.10550041356492969
0 0.08630769230769232 0.4635235732009925 0.17261538461538464 0.101985111662531
0 0.09464102564102564 0.5605045492142267 0.18928205128205128 0.10157154673283711
0 0.11194871794871795 0.6905913978494623 0.2238974358974359 0.14462365591397852
0 0.21812820512820508 0.9246484698097601 0.25512820512820505 0.14747725392886687
0 0.2694102564102564 0.2636476426799007 0.19102564102564099 0.10752688172043014
0 0.279025641025641 0.3623862696443342 0.18974358974358985 0.09615384615384615
0 0.2803076923076923 0.4580231596360628 0.18461538461538465 0.09511993382961126
0 0.2854358974358974 0.5515922249793217 0.17948717948717957 0.09822167080231589
0 0.2937692307692307 0.6415425971877584 0.1807692307692307 0.10028949545078578
0 0.3117179487179487 0.7196029776674938 0.17820512820512818 0.10752688172043004
0 0.43607692307692303 0.27967328370554173 0.14743589743589736 0.08995037220843673
0 0.4399230769230769 0.36548800661703884 0.14230769230769238 0.08581472291149711
0 0.46684615384615386 0.45595533498759305 0.1782051282051283 0.09511993382961126
0 0.4713333333333333 0.5417700578990902 0.18717948717948718 0.08684863523573204
0 0.4694102564102564 0.6244830438378826 0.18846153846153846 0.10545905707196025
0 0.47966666666666663 0.7102977667493796 0.16538461538461546 0.09305210918114142
0 0.4854358974358974 0.7888751033912323 0.15641025641025647 0.08684863523573196
0 0.5931282051282051 0.28225806451612906 0.15641025641025635 0.08478081058726221
0 0.6187692307692307 0.36755583126550867 0.21538461538461526 0.09408602150537636
0 0.6386410256410255 0.45440446650124067 0.17051282051282055 0.08581472291149711
0 0.6386410256410257 0.5386683209263854 0.16025641025641016 0.08478081058726217
0 0.6386410256410257 0.619313482216708 0.15 0.08271298593879237
0 0.5931282051282051 0.701509511993383 0.06153846153846143 0.08581472291149715
0 0.7136410256410255 0.7190860215053763 0.182051282051282 0.13957816377171217
0 0.7059487179487179 0.8049007444168734 0.182051282051282 0.1313068651778329
0 0.7841538461538462 0.28225806451612906 0.19743589743589746 0.09305210918114142
0 0.7988974358974358 0.36910669975186106 0.16025641025641016 0.086848635235732
0 0.7969743589743589 0.45078577336641856 0.1538461538461538 0.08271298593879242
0 0.9385128205128205 0.28329197684036395 0.11897435897435912 0.08891645988420184
0 0.9372307692307692 0.3660049627791563 0.12153846153846166 0.09098428453267163
0 0.9365897435897436 0.45078577336641845 0.12282051282051293 0.08891645988420184
0 0.9494102564102563 0.8619106699751861 0.0971794871794873 0.14962779156327535
0 0.919923076923077 0.6642886683209264 0.1561538461538462 0.12096774193548387
0 0.7873589743589743 0.6291356492969395 0.11666666666666674 0.11062861869313483
0 0.9077435897435897 0.7397642679900744 0.18051282051282055 0.12717121588089325
0 0.8591538461538462 0.8240281224152192 0.09615384615384619 0.12820512820512822
0 0.3354358974358974 0.8240281224152192 0.19487179487179482 0.13854425144747717
0 0.11428205128205127 0.7935277088502894 0.22435897435897437 0.10235732009925566
