0 0.6279411764705882 0.22941176470588234 0.3323529411764706 0.403921568627451
0 0.2823529411764706 0.23921568627450981 0.3764705882352941 0.4470588235294118
0 0.8794117647058823 0.21372549019607842 0.2411764705882353 0.3803921568627451
0 0.8632352941176471 0.5411764705882353 0.2735294117647059 0.3058823529411765
0 0.6102941176470589 0.5705882352941176 0.2852941176470588 0.3333333333333333
0 0.3073529411764706 0.615686274509804 0.3264705882352941 0.3686274509803922
0 0.975 0.5274509803921569 0.05 0.2235294117647059
0 0.95 0.7568627450980392 0.1 0.25098039215686274
0 0.8264705882352941 0.788235294117647 0.24705882352941178 0.25882352941176473
0 0.06911764705882353 0.2568627450980392 0.13823529411764707 0.4666666666666667
0 0.09264705882352942 0.6470588235294118 0.18529411764705883 0.39215686274509803
0 0.33676470588235297 0.8764705882352941 0.27941176470588236 0.24705882352941178
0 0.6029411764705882 0.8352941176470589 0.25882352941176473 0.2823529411764706
0 0.10735294117647058 0.903921568627451 0.21470588235294116 0.19215686274509805
0 0.9367647058823529 0.9254901960784314 0.1264705882352941 0.14901960784313725
0 0.7926470588235294 0.9392156862745098 0.2088235294117647 0.12156862745098039
0 0.5838235294117647 0.9647058823529412 0.2323529411764706 0.07058823529411765
