0 0.148 0.15333333333333332 0.248 0.22133333333333333
0 0.324 0.16 0.26 0.21866666666666668
0 0.545 0.16933333333333334 0.262 0.232
0 0.405 0.04533333333333334 0.25 0.021333333333333333
0 0.765 0.18266666666666667 0.262 0.248
0 0.757 0.3973333333333333 0.25 0.23466666666666666
0 0.742 0.5893333333333334 0.228 0.20266666666666666
0 0.747 0.7333333333333333 0.23 0.25066666666666665
0 0.543 0.7013333333333334 0.182 0.18133333333333335
0 0.36 0.676 0.18 0.17333333333333334
0 0.192 0.6653333333333333 0.168 0.168
0 0.165 0.5133333333333333 0.178 0.17866666666666667
0 0.146 0.3466666666666667 0.176 0.18666666666666668
0 0.321 0.36 0.202 0.18666666666666668
0 0.529 0.38 0.214 0.20533333333333334
0 0.529 0.5466666666666666 0.194 0.18666666666666668
0 0.337 0.5226666666666666 0.198 0.176
