0 0.162 0.0797872340425532 0.292 0.1595744680851064
0 0.155 0.3045212765957447 0.246 0.2898936170212766
0 0.358 0.2859042553191489 0.176 0.24202127659574468
0 0.193 0.5571808510638298 0.274 0.3058510638297872
0 0.162 0.7965425531914894 0.236 0.300531914893617
0 0.358 0.7087765957446809 0.164 0.2632978723404255
0 0.199 0.9122340425531915 0.242 0.17553191489361702
0 0.38 0.9468085106382979 0.116 0.10638297872340426
0 0.456 0.08909574468085106 0.248 0.17819148936170212
0 0.517 0.28058510638297873 0.134 0.2047872340425532
0 0.465 0.48138297872340424 0.222 0.2127659574468085
0 0.506 0.6502659574468085 0.128 0.21010638297872342
0 0.454 0.8138297872340425 0.216 0.23404255319148937
0 0.496 0.925531914893617 0.112 0.14893617021276595
0 0.641 0.09308510638297872 0.126 0.18617021276595744
0 0.635 0.4401595744680851 0.126 0.17287234042553193
0 0.641 0.5904255319148937 0.15 0.19148936170212766
0 0.635 0.7273936170212766 0.15 0.18351063829787234
0 0.634 0.8577127659574468 0.16 0.19946808510638298
0 0.647 0.2765957446808511 0.134 0.18085106382978725
0 0.756 0.09840425531914894 0.1 0.1702127659574468
0 0.832 0.11835106382978723 0.068 0.14627659574468085
0 0.756 0.26595744680851063 0.096 0.15425531914893617
0 0.831 0.2646276595744681 0.074 0.1356382978723404
0 0.742 0.4162234042553192 0.092 0.15159574468085107
0 0.818 0.3976063829787234 0.072 0.1356382978723404
0 0.755 0.5438829787234043 0.082 0.1622340425531915
0 0.82 0.5159574468085106 0.064 0.14361702127659576
0 0.745 0.6742021276595744 0.07 0.1622340425531915
0 0.812 0.6303191489361702 0.064 0.14893617021276595
0 0.752 0.788563829787234 0.08 0.17287234042553193
0 0.818 0.738031914893617 0.056 0.14627659574468085
0 0.907 0.13430851063829788 0.094 0.1356382978723404
0 0.97 0.1422872340425532 0.06 0.1196808510638298
0 0.907 0.2632978723404255 0.094 0.1276595744680851
0 0.891 0.38430851063829785 0.082 0.1196808510638298
0 0.946 0.37632978723404253 0.036 0.09840425531914894
0 0.887 0.49601063829787234 0.078 0.13031914893617022
0 0.943 0.46675531914893614 0.042 0.10904255319148937
0 0.976 0.44813829787234044 0.032 0.09840425531914894
0 0.87 0.5997340425531915 0.064 0.1196808510638298
0 0.938 0.5638297872340425 0.08 0.13829787234042554
0 0.869 0.7007978723404256 0.058 0.125
0 0.932 0.6542553191489362 0.064 0.13829787234042554
