0 0.4239583333333333 0.20625 0.64375 0.15416666666666667
0 0.065625 0.34427083333333336 0.13125 0.14895833333333333
0 0.3 0.35 0.3875 0.14583333333333334
0 0.653125 0.3296875 0.36875 0.14895833333333333
0 0.915625 0.31302083333333336 0.16875 0.140625
0 0.946875 0.44895833333333335 0.10625 0.13958333333333334
0 0.7145833333333333 0.4609375 0.3875 0.14895833333333333
0 0.3489583333333333 0.4817708333333333 0.39375 0.14895833333333333
0 0.09270833333333334 0.4864583333333333 0.18541666666666667 0.16875
0 0.121875 0.6354166666666666 0.24375 0.15
0 0.19270833333333334 0.7588541666666667 0.3854166666666667 0.159375
0 0.23229166666666667 0.8822916666666667 0.42291666666666666 0.14791666666666667
0 0.6177083333333333 0.8739583333333333 0.41041666666666665 0.13958333333333334
0 0.5625 0.7489583333333333 0.425 0.15416666666666667
0 0.45416666666666666 0.6182291666666667 0.4708333333333333 0.17395833333333333
0 0.85 0.6005208333333333 0.3 0.16354166666666667
0 0.884375 0.75 0.23125 0.14583333333333334
0 0.9083333333333333 0.8817708333333333 0.18333333333333332 0.14895833333333333
