0 0.384 0.177 0.54 0.354
0 0.087 0.06 0.11 0.12
0 0.67 0.235 0.156 0.342
0 0.024 0.041 0.048 0.082
0 0.738 0.116 0.268 0.228
0 0.9 0.196 0.2 0.344
0 0.14 0.344 0.28 0.564
0 0.329 0.415 0.282 0.438
0 0.495 0.472 0.206 0.344
0 0.637 0.503 0.21 0.29
0 0.743 0.297 0.114 0.282
0 0.799 0.348 0.094 0.244
0 0.844 0.385 0.096 0.21
0 0.886 0.407 0.068 0.186
0 0.919 0.433 0.066 0.158
0 0.961 0.458 0.078 0.148
0 0.769 0.551 0.158 0.222
0 0.858 0.578 0.092 0.172
0 0.933 0.614 0.134 0.212
0 0.836 0.68 0.112 0.04
0 0.793 0.821 0.414 0.354
0 0.538 0.787 0.156 0.282
0 0.602 0.766 0.072 0.236
0 0.305 0.813 0.434 0.37
0 0.085 0.81 0.17 0.376
0 0.525 0.912 0.13 0.06
0 0.606 0.951 0.476 0.098
0 0.325 0.986 0.09 0.024
