0 0.8532758620689656 0.2300573851005532 0.28944827586206884 0.3401747402160989
0 0.8498275862068966 0.5195419531613503 0.2963448275862067 0.2864602181667787
0 0.8401724137931035 0.7584397456444192 0.31565517241379304 0.23052266969963303
0 0.5299310344827587 0.7842630408933464 0.3351724137931035 0.251253683503076
0 0.5313103448275863 0.5355942718296025 0.3710344827586206 0.2874424856537249
0 0.515448275862069 0.23832911130641574 0.4110344827586207 0.3463785348704958
0 0.45062068965517244 0.03205293904771752 0.4965517241379309 0.06410587809543504
0 0.1680689655172414 0.24344724189629324 0.3361379310344828 0.3586827276017164
0 0.18393103448275866 0.566277206224474 0.3678620689655173 0.3157214496200176
0 0.18855172413793106 0.8307915008013235 0.3751724137931035 0.28434058832652637
