0 0.6992045454545454 0.29249488453668515 0.11568181818181825 0.17575270388775208
0 0.5844318181818181 0.2961487869044139 0.11340909090909099 0.18086816720257234
0 0.5855681818181817 0.468978368897983 0.1129545454545455 0.17429114294066061
0 0.7006818181818182 0.46642063724057287 0.10772727272727275 0.16917567962584037
0 0.5917045454545455 0.6374232680502776 0.11113636363636363 0.1713680210464777
0 0.7018181818181818 0.630846243788366 0.105 0.1713680210464776
0 0.5911363636363636 0.8018488745980706 0.1095454545454545 0.16552177725811154
0 0.6996590909090907 0.7956372405729318 0.10159090909090912 0.1742911429406606
0 0.3776136363636363 0.7914352528500438 0.09613636363636363 0.17100263080970468
0 0.4809090909090909 0.80495469161064 0.10727272727272726 0.17246419175679623
0 0.4801136363636363 0.6381540485238234 0.10795454545454539 0.16844489915229463
0 0.3767045454545454 0.6430868167202572 0.09522727272727269 0.14615609470914942
0 0.47375 0.300350774627302 0.10659090909090907 0.17831043554516224
0 0.370340909090909 0.31405290850628464 0.09795454545454543 0.17063724057293186
0 0.20534090909090907 0.3414571762642502 0.0684090909090909 0.14213680210464777
0 0.2807954545454545 0.3270242619117217 0.07977272727272725 0.15711780181233556
0 0.13738636363636364 0.3549766150248465 0.06522727272727273 0.13409821689564458
0 0.13659090909090907 0.48012277111955565 0.059999999999999984 0.1227711195556855
0 0.1386363636363636 0.6039900613855597 0.058636363636363625 0.12861736334405144
0 0.2864772727272727 0.635048231511254 0.08295454545454546 0.1381175095001462
0 0.2864772727272727 0.7715214849459222 0.08431818181818185 0.1640602163110202
0 0.20715909090909088 0.7483192049108447 0.06977272727272728 0.16004092370651848
0 0.20625 0.6240865244080678 0.07386363636363634 0.12496346097632266
0 0.14295454545454545 0.7238380590470622 0.05954545454545455 0.13811750950014612
0 0.0878409090909091 0.7004530838935983 0.04613636363636364 0.12788658287050572
0 0.08625 0.5922975738088277 0.044318181818181826 0.11473253434668228
0 0.08454545454545453 0.47975738088278275 0.04454545454545455 0.11400175387313646
0 0.08306818181818182 0.36484215141771403 0.0425 0.11875182695118383
0 0.49965034965034966 0.4688237807208869 0.0622377622377623 0.16526881478649968
0 0.7692307692307693 0.3726980415083309 0.030069930069930025 0.08319654621905423
0 0.7687062937062937 0.4547703100757764 0.03041958041958037 0.07869943561261881
0 0.7695804195804197 0.535718300991613 0.02937062937062933 0.08656937917388081
0 0.7685314685314686 0.6177905695590583 0.02727272727272725 0.08319654621905423
0 0.043706293706293704 0.3867515121534414 0.03566433566433567 0.09106648978031615
0 0.043006993006993004 0.47697479369505097 0.03356643356643357 0.08938007330290289
0 0.04073426573426573 0.563825242281834 0.03251748251748252 0.0933150450835338
0 0.04038461538461539 0.6501135520428125 0.03251748251748252 0.09949857216738246
0 0.06031468531468532 0.6577024261911723 0.008741258741258747 0.0933150450835338
0 0.05996503496503497 0.568041283475367 0.008741258741258733 0.09050435095451173
