0 0.059 0.172 0.118 0.344
0 0.141 0.173 0.194 0.346
0 0.277 0.175 0.166 0.35
0 0.414 0.176 0.148 0.352
0 0.562 0.177 0.16 0.354
0 0.703 0.179 0.194 0.358
0 0.847 0.18 0.23 0.36
0 0.932 0.18 0.136 0.36
0 0.061 0.46 0.122 0.228
0 0.134 0.46 0.22 0.228
0 0.274 0.463 0.192 0.226
0 0.415 0.468 0.162 0.232
0 0.573 0.473 0.158 0.238
0 0.72 0.477 0.192 0.242
0 0.867 0.48 0.23 0.244
0 0.94 0.464 0.12 0.268
0 0.032 0.652 0.064 0.156
0 0.108 0.786 0.216 0.424
0 0.244 0.788 0.256 0.42
0 0.44 0.791 0.22 0.414
0 0.657 0.794 0.238 0.408
0 0.849 0.795 0.298 0.406
0 0.931 0.787 0.138 0.382
