0 0.159 0.058666666666666666 0.23 0.11733333333333333
0 0.171 0.19866666666666666 0.214 0.16266666666666665
0 0.191 0.34933333333333333 0.182 0.14933333333333335
0 0.213 0.476 0.158 0.13066666666666665
0 0.219 0.5946666666666667 0.182 0.15466666666666667
0 0.214 0.716 0.168 0.14666666666666667
0 0.204 0.8293333333333334 0.164 0.16
0 0.197 0.9333333333333333 0.194 0.128
0 0.422 0.07066666666666667 0.316 0.136
0 0.406 0.216 0.288 0.176
0 0.379 0.36666666666666664 0.21 0.16266666666666665
0 0.38 0.5053333333333333 0.192 0.152
0 0.389 0.6226666666666667 0.174 0.136
0 0.385 0.7413333333333333 0.182 0.16533333333333333
0 0.386 0.8693333333333333 0.192 0.16533333333333333
0 0.376 0.952 0.184 0.09066666666666667
0 0.589 0.22933333333333333 0.21 0.17066666666666666
0 0.573 0.392 0.202 0.16533333333333333
0 0.57 0.5386666666666666 0.192 0.16
0 0.559 0.6653333333333333 0.186 0.17333333333333334
0 0.563 0.7826666666666666 0.182 0.15733333333333333
0 0.563 0.8893333333333333 0.166 0.13066666666666665
0 0.558 0.9573333333333334 0.16 0.08533333333333333
0 0.825 0.09066666666666667 0.274 0.18133333333333335
0 0.803 0.2613333333333333 0.242 0.18666666666666668
0 0.784 0.416 0.228 0.17066666666666666
0 0.774 0.5546666666666666 0.216 0.16
0 0.755 0.6773333333333333 0.202 0.16
0 0.746 0.788 0.196 0.14666666666666667
0 0.732 0.8933333333333333 0.18 0.14933333333333335
0 0.721 0.96 0.174 0.08
0 0.968 0.10133333333333333 0.064 0.15466666666666667
0 0.95 0.25866666666666666 0.096 0.16533333333333333
0 0.938 0.41733333333333333 0.124 0.168
0 0.93 0.5653333333333334 0.136 0.16
0 0.92 0.696 0.16 0.16533333333333333
0 0.916 0.816 0.164 0.16
0 0.905 0.9293333333333333 0.19 0.14133333333333334
0 0.869 0.9813333333333333 0.122 0.037333333333333336
