0 0.14 0.08284883720930232 0.28 0.16569767441860464
0 0.096 0.014534883720930232 0.192 0.029069767441860465
0 0.459 0.06976744186046512 0.37 0.13953488372093023
0 0.819 0.059593023255813955 0.362 0.11918604651162791
0 0.14 0.2136627906976744 0.28 0.14825581395348839
0 0.463 0.19186046511627908 0.366 0.1686046511627907
0 0.822 0.18459302325581395 0.356 0.17732558139534885
0 0.082 0.3488372093023256 0.164 0.13953488372093023
0 0.261 0.35174418604651164 0.202 0.1511627906976744
0 0.474 0.34738372093023256 0.224 0.14825581395348839
0 0.704 0.34593023255813954 0.252 0.1686046511627907
0 0.915 0.35319767441860467 0.17 0.17732558139534885
0 0.08 0.4811046511627907 0.16 0.1308139534883721
0 0.262 0.4883720930232558 0.212 0.13953488372093023
0 0.473 0.5 0.21 0.1569767441860465
0 0.7 0.5159883720930233 0.248 0.17151162790697674
0 0.916 0.5203488372093024 0.168 0.1744186046511628
0 0.141 0.6133720930232558 0.282 0.14534883720930233
0 0.455 0.627906976744186 0.358 0.19767441860465115
0 0.816 0.6816860465116279 0.368 0.18895348837209303
0 0.147 0.7354651162790697 0.278 0.1511627906976744
0 0.452 0.7747093023255814 0.336 0.17151162790697674
0 0.81 0.8125 0.38 0.22965116279069767
0 0.114 0.8401162790697675 0.156 0.13372093023255813
0 0.277 0.873546511627907 0.174 0.14825581395348839
0 0.466 0.9055232558139535 0.204 0.17151162790697674
0 0.678 0.9186046511627907 0.228 0.16279069767441862
0 0.895 0.9505813953488372 0.21 0.09883720930232558
0 0.122 0.9375 0.16 0.125
0 0.285 0.9549418604651163 0.178 0.09011627906976744
0 0.512 0.9767441860465116 0.276 0.046511627906976744
0 0.01 0.7311046511627907 0.02 0.14825581395348839
0 0.014 0.8517441860465116 0.028 0.10465116279069768
0 0.02 0.9476744186046512 0.04 0.10465116279069768
