0 0.172 0.15333333333333332 0.272 0.14666666666666667
0 0.399 0.17333333333333334 0.182 0.144
0 0.569 0.19733333333333333 0.17 0.128
0 0.486 0.06933333333333333 0.196 0.13866666666666666
0 0.548 0.30533333333333335 0.216 0.12533333333333332
0 0.34 0.288 0.184 0.128
0 0.15 0.2866666666666667 0.208 0.12533333333333332
0 0.561 0.408 0.158 0.10133333333333333
0 0.399 0.4013333333333333 0.166 0.104
0 0.179 0.404 0.254 0.12
0 0.534 0.504 0.204 0.10133333333333333
0 0.338 0.5066666666666667 0.168 0.10133333333333333
0 0.159 0.5146666666666667 0.19 0.10666666666666667
0 0.208 0.6146666666666667 0.236 0.11466666666666667
0 0.41 0.6013333333333334 0.164 0.09866666666666667
0 0.565 0.6013333333333334 0.15 0.09333333333333334
0 0.53 0.688 0.2 0.09066666666666667
0 0.345 0.7 0.162 0.09866666666666667
0 0.176 0.716 0.176 0.10933333333333334
0 0.548 0.7733333333333333 0.144 0.08533333333333333
0 0.401 0.784 0.154 0.10133333333333333
0 0.207 0.808 0.226 0.11733333333333333
0 0.516 0.8613333333333333 0.188 0.096
0 0.346 0.8813333333333333 0.156 0.104
0 0.181 0.904 0.174 0.11733333333333333
0 0.726 0.788 0.18 0.14133333333333334
0 0.877 0.7853333333333333 0.118 0.11466666666666667
0 0.964 0.7933333333333333 0.072 0.072
0 0.747 0.7133333333333334 0.222 0.136
0 0.931 0.7213333333333334 0.138 0.072
0 0.971 0.644 0.058 0.08266666666666667
0 0.884 0.636 0.124 0.09866666666666667
0 0.729 0.6413333333333333 0.186 0.12533333333333332
0 0.743 0.5546666666666666 0.222 0.12266666666666666
0 0.93 0.5586666666666666 0.14 0.08266666666666667
0 0.736 0.476 0.2 0.11466666666666667
0 0.894 0.4706666666666667 0.124 0.09866666666666667
0 0.935 0.3933333333333333 0.13 0.08266666666666667
0 0.756 0.39066666666666666 0.232 0.09333333333333334
0 0.755 0.29733333333333334 0.21 0.09333333333333334
0 0.92 0.30266666666666664 0.128 0.09333333333333334
0 0.767 0.20133333333333334 0.242 0.12
0 0.942 0.20933333333333334 0.116 0.09866666666666667
0 0.759 0.12933333333333333 0.186 0.088
0 0.906 0.13733333333333334 0.108 0.07733333333333334
