0 0.723 0.7927927927927928 0.442 0.30930930930930933
0 0.256 0.7717717717717718 0.512 0.3333333333333333
0 0.027 0.6734234234234234 0.054 0.16366366366366367
0 0.317 0.5007507507507507 0.47 0.2747747747747748
0 0.738 0.5382882882882883 0.404 0.25975975975975973
0 0.731 0.33708708708708707 0.358 0.22372372372372373
0 0.359 0.29354354354354356 0.406 0.23573573573573572
0 0.098 0.24924924924924924 0.196 0.21921921921921922
0 0.07 0.4587087087087087 0.14 0.24774774774774774
0 0.708 0.16591591591591592 0.38 0.1966966966966967
