0 0.4561538461538462 0.05102564102564103 0.2230769230769231 0.10205128205128206
0 0.17 0.24794871794871795 0.3194871794871795 0.31025641025641026
0 0.4498410852713179 0.22713178294573644 0.2503178294573643 0.31317829457364343
0 0.168125 0.58425 0.33625 0.3945
0 0.165125 0.82025 0.32975 0.2575
0 0.47425 0.9345 0.1635 0.127
0 0.44125 0.78575 0.241 0.326
0 0.444125 0.525125 0.24625 0.31125
0 0.6435 0.8905 0.1795 0.215
0 0.642625 0.720125 0.19525 0.29025
0 0.64 0.49125 0.1845 0.2555
0 0.653 0.240375 0.1645 0.25525
0 0.651125 0.07325 0.16875 0.1455
0 0.800125 0.082625 0.13525 0.16525
0 0.799625 0.2525 0.13475 0.2215
0 0.871875 0.249875 0.01425 0.16925
0 0.873125 0.46875 0.24975 0.2705
0 0.74075 0.468875 0.018 0.21125
0 0.73875 0.676375 0.0155 0.20575
0 0.73675 0.881875 0.0155 0.20475
0 0.8695 0.88625 0.257 0.2235
0 0.870125 0.717375 0.25575 0.31725
0 0.9386 0.231 0.11879999999999996 0.206
0 0.9194 0.0843 0.10679999999999995 0.16820000000000002
0 0.9853 0.07180000000000002 0.025399999999999978 0.12000000000000001
