0 0.275 0.12143928035982009 0.298 0.2098950524737631
0 0.61 0.12518740629685157 0.372 0.22338830584707647
0 0.298 0.3095952023988006 0.276 0.17841079460269865
0 0.599 0.3230884557721139 0.342 0.1904047976011994
0 0.226 0.5104947526236882 0.396 0.2593703148425787
0 0.52 0.5389805097451275 0.384 0.280359820089955
0 0.206 0.6911544227886057 0.288 0.17991004497751126
0 0.513 0.7128935532233883 0.346 0.23238380809595202
0 0.702 0.5974512743628186 0.04 0.20239880059970014
0 0.722 0.46776611694152925 0.028 0.13193403298350825
