0 0.261 0.30793650793650795 0.366 0.4
0 0.246 0.6968253968253968 0.364 0.38412698412698415
0 0.233 0.9 0.354 0.14285714285714285
0 0.371 0.13174603174603175 0.314 0.19365079365079366
0 0.606 0.18888888888888888 0.156 0.24444444444444444
0 0.483 0.3492063492063492 0.098 0.3238095238095238
0 0.568 0.3761904761904762 0.076 0.28253968253968254
0 0.478 0.6730158730158731 0.1 0.3238095238095238
0 0.565 0.6571428571428571 0.074 0.27936507936507937
0 0.472 0.8873015873015873 0.12 0.16825396825396827
0 0.568 0.873015873015873 0.076 0.19047619047619047
0 0.636 0.4 0.06 0.24761904761904763
0 0.634 0.6460317460317461 0.06 0.2507936507936508
0 0.63 0.8634920634920635 0.048 0.20952380952380953
0 0.683 0.8539682539682539 0.05 0.22857142857142856
0 0.687 0.6396825396825396 0.046 0.21904761904761905
0 0.688 0.4174603174603175 0.044 0.21904761904761905
0 0.733 0.43174603174603177 0.042 0.19682539682539682
0 0.733 0.6317460317460317 0.042 0.20317460317460317
0 0.725 0.834920634920635 0.03 0.20317460317460317
0 0.766 0.8063492063492064 0.048 0.20317460317460317
0 0.77 0.6301587301587301 0.032 0.1873015873015873
0 0.772 0.44126984126984126 0.036 0.18412698412698414
0 0.8 0.6206349206349207 0.028 0.1619047619047619
0 0.805 0.7904761904761904 0.026 0.18412698412698414
0 0.806 0.4507936507936508 0.028 0.17142857142857143
0 0.831 0.6174603174603175 0.026 0.15555555555555556
0 0.829 0.4603174603174603 0.026 0.15873015873015872
0 0.834 0.7714285714285715 0.028 0.17142857142857143
0 0.86 0.7571428571428571 0.024 0.1619047619047619
0 0.853 0.6126984126984127 0.022 0.13968253968253969
0 0.856 0.46190476190476193 0.024 0.1492063492063492
0 0.883 0.7476190476190476 0.022 0.1492063492063492
0 0.876 0.6095238095238096 0.024 0.12698412698412698
0 0.879 0.473015873015873 0.022 0.13968253968253969
0 0.899 0.4777777777777778 0.018 0.12380952380952381
0 0.897 0.6063492063492063 0.022 0.12698412698412698
0 0.9 0.7365079365079366 0.02 0.13968253968253969
0 0.914 0.48095238095238096 0.016 0.12380952380952381
0 0.916 0.6015873015873016 0.016 0.11746031746031746
0 0.918 0.726984126984127 0.016 0.13333333333333333
0 0.932 0.7206349206349206 0.016 0.12063492063492064
0 0.931 0.6015873015873016 0.014 0.1111111111111111
0 0.931 0.4873015873015873 0.018 0.1111111111111111
0 0.951 0.49047619047619045 0.018 0.09841269841269841
0 0.944 0.6015873015873016 0.016 0.10476190476190476
0 0.959 0.6 0.014 0.10793650793650794
0 0.947 0.7142857142857143 0.014 0.11428571428571428
0 0.96 0.7063492063492064 0.012 0.1111111111111111
