0 0.664 0.05736782902137233 0.672 0.11473565804274466
0 0.168 0.046681664791901015 0.336 0.09336332958380203
0 0.754 0.15748031496062992 0.492 0.11023622047244094
0 0.654 0.2508436445444319 0.692 0.11023622047244094
0 0.251 0.1439820022497188 0.502 0.10798650168728909
0 0.151 0.23397075365579303 0.302 0.08773903262092239
0 0.268 0.31214848143982005 0.536 0.09561304836895389
0 0.767 0.3380202474690664 0.466 0.0798650168728909
0 0.645 0.406636670416198 0.71 0.1046119235095613
0 0.137 0.38245219347581555 0.274 0.08323959505061868
0 0.26 0.4550056242969629 0.52 0.09111361079865017
0 0.76 0.4746906636670416 0.48 0.09673790776152981
0 0.131 0.5196850393700787 0.262 0.08773903262092239
0 0.64 0.5399325084364455 0.72 0.10123734533183353
0 0.254 0.5821147356580427 0.508 0.07086614173228346
0 0.76 0.6057367829021373 0.48 0.09336332958380203
0 0.648 0.65748031496063 0.704 0.09336332958380203
0 0.145 0.6400449943757031 0.29 0.0764904386951631
0 0.142 0.686726659167604 0.284 0.04611923509561305
0 0.63 0.7148481439820022 0.672 0.09786276715410573
0 0.247 0.7221597300337458 0.494 0.06074240719910011
0 0.719 0.7699662542182227 0.462 0.08886389201349831
0 0.583 0.7919010123734533 0.622 0.11023622047244094
0 0.146 0.7514060742407199 0.292 0.05849268841394826
