0 0.299 0.25066666666666665 0.29 0.4053333333333333
0 0.334 0.48133333333333334 0.224 0.07733333333333334
0 0.564 0.22266666666666668 0.284 0.408
0 0.833 0.12666666666666668 0.302 0.232
0 0.797 0.44266666666666665 0.322 0.4
0 0.814 0.7946666666666666 0.276 0.336
0 0.57 0.7786666666666666 0.264 0.37866666666666665
0 0.544 0.504 0.2 0.176
0 0.304 0.5866666666666667 0.192 0.13866666666666666
0 0.487 0.5786666666666667 0.19 0.13333333333333333
0 0.314 0.8053333333333333 0.264 0.35733333333333334
0 0.12 0.3893333333333333 0.152 0.10133333333333333
0 0.128 0.49733333333333335 0.204 0.13066666666666665
0 0.112 0.5946666666666667 0.208 0.128
0 0.103 0.7093333333333334 0.202 0.13333333333333333
0 0.098 0.832 0.196 0.144
