0 0.917 0.7786666666666666 0.166 0.16
0 0.925 0.692 0.15 0.136
0 0.93 0.5826666666666667 0.14 0.15733333333333333
0 0.934 0.43733333333333335 0.132 0.12266666666666666
0 0.866 0.3466666666666667 0.156 0.15466666666666667
0 0.768 0.4786666666666667 0.2 0.11466666666666667
0 0.761 0.5826666666666667 0.202 0.12
0 0.747 0.6786666666666666 0.206 0.10933333333333334
0 0.736 0.768 0.196 0.10133333333333333
0 0.56 0.28 0.22 0.11733333333333333
0 0.565 0.392 0.214 0.11733333333333333
0 0.567 0.49733333333333335 0.21 0.104
0 0.559 0.5973333333333334 0.198 0.10133333333333333
0 0.547 0.6893333333333334 0.194 0.09866666666666667
0 0.541 0.78 0.194 0.09866666666666667
0 0.733 0.3586666666666667 0.13 0.12
0 0.725 0.24 0.142 0.12266666666666666
0 0.704 0.11066666666666666 0.184 0.136
0 0.585 0.16266666666666665 0.138 0.11733333333333333
0 0.447 0.16133333333333333 0.13 0.12
0 0.518 0.050666666666666665 0.188 0.10133333333333333
0 0.347 0.7773333333333333 0.19 0.09866666666666667
0 0.347 0.688 0.198 0.09066666666666667
0 0.354 0.5933333333333334 0.204 0.09866666666666667
0 0.355 0.492 0.206 0.10933333333333334
0 0.34 0.388 0.224 0.136
0 0.312 0.28 0.224 0.112
0 0.314 0.16266666666666665 0.136 0.112
0 0.307 0.05333333333333334 0.142 0.10666666666666667
0 0.175 0.072 0.13 0.064
0 0.135 0.16933333333333334 0.242 0.13066666666666665
0 0.102 0.2813333333333333 0.204 0.12533333333333332
0 0.12 0.39466666666666667 0.228 0.112
0 0.146 0.49733333333333335 0.22 0.104
0 0.146 0.6066666666666667 0.224 0.12
0 0.151 0.6973333333333334 0.21 0.10933333333333334
0 0.142 0.7853333333333333 0.216 0.11466666666666667
