0 0.5135632183908045 0.18370125282186492 0.40183908045977007 0.2867531751365696
0 0.16965517241379308 0.1790484068310672 0.3172413793103448 0.24918575195161038
0 0.3690924982272135 0.029576316576288612 0.5082999389831627 0.05872243218419485
0 0.25215827338129493 0.4047436713298027 0.4381294964028777 0.23405563405347685
0 0.027877697841726615 0.18336155663175605 0.05431654676258992 0.22704475100579202
0 0.06317050359712229 0.035457271364317845 0.12114100719424459 0.07031484257871064
0 0.03501577287066246 0.39183878092499497 0.06876971608832806 0.19627410269628598
0 0.05 0.5637559769011393 0.09873817034700315 0.1943823041160808
0 0.056624605678233436 0.7029214099574818 0.11261829652996846 0.17806554136181116
0 0.06671924290220821 0.8170205118261058 0.13280757097791798 0.16837007363825968
0 0.07523659305993691 0.9163399372868771 0.14984227129337538 0.16080287931743908
0 0.2312302839116719 0.8126457276093816 0.23596214511041008 0.16056640449491344
0 0.2836012861736334 0.917449635310962 0.3009646302250804 0.16210222862845103
0 0.47902986719655993 0.884376864085536 0.2623307211383334 0.17279176806128901
0 0.2736131934032983 0.7139983231772419 0.3679160419790105 0.21421073571160454
0 0.20044977511244377 0.5655343242921268 0.2599700149925037 0.198251698738337
0 0.47190839694656483 0.6078258580633347 0.3050381679389313 0.21447291621364883
0 0.6657894736842104 0.4442515584313106 0.3889473684210526 0.2560561824350982
0 0.6033660589060308 0.784110048762435 0.2990182328190744 0.1926105670867231
0 0.7511527377521613 0.9270984104489541 0.3023054755043228 0.14280467835246652
0 0.5513203214695752 0.9663245300426708 0.2411021814006889 0.06435243916503301
0 0.8648767772511848 0.8548609496876477 0.2662464454976304 0.2152084925715884
0 0.8054770932069509 0.6650703084476719 0.385045813586098 0.2368484004443276
0 0.9050552922590837 0.4700256506817681 0.18546603475513426 0.2550857272785408
0 0.8419699842022117 0.1911544227886057 0.31206003159557666 0.31634182908545727
0 0.8098 0.023913043478260867 0.37639999999999996 0.047826086956521734
