0 0.08 0.31866666666666665 0.14 0.09866666666666667
0 0.079 0.4013333333333333 0.138 0.09866666666666667
0 0.075 0.4746666666666667 0.138 0.08
0 0.074 0.5506666666666666 0.136 0.07733333333333334
0 0.22 0.25066666666666665 0.132 0.10666666666666667
0 0.222 0.3253333333333333 0.144 0.096
0 0.22 0.3973333333333333 0.144 0.08533333333333333
0 0.219 0.4706666666666667 0.15 0.07733333333333334
0 0.218 0.544 0.148 0.07466666666666667
0 0.185 0.636 0.214 0.12533333333333332
0 0.186 0.7453333333333333 0.212 0.13066666666666665
0 0.186 0.8466666666666667 0.208 0.152
0 0.249 0.932 0.09 0.136
0 0.342 0.376 0.104 0.064
0 0.341 0.432 0.102 0.05333333333333334
0 0.342 0.4866666666666667 0.1 0.056
0 0.342 0.5453333333333333 0.1 0.056
0 0.341 0.596 0.098 0.06133333333333333
0 0.341 0.652 0.098 0.06133333333333333
0 0.341 0.7053333333333334 0.098 0.072
0 0.313 0.7333333333333333 0.042 0.08533333333333333
0 0.314 0.7973333333333333 0.048 0.096
0 0.312 0.8706666666666667 0.04 0.09333333333333334
0 0.362 0.7613333333333333 0.052 0.06666666666666667
0 0.358 0.8146666666666667 0.06 0.07733333333333334
0 0.466 0.15333333333333332 0.148 0.11466666666666667
0 0.468 0.25066666666666665 0.152 0.11733333333333333
0 0.466 0.348 0.152 0.104
0 0.47 0.44533333333333336 0.148 0.10133333333333333
0 0.47 0.5453333333333333 0.156 0.09866666666666667
0 0.47 0.644 0.16 0.09866666666666667
0 0.467 0.744 0.154 0.10666666666666667
0 0.469 0.848 0.162 0.10666666666666667
0 0.469 0.9266666666666666 0.166 0.06133333333333333
0 0.623 0.068 0.15 0.10933333333333334
0 0.617 0.16 0.15 0.10666666666666667
0 0.619 0.256 0.15 0.10666666666666667
0 0.619 0.35333333333333333 0.15 0.09866666666666667
0 0.622 0.45066666666666666 0.152 0.10133333333333333
0 0.625 0.5466666666666666 0.154 0.10133333333333333
0 0.629 0.6466666666666666 0.154 0.09866666666666667
0 0.622 0.748 0.156 0.104
0 0.628 0.848 0.16 0.10666666666666667
0 0.619 0.936 0.134 0.06933333333333333
0 0.723 0.9453333333333334 0.07 0.104
0 0.838 0.956 0.152 0.088
0 0.771 0.048 0.15 0.096
0 0.77 0.144 0.156 0.112
0 0.771 0.25066666666666665 0.158 0.11733333333333333
0 0.777 0.3413333333333333 0.166 0.10666666666666667
0 0.777 0.444 0.162 0.104
0 0.78 0.5466666666666666 0.16 0.10133333333333333
0 0.784 0.6533333333333333 0.156 0.10666666666666667
0 0.781 0.7573333333333333 0.166 0.112
0 0.787 0.8826666666666667 0.162 0.16533333333333333
0 0.923 0.02 0.154 0.04
0 0.924 0.09066666666666667 0.152 0.112
0 0.924 0.192 0.152 0.10133333333333333
0 0.925 0.29333333333333333 0.15 0.10666666666666667
0 0.927 0.392 0.146 0.10666666666666667
0 0.927 0.49466666666666664 0.146 0.104
0 0.93 0.6 0.14 0.10666666666666667
0 0.931 0.7053333333333334 0.138 0.104
0 0.931 0.8066666666666666 0.138 0.104
0 0.938 0.9226666666666666 0.124 0.15466666666666667
