0 0.118 0.07466666666666667 0.236 0.10133333333333333
0 0.413 0.066 0.354 0.10266666666666667
0 0.399 0.010666666666666666 0.35 0.021333333333333333
0 0.699 0.005333333333333333 0.226 0.008
0 0.709 0.06133333333333333 0.238 0.10133333333333333
0 0.915 0.058 0.17 0.10533333333333333
0 0.062 0.172 0.124 0.10133333333333333
0 0.236 0.16666666666666666 0.228 0.10133333333333333
0 0.53 0.16266666666666665 0.36 0.104
0 0.854 0.16266666666666665 0.292 0.10133333333333333
0 0.857 0.264 0.286 0.10133333333333333
0 0.534 0.26266666666666666 0.364 0.104
0 0.24 0.266 0.224 0.10266666666666667
0 0.065 0.27066666666666667 0.13 0.104
0 0.114 0.36666666666666664 0.228 0.10133333333333333
0 0.407 0.36466666666666664 0.362 0.1
0 0.705 0.364 0.242 0.10133333333333333
0 0.914 0.36533333333333334 0.172 0.104
0 0.123 0.4633333333333333 0.246 0.1
0 0.424 0.4653333333333333 0.356 0.10133333333333333
0 0.721 0.4673333333333333 0.238 0.10266666666666667
0 0.921 0.468 0.158 0.10133333333333333
0 0.855 0.5673333333333334 0.29 0.09733333333333333
0 0.534 0.5646666666666667 0.364 0.10266666666666667
0 0.237 0.562 0.23 0.1
0 0.061 0.562 0.122 0.1
0 0.068 0.658 0.136 0.09466666666666666
0 0.25 0.6613333333333333 0.232 0.09866666666666667
0 0.541 0.6633333333333333 0.354 0.1
0 0.858 0.666 0.284 0.09733333333333333
0 0.925 0.7626666666666667 0.15 0.096
0 0.743 0.7613333333333333 0.234 0.096
0 0.447 0.7593333333333333 0.358 0.09733333333333333
0 0.135 0.752 0.27 0.096
0 0.136 0.8426666666666667 0.272 0.09066666666666667
0 0.447 0.8513333333333334 0.35 0.092
0 0.74 0.8566666666666667 0.236 0.09733333333333333
0 0.928 0.858 0.144 0.092
0 0.934 0.948 0.132 0.09066666666666667
0 0.746 0.948 0.228 0.09066666666666667
0 0.457 0.9373333333333334 0.346 0.09333333333333334
0 0.14 0.9346666666666666 0.28 0.09333333333333334
0 0.871 0.9946666666666667 0.258 0.008
0 0.575 0.992 0.33 0.016
0 0.287 0.99 0.218 0.017333333333333333
0 0.084 0.988 0.168 0.021333333333333333
