0 0.255 0.1696629213483146 0.374 0.12134831460674157
0 0.647 0.17191011235955056 0.366 0.12808988764044943
0 0.847 0.31235955056179776 0.234 0.15730337078651685
0 0.621 0.30730337078651687 0.222 0.15617977528089888
0 0.383 0.30674157303370786 0.23 0.15280898876404495
0 0.157 0.30730337078651687 0.246 0.15842696629213482
0 0.126 0.4747191011235955 0.252 0.18089887640449437
0 0.362 0.47584269662921347 0.248 0.18089887640449437
0 0.628 0.47921348314606743 0.244 0.1898876404494382
0 0.872 0.4837078651685393 0.252 0.18764044943820224
0 0.108 0.6780898876404494 0.216 0.21910112359550563
0 0.343 0.6797752808988764 0.278 0.2202247191011236
0 0.622 0.6842696629213483 0.268 0.22247191011235956
0 0.88 0.6865168539325842 0.236 0.2202247191011236
