0 0.277 0.26198083067092653 0.222 0.2364217252396166
0 0.42 0.19329073482428116 0.056 0.07987220447284345
0 0.484 0.19329073482428116 0.068 0.07348242811501597
0 0.209 0.5255591054313099 0.31 0.30990415335463256
0 0.562 0.4185303514376997 0.4 0.43450479233226835
0 0.169 0.8162939297124601 0.15 0.2971246006389776
0 0.32 0.805111821086262 0.144 0.3258785942492013
0 0.465 0.6805111821086262 0.146 0.20447284345047922
0 0.611 0.6869009584664537 0.15 0.22364217252396165
0 0.792 0.6645367412140575 0.22 0.28115015974440893
0 0.174 0.9792332268370607 0.132 0.04153354632587859
0 0.311 0.9840255591054313 0.138 0.03194888178913738
0 0.461 0.8881789137380192 0.142 0.20447284345047922
0 0.609 0.8945686900958466 0.154 0.2108626198083067
0 0.76 0.8753993610223643 0.164 0.24920127795527156
0 0.456 0.9904153354632588 0.14 0.019169329073482427
0 0.741 0.987220447284345 0.126 0.025559105431309903
0 0.587 0.9936102236421726 0.114 0.012779552715654952
