0 0.306 0.19640179910044978 0.28 0.1409295352323838
0 0.562 0.191904047976012 0.228 0.1199400299850075
0 0.82 0.1619190404797601 0.288 0.16491754122938532
0 0.978 0.17916041979010494 0.044 0.12143928035982009
0 0.289 0.32233883058470764 0.234 0.12893553223388307
0 0.526 0.32008995502248877 0.26 0.136431784107946
0 0.812 0.3073463268365817 0.288 0.1469265367316342
0 0.975 0.29985007496251875 0.05 0.1199400299850075
0 0.299 0.44302848575712145 0.222 0.11544227886056972
0 0.529 0.452023988005997 0.238 0.13043478260869565
0 0.802 0.4745127436281859 0.344 0.1874062968515742
0 0.974 0.41304347826086957 0.052 0.10944527736131934
0 0.316 0.5569715142428786 0.208 0.11244377811094453
0 0.527 0.5749625187406296 0.218 0.12143928035982009
0 0.802 0.6454272863568216 0.332 0.1664167916041979
0 0.984 0.5194902548725637 0.032 0.10344827586206896
0 0.319 0.6656671664167916 0.202 0.11394302848575712
0 0.523 0.6881559220389805 0.222 0.12593703148425786
0 0.315 0.7578710644677661 0.202 0.12143928035982009
0 0.522 0.7893553223388305 0.216 0.11244377811094453
0 0.791 0.7893553223388305 0.326 0.15742128935532235
0 0.324 0.861319340329835 0.2 0.11244377811094453
0 0.522 0.8980509745127436 0.196 0.1199400299850075
0 0.767 0.9047976011994003 0.298 0.1904047976011994
0 0.981 0.6199400299850075 0.038 0.10044977511244378
0 0.975 0.717391304347826 0.05 0.0944527736131934
0 0.971 0.8065967016491754 0.058 0.095952023988006
