0 0.615 0.5179910044977512 0.462 0.28335832083958024
0 0.6 0.7593703148425787 0.388 0.22638680659670166
0 0.578 0.9272863568215892 0.344 0.1454272863568216
0 0.229 0.9340329835082459 0.358 0.12893553223388307
0 0.868 0.904047976011994 0.256 0.1889055472263868
0 0.883 0.7053973013493253 0.234 0.3313343328335832
0 0.195 0.525487256371814 0.39 0.2893553223388306
0 0.201 0.7743628185907047 0.402 0.22638680659670166
0 0.193 0.19490254872563717 0.382 0.38980509745127434
0 0.634 0.1896551724137931 0.536 0.3793103448275862
0 0.907 0.4032983508245877 0.186 0.512743628185907
0 0.939 0.10044977511244378 0.114 0.20089955022488756
