0 0.18 0.8013333333333333 0.328 0.25333333333333335
0 0.012 0.784 0.024 0.208
0 0.194 0.5786666666666667 0.32 0.224
0 0.019 0.5773333333333334 0.038 0.2
0 0.204 0.36 0.316 0.25066666666666665
0 0.023 0.37066666666666664 0.046 0.19733333333333333
0 0.13 0.18 0.26 0.2
0 0.332 0.23066666666666666 0.164 0.15733333333333333
0 0.422 0.38133333333333336 0.16 0.17066666666666666
0 0.481 0.56 0.254 0.19733333333333333
0 0.518 0.43466666666666665 0.028 0.064
0 0.612 0.564 0.008 0.11466666666666667
0 0.585 0.7693333333333333 0.198 0.24266666666666667
0 0.421 0.7693333333333333 0.13 0.21066666666666667
0 0.351 0.7493333333333333 0.014 0.176
0 0.865 0.6986666666666667 0.062 0.144
0 0.799 0.7 0.066 0.13066666666666665
0 0.812 0.5693333333333334 0.076 0.12533333333333332
0 0.722 0.5733333333333334 0.096 0.11733333333333333
0 0.719 0.6946666666666667 0.09 0.13066666666666665
0 0.645 0.64 0.054 0.02666666666666667
0 0.645 0.5693333333333334 0.054 0.10933333333333334
0 0.631 0.456 0.078 0.112
0 0.562 0.44133333333333336 0.056 0.06666666666666667
0 0.733 0.4533333333333333 0.126 0.11733333333333333
0 0.527 0.356 0.126 0.09866666666666667
0 0.634 0.3466666666666667 0.084 0.112
0 0.738 0.344 0.124 0.13866666666666666
0 0.808 0.47733333333333333 0.024 0.05333333333333334
0 0.814 0.472 0.036 0.05333333333333334
0 0.938 0.668 0.068 0.06133333333333333
0 0.915 0.576 0.026 0.058666666666666666
0 0.86 0.5813333333333334 0.02 0.058666666666666666
0 0.882 0.5746666666666667 0.016 0.056
0 0.866 0.5173333333333333 0.024 0.042666666666666665
0 0.843 0.47333333333333333 0.018 0.050666666666666665
