0 0.49010526315789477 0.2995266897948129 0.4406015037593985 0.31274584402687683
0 0.49649624060150377 0.5906705012961219 0.4218045112781955 0.26954177897574116
0 0.5046728971962617 0.8496176720475785 0.4024922118380062 0.24687004055722095
0 0.8672242990654206 0.3353344768439108 0.2615514018691589 0.20754716981132076
0 0.8634859813084113 0.531641578899558 0.26902803738317754 0.19229145626606395
0 0.8623052959501558 0.7096177789177259 0.27040498442367594 0.19450366831781046
0 0.23444444444444443 0.3340003811701925 0.09888888888888886 0.165809033733562
0 0.23944444444444446 0.4912330855727082 0.10444444444444445 0.15246807699637888
0 0.24361111111111108 0.6410806174957119 0.11055555555555552 0.1529445397369925
0 0.09292035398230088 0.38843941164862855 0.18513274336283186 0.14177507248136736
0 0.14283185840707963 0.5189817696079175 0.09097345132743362 0.1381320299336662
