0 0.15027548209366384 0.10123966942148759 0.18870523415977955 0.20041322314049584
0 0.03691460055096416 0.27045454545454545 0.07382920110192832 0.17727272727272728
0 0.04035812672176307 0.4350206611570248 0.08071625344352613 0.15723140495867768
0 0.04793388429752064 0.587293388429752 0.09586776859504129 0.14359504132231407
0 0.04517906336088153 0.7262396694214875 0.09035812672176306 0.13842975206611577
0 0.16267217630853986 0.3032024793388429 0.18319559228650134 0.20351239669421484
0 0.09724517906336085 0.49225206611570244 0.03856749311294763 0.2179752066115702
0 0.1110192837465564 0.6864669421487603 0.03856749311294763 0.17665289256198338
0 0.32451790633608807 0.10692148760330578 0.15977961432506893 0.21384297520661155
0 0.3258953168044077 0.30836776859504134 0.14600550964187328 0.18698347107438018
0 0.23774104683195582 0.5655991735537189 0.256198347107438 0.32541322314049587
0 0.24393939393939384 0.8150826446280991 0.2355371900826445 0.2933884297520661
0 0.24118457300275475 0.9409090909090909 0.21074380165289244 0.10909090909090922
0 0.4188705234159779 0.5439049586776858 0.28236914600550966 0.31301652892561976
0 0.45055096418732776 0.8047520661157024 0.18319559228650134 0.24380165289256195
0 0.4409090909090908 0.9440082644628099 0.1804407713498623 0.10289256198347116
0 0.5758953168044076 0.31353305785123964 0.3457300275482093 0.2551652892561983
0 0.48085399449035804 0.11983471074380163 0.1418732782369146 0.2066115702479339
0 0.6378787878787878 0.5619834710743801 0.18870523415977972 0.23760330578512392
0 0.6282369146005509 0.777892561983471 0.1804407713498623 0.22520661157024802
0 0.6075757575757574 0.9331611570247933 0.1584022038567494 0.12458677685950426
0 0.7315426997245178 0.16632231404958675 0.3567493112947659 0.19214876033057848
0 0.8589531680440771 0.3517561983471074 0.25344352617079885 0.19318181818181815
0 0.8114325068870523 0.5655991735537189 0.19146005509641875 0.23863636363636356
0 0.7921487603305785 0.7701446280991735 0.18044077134986214 0.20764462809917358
0 0.7606060606060605 0.9295454545454546 0.16363636363636347 0.13181818181818195
0 0.9236914600550964 0.558884297520661 0.14049586776859507 0.21900826446280988
0 0.918870523415978 0.7603305785123966 0.150137741046832 0.20247933884297514
0 0.8961432506887052 0.9197314049586776 0.1432506887052341 0.15144628099173565
