0 0.127 0.07777777777777778 0.062 0.1365079365079365
0 0.188 0.05476190476190476 0.088 0.10952380952380952
0 0.255 0.020634920634920634 0.058 0.04126984126984127
0 0.142 0.16587301587301587 0.072 0.12222222222222222
0 0.201 0.12222222222222222 0.074 0.1492063492063492
0 0.379 0.08253968253968254 0.298 0.16507936507936508
0 0.459 0.009523809523809525 0.106 0.01904761904761905
0 0.591 0.03253968253968254 0.158 0.06507936507936508
0 0.738 0.050793650793650794 0.14 0.10158730158730159
0 0.858 0.06746031746031746 0.12 0.1349206349206349
0 0.955 0.10158730158730159 0.09 0.11428571428571428
0 0.621 0.10873015873015873 0.194 0.14126984126984127
0 0.792 0.15476190476190477 0.152 0.1253968253968254
0 0.934 0.1880952380952381 0.132 0.10952380952380952
0 0.141 0.22380952380952382 0.058 0.02857142857142857
0 0.195 0.20952380952380953 0.058 0.06666666666666667
0 0.356 0.19444444444444445 0.28 0.14761904761904762
0 0.578 0.21825396825396826 0.164 0.1380952380952381
0 0.779 0.2492063492063492 0.246 0.14285714285714285
0 0.946 0.27936507936507937 0.108 0.10793650793650794
0 0.154 0.30873015873015874 0.268 0.15714285714285714
0 0.016 0.44761904761904764 0.032 0.11746031746031746
0 0.162 0.44047619047619047 0.264 0.1380952380952381
0 0.018 0.5634920634920635 0.036 0.11428571428571428
0 0.168 0.5777777777777777 0.276 0.1365079365079365
0 0.02 0.665079365079365 0.04 0.11428571428571428
0 0.167 0.7007936507936507 0.262 0.15396825396825398
0 0.188 0.819047619047619 0.244 0.13968253968253969
0 0.275 0.9285714285714286 0.298 0.14285714285714285
0 0.407 0.32301587301587303 0.25 0.1380952380952381
0 0.628 0.3380952380952381 0.192 0.12063492063492064
0 0.792 0.353968253968254 0.144 0.10476190476190476
0 0.927 0.36904761904761907 0.13 0.09682539682539683
0 0.396 0.4507936507936508 0.216 0.12380952380952381
0 0.585 0.44365079365079363 0.158 0.1
0 0.726 0.4444444444444444 0.132 0.09206349206349207
0 0.847 0.44761904761904764 0.11 0.08571428571428572
0 0.946 0.4507936507936508 0.092 0.07936507936507936
0 0.329 0.5753968253968254 0.058 0.1253968253968254
0 0.328 0.6936507936507936 0.06 0.12698412698412698
0 0.332 0.8142857142857143 0.044 0.13015873015873017
0 0.423 0.8507936507936508 0.138 0.19682539682539682
0 0.431 0.5698412698412698 0.146 0.15555555555555556
0 0.415 0.7095238095238096 0.114 0.16825396825396827
0 0.561 0.7531746031746032 0.182 0.2111111111111111
0 0.59 0.5841269841269842 0.192 0.1873015873015873
0 0.834 0.6150793650793651 0.332 0.2523809523809524
0 0.82 0.8285714285714286 0.36 0.2984126984126984
0 0.597 0.9023809523809524 0.21 0.19523809523809524
0 0.838 0.9444444444444444 0.324 0.1111111111111111
0 0.453 0.9611111111111111 0.058 0.07777777777777778
0 0.526 0.976984126984127 0.088 0.046031746031746035
