0 0.245 0.2331334332833583 0.102 0.037481259370314844
0 0.245 0.27136431784107945 0.098 0.035982008995502246
0 0.247 0.3065967016491754 0.098 0.034482758620689655
0 0.312 0.2571214392803598 0.032 0.031484257871064465
0 0.314 0.2871064467766117 0.036 0.031484257871064465
0 0.498 0.25487256371814093 0.048 0.03298350824587706
0 0.502 0.2871064467766117 0.048 0.031484257871064465
0 0.4 0.315592203898051 0.112 0.019490254872563718
0 0.514 0.3148425787106447 0.112 0.020989505247376312
0 0.62 0.31259370314842577 0.096 0.022488755622188907
0 0.18 0.27511244377811095 0.032 0.022488755622188907
0 0.178 0.25112443778110943 0.032 0.022488755622188907
0 0.185 0.308095952023988 0.034 0.04047976011994003
0 0.126 0.31634182908545727 0.08 0.044977511244377814
0 0.09 0.27811094452773616 0.04 0.02848575712143928
0 0.102 0.25262368815592207 0.02 0.022488755622188907
0 0.085 0.2518740629685157 0.022 0.020989505247376312
0 0.195 0.3770614692653673 0.11 0.09745127436281859
0 0.322 0.3823088455772114 0.192 0.11094452773613193
0 0.448 0.3770614692653673 0.064 0.0944527736131934
0 0.564 0.3778110944527736 0.168 0.095952023988006
0 0.732 0.3313343328335832 0.176 0.053973013493253376
0 0.855 0.4025487256371814 0.098 0.20539730134932535
0 0.862 0.5284857571214393 0.036 0.043478260869565216
0 0.753 0.4662668665667166 0.21 0.22188905547226387
0 0.963 0.5427286356821589 0.074 0.10794602698650675
0 0.944 0.4287856071964018 0.112 0.1199400299850075
0 0.911 0.5239880059970015 0.058 0.0944527736131934
0 0.952 0.34782608695652173 0.096 0.047976011994003
0 0.965 0.638680659670165 0.07 0.10794602698650675
0 0.97 0.7346326836581709 0.06 0.08095952023988005
0 0.955 0.8013493253373314 0.09 0.12143928035982009
0 0.964 0.8958020989505248 0.072 0.0734632683658171
0 0.073 0.3815592203898051 0.146 0.08545727136431784
0 0.088 0.4550224887556222 0.176 0.07646176911544228
0 0.083 0.527736131934033 0.166 0.12593703148425786
0 0.225 0.5367316341829086 0.218 0.09295352323838081
0 0.249 0.4587706146926537 0.17 0.06596701649175413
0 0.424 0.45952023988005997 0.18 0.06446776611694154
0 0.576 0.4617691154422789 0.132 0.06896551724137931
0 0.406 0.5397301349325337 0.204 0.09295352323838081
0 0.575 0.5419790104947526 0.142 0.09145427286356822
0 0.79 0.5907046476761619 0.284 0.08095952023988005
0 0.065 0.6259370314842578 0.13 0.0704647676161919
0 0.219 0.6146926536731634 0.19 0.06296851574212893
0 0.408 0.616191904047976 0.188 0.05997001499250375
0 0.575 0.6169415292353823 0.142 0.06146926536731634
0 0.203 0.6776611694152923 0.138 0.06296851574212893
0 0.076 0.6986506746626686 0.116 0.07196401799100449
0 0.082 0.767616191904048 0.116 0.06596701649175413
0 0.01 0.697151424287856 0.02 0.07196401799100449
0 0.013 0.7638680659670165 0.026 0.06446776611694154
0 0.206 0.7353823088455772 0.14 0.05847076461769116
0 0.231 0.7931034482758621 0.178 0.05697151424287856
0 0.366 0.7368815592203898 0.18 0.05847076461769116
0 0.363 0.6776611694152923 0.182 0.05997001499250375
0 0.55 0.6776611694152923 0.188 0.05997001499250375
0 0.553 0.7383808095952024 0.186 0.05547226386806597
0 0.41 0.7968515742128935 0.184 0.06146926536731634
0 0.573 0.8110944527736131 0.134 0.08995502248875563
0 0.243 0.8470764617691154 0.174 0.050974512743628186
0 0.247 0.9002998500749625 0.174 0.05547226386806597
0 0.422 0.9025487256371814 0.172 0.050974512743628186
0 0.418 0.8515742128935532 0.18 0.053973013493253376
0 0.574 0.8920539730134932 0.132 0.08095952023988005
0 0.772 0.9182908545727136 0.26 0.046476761619190406
0 0.775 0.876311844077961 0.262 0.043478260869565216
0 0.777 0.8320839580209896 0.266 0.047976011994003
0 0.78 0.7893553223388305 0.272 0.046476761619190406
0 0.784 0.7481259370314842 0.276 0.047976011994003
0 0.785 0.7031484257871065 0.278 0.050974512743628186
0 0.786 0.6559220389805097 0.276 0.049475262368815595
