0 0.45872420262664165 0.31833333333333336 0.06566604127579738 0.13
0 0.40337711069418386 0.31333333333333335 0.04878048780487805 0.14
0 0.34896810506566606 0.315 0.06378986866791744 0.14333333333333334
0 0.36397748592870544 0.45666666666666667 0.08630393996247655 0.14666666666666667
0 0.42964352720450283 0.45 0.04878048780487805 0.13333333333333333
0 0.47560975609756095 0.44666666666666666 0.043151969981238276 0.12666666666666668
0 0.46716697936210133 0.5683333333333334 0.0675422138836773 0.13666666666666666
0 0.41275797373358347 0.5816666666666667 0.0450281425891182 0.13666666666666666
0 0.35834896810506567 0.595 0.0675422138836773 0.15
0 0.4831144465290807 0.68 0.043151969981238276 0.13333333333333333
0 0.4399624765478424 0.7 0.04690431519699812 0.14
0 0.37335834896810505 0.7266666666666667 0.0900562851782364 0.16666666666666666
0 0.474671669793621 0.805 0.0600375234521576 0.15
0 0.4202626641651032 0.8366666666666667 0.0525328330206379 0.15333333333333332
0 0.3649155722326454 0.8666666666666667 0.06191369606003752 0.16666666666666666
0 0.4878048780487805 0.9066666666666666 0.04127579737335835 0.13333333333333333
0 0.44652908067542213 0.9333333333333333 0.04878048780487805 0.13333333333333333
0 0.3789868667917448 0.95 0.08630393996247655 0.1
0 0.3545966228893058 0.165 0.0900562851782364 0.16333333333333333
0 0.42120075046904315 0.18166666666666667 0.05065666041275797 0.14333333333333334
0 0.46810506566604126 0.19166666666666668 0.043151969981238276 0.13666666666666666
0 0.4540337711069418 0.06666666666666667 0.07129455909943715 0.13333333333333333
0 0.3949343339587242 0.056666666666666664 0.05065666041275797 0.11333333333333333
0 0.3395872420262664 0.05 0.06378986866791744 0.1
0 0.2570356472795497 0.03833333333333333 0.10131332082551595 0.07666666666666666
0 0.2804878048780488 0.14166666666666666 0.06941838649155722 0.17
0 0.2073170731707317 0.12833333333333333 0.08442776735459662 0.18333333333333332
0 0.26641651031894936 0.2966666666666667 0.10131332082551595 0.16
0 0.1772983114446529 0.2916666666666667 0.08442776735459662 0.17
0 0.28893058161350843 0.45666666666666667 0.07129455909943715 0.16
0 0.2176360225140713 0.465 0.07879924953095685 0.17
0 0.2767354596622889 0.6166666666666667 0.10318949343339587 0.17333333333333334
0 0.18761726078799248 0.6366666666666667 0.0825515947467167 0.18
0 0.29831144465290804 0.7583333333333333 0.0675422138836773 0.17666666666666667
0 0.23076923076923078 0.785 0.075046904315197 0.18333333333333332
0 0.28424015009380865 0.9083333333333333 0.09568480300187618 0.18333333333333332
0 0.199812382739212 0.9316666666666666 0.08067542213883677 0.13666666666666666
0 0.08442776735459662 0.10333333333333333 0.16885553470919323 0.20666666666666667
0 0.07035647279549719 0.28833333333333333 0.14071294559099437 0.19666666666666666
0 0.09380863039399624 0.4766666666666667 0.18761726078799248 0.19333333333333333
0 0.07692307692307693 0.6583333333333333 0.15384615384615385 0.19666666666666666
0 0.10787992495309569 0.8283333333333334 0.18198874296435272 0.21666666666666667
0 0.08630393996247655 0.95 0.1575984990619137 0.1
0 0.4981238273921201 0.055 0.03564727954971857 0.11
0 0.5037523452157598 0.15666666666666668 0.028142589118198873 0.10666666666666667
0 0.5037523452157598 0.25166666666666665 0.028142589118198873 0.09666666666666666
0 0.5065666041275797 0.3466666666666667 0.0300187617260788 0.1
0 0.5084427767354597 0.44 0.02626641651031895 0.08666666666666667
0 0.5103189493433395 0.5316666666666666 0.02626641651031895 0.10333333333333333
0 0.5131332082551595 0.6283333333333333 0.024390243902439025 0.09666666666666666
0 0.5150093808630394 0.715 0.020637898686679174 0.09666666666666666
0 0.5150093808630394 0.8066666666666666 0.020637898686679174 0.1
0 0.5384615384615384 0.155 0.04127579737335835 0.10333333333333333
0 0.5590994371482176 0.24666666666666667 0.04127579737335835 0.1
0 0.5487804878048781 0.05333333333333334 0.039399624765478425 0.10666666666666667
0 0.6097560975609756 0.04833333333333333 0.0825515947467167 0.09666666666666666
0 0.600375234521576 0.14166666666666666 0.08630393996247655 0.11666666666666667
0 0.6191369606003753 0.23833333333333334 0.0825515947467167 0.10333333333333333
0 0.5412757973733584 0.345 0.043151969981238276 0.09666666666666666
0 0.5600375234521576 0.43666666666666665 0.039399624765478425 0.09333333333333334
0 0.5440900562851783 0.53 0.04127579737335835 0.09333333333333334
0 0.5469043151969981 0.7083333333333334 0.043151969981238276 0.09
0 0.5666041275797373 0.7983333333333333 0.0375234521575985 0.09
0 0.5647279549718575 0.6233333333333333 0.0375234521575985 0.09333333333333334
0 0.6031894934333959 0.3383333333333333 0.08442776735459662 0.10333333333333333
0 0.6060037523452158 0.53 0.08630393996247655 0.1
0 0.625703564727955 0.8 0.08067542213883677 0.10666666666666667
0 0.6097560975609756 0.715 0.08630393996247655 0.10333333333333333
0 0.6228893058161351 0.6216666666666667 0.07879924953095685 0.10333333333333333
0 0.6200750469043153 0.43666666666666665 0.08067542213883677 0.09333333333333334
0 0.6575984990619137 0.14833333333333334 0.028142589118198873 0.10333333333333333
0 0.6669793621013134 0.055 0.03189493433395872 0.11
0 0.6932457786116323 0.07166666666666667 0.024390243902439025 0.10333333333333333
0 0.6876172607879925 0.16 0.03189493433395872 0.1
0 0.6707317073170732 0.24666666666666667 0.024390243902439025 0.1
0 0.6923076923076923 0.25 0.0225140712945591 0.09333333333333334
0 0.6594746716697936 0.34 0.028142589118198873 0.1
0 0.6885553470919324 0.3433333333333333 0.0300187617260788 0.09333333333333334
0 0.6697936210131332 0.43333333333333335 0.0225140712945591 0.08666666666666667
0 0.6932457786116323 0.43166666666666664 0.020637898686679174 0.08333333333333333
0 0.6613508442776735 0.5233333333333333 0.024390243902439025 0.09333333333333334
0 0.6876172607879925 0.52 0.03189493433395872 0.08666666666666667
0 0.6735459662288931 0.61 0.0225140712945591 0.09333333333333334
0 0.6951219512195121 0.6 0.020637898686679174 0.09333333333333334
0 0.6632270168855535 0.7016666666666667 0.024390243902439025 0.09666666666666666
0 0.6913696060037523 0.6883333333333334 0.028142589118198873 0.09666666666666666
0 0.6866791744840526 0.7733333333333333 0.0450281425891182 0.11333333333333333
0 0.7298311444652908 0.09333333333333334 0.04878048780487805 0.09333333333333334
0 0.7270168855534709 0.175 0.04690431519699812 0.09
0 0.7317073170731707 0.2633333333333333 0.0525328330206379 0.08666666666666667
0 0.7317073170731707 0.43 0.0525328330206379 0.08
0 0.7288930581613509 0.51 0.04690431519699812 0.08
0 0.7326454033771107 0.5883333333333334 0.054409005628517824 0.09
0 0.7298311444652908 0.6683333333333333 0.0450281425891182 0.08333333333333333
0 0.7354596622889306 0.7383333333333333 0.0525328330206379 0.09666666666666666
0 0.7279549718574109 0.35 0.0450281425891182 0.08666666666666667
