0 0.154 0.26638176638176636 0.308 0.23076923076923078
0 0.475 0.2573599240265907 0.498 0.2127255460588794
0 0.794 0.251661918328585 0.412 0.19753086419753085
0 0.838 0.4140550807217474 0.324 0.157644824311491
0 0.531 0.4349477682811016 0.358 0.17094017094017094
0 0.182 0.45821462488129155 0.364 0.18708452041785376
0 0.811 0.5427350427350427 0.302 0.13770180436847104
0 0.526 0.5726495726495726 0.316 0.1462488129154796
0 0.185 0.6058879392212726 0.37 0.16144349477682812
0 0.783 0.6471984805318138 0.274 0.1282051282051282
0 0.521 0.6823361823361823 0.29 0.1339031339031339
0 0.197 0.7207977207977208 0.354 0.1462488129154796
