0 0.499 0.5761670761670762 0.898 0.8181818181818182
0 0.191 0.3316953316953317 0.202 0.10319410319410319
0 0.39 0.33415233415233414 0.2 0.10319410319410319
0 0.591 0.32923832923832924 0.206 0.10319410319410319
0 0.796 0.3316953316953317 0.208 0.10810810810810811
0 0.181 0.43366093366093367 0.202 0.10565110565110565
0 0.383 0.43734643734643736 0.206 0.10319410319410319
0 0.585 0.43366093366093367 0.206 0.10565110565110565
0 0.793 0.43243243243243246 0.206 0.10810810810810811
0 0.804 0.5405405405405406 0.216 0.11302211302211303
0 0.801 0.6498771498771498 0.214 0.11056511056511056
0 0.804 0.7616707616707616 0.216 0.11302211302211303
0 0.376 0.538083538083538 0.208 0.10810810810810811
0 0.586 0.5356265356265356 0.212 0.10810810810810811
0 0.588 0.644963144963145 0.212 0.11056511056511056
0 0.589 0.7592137592137592 0.21 0.11302211302211303
0 0.375 0.6474201474201474 0.21 0.11056511056511056
0 0.378 0.7555282555282555 0.208 0.11056511056511056
0 0.169 0.6498771498771498 0.206 0.11056511056511056
0 0.172 0.7555282555282555 0.204 0.10565110565110565
0 0.175 0.5417690417690417 0.206 0.10565110565110565
