0 0.14219558808737168 0.2250531662296368 0.28439117617474335 0.20234137881196704
0 0.09228882475375463 0.4156308715132244 0.18457764950750927 0.19489810666281257
0 0.15246709635487193 0.5905064728594142 0.29944058000170226 0.18169429934135822
0 0.13196276723330833 0.7572316395845807 0.19962705333446815 0.1538207420560361
0 0.21011134237587148 0.8950508950508951 0.2677169009834341 0.14659426424132313
0 0.3126329879836894 0.745875745875746 0.19111582237834743 0.17240311357958424
0 0.27201120387493133 0.41449012037247335 0.22129200485913916 0.19511490099725393
0 0.43256396963811794 0.2260855202031673 0.3133680488389907 0.20440608675902794
0 0.482470732971735 0.4212004212004212 0.20272204640942115 0.19201783907666264
0 0.39426343033557465 0.5899902958726488 0.19034207410960924 0.18479136126194948
0 0.5025881879589295 0.7660066483595896 0.18724708103465623 0.1734354675531147
0 0.4279214800256885 0.9069229657464951 0.180283346616012 0.1538207420560361
0 0.19465572070782491 0.9756106373753433 0.1718108030733281 0.043431131666425746
0 0.36253975131730654 0.9823209382032912 0.16558212950998527 0.03001053001052996
0 0.5838317561764457 0.6080564904094317 0.19962705333446815 0.18375900728841907
0 0.6906090172623239 0.4382342617636736 0.22438699793409222 0.19717960894431485
0 0.7602463614487663 0.23434435199141085 0.3358067486323999 0.20234137881196704
0 0.891501149016179 0.4155224743460038 0.2129896859355777 0.22608552020316725
0 0.8369518960701325 0.6142506142506142 0.3220881918276707 0.18582371523548002
0 0.6944777586060152 0.7536184006772243 0.19962705333446815 0.2085355026531498
0 0.8891799042099644 0.7861375508434332 0.21763217554800718 0.16001486589721878
0 0.6232929178820963 0.8945347180641298 0.1918895706470857 0.19717960894431485
0 0.853587483848005 0.911052381640617 0.288817016271926 0.16620898973840156
