0 0.067 0.43928035982008995 0.134 0.25787106446776614
0 0.224 0.44002998500749624 0.216 0.25037481259370314
0 0.43 0.4452773613193403 0.196 0.239880059970015
0 0.621 0.4452773613193403 0.194 0.23088455772113944
0 0.802 0.4452773613193403 0.196 0.23088455772113944
0 0.931 0.4490254872563718 0.138 0.22338830584707647
0 0.376 0.2871064467766117 0.168 0.07946026986506746
0 0.548 0.29160419790104947 0.176 0.0734632683658171
0 0.713 0.2946026986506747 0.166 0.07946026986506746
0 0.869 0.3020989505247376 0.154 0.0734632683658171
0 0.088 0.6094452773613194 0.176 0.08245877061469266
0 0.327 0.6079460269865068 0.306 0.08845577211394302
0 0.619 0.6019490254872564 0.278 0.08545727136431784
0 0.877 0.6011994002998501 0.246 0.07796101949025487
0 0.872 0.6784107946026986 0.256 0.0734632683658171
0 0.613 0.6806596701649176 0.278 0.08095952023988005
0 0.325 0.6889055472263869 0.298 0.08245877061469266
0 0.088 0.6926536731634183 0.176 0.08395802098950525
0 0.09 0.7743628185907047 0.18 0.08545727136431784
0 0.326 0.767616191904048 0.288 0.08695652173913043
0 0.605 0.7563718140929535 0.27 0.07946026986506746
0 0.866 0.7503748125937032 0.26 0.0734632683658171
0 0.993 0.7458770614692654 0.014 0.06746626686656672
0 0.089 0.8538230884557722 0.178 0.07946026986506746
0 0.324 0.843328335832084 0.288 0.08545727136431784
0 0.6 0.828335832083958 0.264 0.07946026986506746
0 0.858 0.8193403298350824 0.256 0.0734632683658171
0 0.987 0.8148425787106447 0.026 0.06746626686656672
0 0.849 0.8868065967016492 0.246 0.07646176911544228
0 0.982 0.8808095952023988 0.036 0.06146926536731634
0 0.598 0.8973013493253373 0.26 0.07946026986506746
0 0.839 0.9512743628185907 0.25 0.07646176911544228
0 0.974 0.9460269865067467 0.052 0.06896551724137931
0 0.974 0.9887556221889056 0.052 0.022488755622188907
0 0.832 0.9910044977511244 0.236 0.017991004497751123
0 0.593 0.9647676161919041 0.254 0.0704647676161919
0 0.327 0.9715142428785607 0.27 0.05697151424287856
0 0.328 0.9145427286356822 0.276 0.08095952023988005
0 0.093 0.9280359820089955 0.186 0.07796101949025487
0 0.098 0.9835082458770614 0.168 0.03298350824587706
