0 0.39 0.047976011994003 0.128 0.053973013493253376
0 0.537 0.04872563718140929 0.154 0.0734632683658171
0 0.674 0.05997001499250375 0.128 0.07196401799100449
0 0.301 0.1206896551724138 0.146 0.10344827586206896
0 0.442 0.12668665667166418 0.152 0.10344827586206896
0 0.584 0.13118440779610194 0.152 0.10044977511244378
0 0.748 0.1401799100449775 0.188 0.09745127436281859
0 0.921 0.07571214392803598 0.158 0.08545727136431784
0 0.911 0.14842578710644677 0.178 0.08995502248875563
0 0.319 0.21964017991004497 0.198 0.10944527736131934
0 0.495 0.22863568215892055 0.15 0.10644677661169415
0 0.641 0.23238380809595202 0.142 0.10194902548725637
0 0.78 0.23613193403298352 0.144 0.10344827586206896
0 0.926 0.2436281859070465 0.148 0.10344827586206896
0 0.291 0.31634182908545727 0.142 0.11094452773613193
0 0.438 0.3230884557721139 0.152 0.10644677661169415
0 0.579 0.3305847076461769 0.15 0.10344827586206896
0 0.751 0.3343328335832084 0.206 0.10494752623688156
0 0.925 0.34257871064467765 0.15 0.10944527736131934
0 0.314 0.4197901049475262 0.204 0.10494752623688156
0 0.484 0.42653673163418293 0.148 0.10344827586206896
0 0.627 0.4302848575712144 0.146 0.09895052473763119
0 0.771 0.43553223388305845 0.154 0.10344827586206896
0 0.922 0.44152923538230887 0.156 0.10644677661169415
0 0.284 0.4917541229385307 0.148 0.053973013493253376
0 0.425 0.4955022488755622 0.146 0.049475262368815595
0 0.57 0.5 0.144 0.049475262368815595
0 0.735 0.5269865067466267 0.186 0.09745127436281859
0 0.912 0.5382308845577212 0.176 0.09895052473763119
0 0.302 0.5772113943028486 0.236 0.12293853073463268
0 0.528 0.5794602698650675 0.228 0.12143928035982009
0 0.667 0.6004497751124438 0.05 0.05547226386806597
0 0.755 0.6101949025487257 0.138 0.07196401799100449
0 0.904 0.6296851574212894 0.16 0.11094452773613193
0 0.99 0.636431784107946 0.02 0.09745127436281859
0 0.757 0.7001499250374813 0.21 0.14992503748125938
0 0.6 0.6964017991004497 0.176 0.1424287856071964
0 0.599 0.8380809595202399 0.19 0.1469265367316342
0 0.775 0.8395802098950524 0.17 0.13193403298350825
0 0.428 0.7076461769115442 0.18 0.1409295352323838
0 0.409 0.828335832083958 0.178 0.14842578710644677
0 0.232 0.7061469265367316 0.22 0.14992503748125938
0 0.225 0.8380809595202399 0.202 0.15892053973013492
0 0.083 0.7023988005997002 0.162 0.16941529235382308
0 0.061 0.8478260869565217 0.122 0.15142428785607195
0 0.114 0.36656671664167917 0.212 0.13043478260869565
0 0.009 0.36356821589205396 0.018 0.1184407796101949
0 0.133 0.48650674662668664 0.166 0.12443778110944528
0 0.029 0.4835082458770615 0.058 0.12143928035982009
0 0.094 0.5869565217391305 0.188 0.0944527736131934
0 0.93 0.7293853073463268 0.14 0.09745127436281859
