0 0.035555555555555556 0.03666666666666667 0.07111111111111111 0.07333333333333333
0 0.19111111111111112 0.0375 0.28 0.075
0 0.47333333333333333 0.05583333333333333 0.3022222222222222 0.11166666666666666
0 0.2088888888888889 0.24333333333333335 0.4177777777777778 0.3433333333333333
0 0.23666666666666666 0.5991666666666666 0.47333333333333333 0.435
0 0.3188888888888889 0.8825 0.3933333333333333 0.235
0 0.6955555555555556 0.2175 0.6088888888888889 0.435
0 0.7055555555555556 0.5841666666666666 0.5622222222222222 0.3883333333333333
0 0.6744444444444444 0.8175 0.36666666666666664 0.11166666666666666
0 0.6588888888888889 0.9275 0.33555555555555555 0.145
