0 0.14882474226804127 0.9376288659793814 0.29072164948453616 0.12061855670103092
0 0.20655670103092783 0.7927835051546392 0.40206185567010305 0.18556701030927844
0 0.14109278350515467 0.6175257731958763 0.2793814432989691 0.18350515463917522
0 0.19779381443298974 0.43402061855670104 0.3907216494845361 0.1876288659793815
0 0.13232989690721653 0.25463917525773194 0.2577319587628867 0.19175257731958764
0 0.19057731958762889 0.08144329896907218 0.37628865979381443 0.16082474226804122
0 0.45243298969072165 0.25051546391752577 0.37628865979381443 0.1835051546391753
0 0.5900618556701032 0.4257731958762887 0.37319587628865974 0.1896907216494845
0 0.4725360824742268 0.6144329896907217 0.37113402061855677 0.17525773195876287
0 0.599340206185567 0.7865979381443299 0.375257731958763 0.177319587628866
0 0.4864536082474227 0.9371443298969072 0.38041237113402065 0.12171134020618558
0 0.8358762886597938 0.9355979381443299 0.31224742268041233 0.12480412371134014
0 0.8919690721649485 0.7831134020618558 0.2120618556701031 0.18222680412371142
0 0.8287216494845361 0.6092783505154639 0.33298969072164936 0.1793814432989691
0 0.8852680412371133 0.422 0.22546391752577324 0.192
0 0.8167113402061856 0.23491752577319588 0.36257731958762884 0.18583505154639177
0 0.569958762886598 0.0788659793814433 0.38659793814432986 0.15360824742268042
0 0.8797525773195877 0.07422680412371134 0.2329896907216496 0.14639175257731957
