0 0.027 0.44594594594594594 0.054 0.4774774774774775
0 0.338 0.25825825825825827 0.508 0.3003003003003003
0 0.336 0.521021021021021 0.504 0.3153153153153153
0 0.337 0.7897897897897898 0.502 0.34234234234234234
0 0.121 0.06006006006006006 0.114 0.12012012012012012
0 0.381 0.06456456456456457 0.402 0.12312312312312312
0 0.79 0.2042042042042042 0.42 0.4084084084084084
0 0.779 0.3108108108108108 0.354 0.2672672672672673
0 0.771 0.5585585585585585 0.354 0.25825825825825827
0 0.755 0.7882882882882883 0.346 0.2732732732732733
0 0.961 0.6111111111111112 0.078 0.3933933933933934
