0 0.611 0.390625 0.206 0.19791666666666666
0 0.479 0.4045138888888889 0.162 0.2048611111111111
0 0.485 0.5546875 0.158 0.1267361111111111
0 0.627 0.5390625 0.146 0.11979166666666667
0 0.76 0.4791666666666667 0.14 0.19444444444444445
0 0.864 0.578125 0.136 0.1875
0 0.91 0.5616319444444444 0.176 0.19618055555555555
0 0.894 0.7864583333333334 0.208 0.24305555555555555
0 0.954 0.6944444444444444 0.092 0.10416666666666667
0 0.793 0.8159722222222222 0.25 0.2638888888888889
0 0.659 0.8359375 0.246 0.2864583333333333
0 0.785 0.4192708333333333 0.102 0.07118055555555555
0 0.883 0.4270833333333333 0.118 0.09375
0 0.902 0.3168402777777778 0.132 0.1440972222222222
0 0.798 0.3350694444444444 0.124 0.1076388888888889
0 0.816 0.2144097222222222 0.144 0.140625
0 0.506 0.8541666666666666 0.232 0.2847222222222222
0 0.345 0.8697916666666666 0.202 0.2534722222222222
0 0.329 0.6840277777777778 0.158 0.13194444444444445
0 0.326 0.5677083333333334 0.156 0.13194444444444445
0 0.318 0.4348958333333333 0.172 0.1545138888888889
0 0.308 0.2690972222222222 0.18 0.19791666666666666
0 0.111 0.2786458333333333 0.206 0.18229166666666666
0 0.141 0.4435763888888889 0.21 0.14756944444444445
0 0.158 0.5746527777777778 0.172 0.14583333333333334
0 0.166 0.703125 0.176 0.1423611111111111
0 0.169 0.8211805555555556 0.182 0.13194444444444445
0 0.691 0.3350694444444444 0.106 0.10416666666666667
0 0.696 0.2326388888888889 0.132 0.11805555555555555
0 0.574 0.23350694444444445 0.128 0.1232638888888889
0 0.435 0.2387152777777778 0.138 0.13368055555555555
0 0.708 0.1111111111111111 0.14 0.1388888888888889
0 0.579 0.09809027777777778 0.138 0.14756944444444445
0 0.45 0.1015625 0.132 0.140625
0 0.294 0.09895833333333333 0.156 0.14583333333333334
0 0.116 0.1189236111111111 0.212 0.18229166666666666
0 0.47309836065573774 0.665983606557377 0.14672131147540984 0.1252276867030965
0 0.6165409836065574 0.6517531876138434 0.14672131147540984 0.12095856102003645
0 0.7444098360655738 0.6328978825136612 0.14180327868852463 0.12167008196721311
