0 0.168 0.04933333333333333 0.208 0.06666666666666667
0 0.235 0.013333333333333334 0.13 0.02666666666666667
0 0.096 0.204 0.192 0.28
0 0.343 0.034666666666666665 0.266 0.06933333333333333
0 0.263 0.204 0.346 0.28
0 0.515 0.032 0.142 0.064
0 0.496 0.19066666666666668 0.188 0.25866666666666666
0 0.598 0.04133333333333333 0.028 0.08266666666666667
0 0.764 0.15733333333333333 0.336 0.31466666666666665
0 0.124 0.42933333333333334 0.248 0.17066666666666666
0 0.319 0.428 0.198 0.17866666666666667
0 0.539 0.38266666666666665 0.262 0.20533333333333334
0 0.756 0.4 0.18 0.176
0 0.095 0.58 0.19 0.136
0 0.298 0.576 0.272 0.17066666666666666
0 0.511 0.5613333333333334 0.162 0.16266666666666665
0 0.715 0.5626666666666666 0.246 0.16
0 0.746 0.7026666666666667 0.156 0.136
0 0.741 0.84 0.154 0.144
0 0.165 0.7106666666666667 0.234 0.12533333333333332
0 0.351 0.7173333333333334 0.166 0.128
0 0.545 0.7013333333333334 0.234 0.15466666666666667
0 0.548 0.828 0.22 0.12
0 0.531 0.9306666666666666 0.138 0.11733333333333333
0 0.704 0.9173333333333333 0.216 0.144
0 0.16 0.812 0.156 0.11466666666666667
0 0.333 0.824 0.222 0.10666666666666667
0 0.223 0.9186666666666666 0.21 0.104
0 0.388 0.9226666666666666 0.132 0.096
