0 0.13425 0.24933333333333332 0.105 0.17933333333333334
0 0.2365 0.24566666666666667 0.11 0.18133333333333335
0 0.111875 0.4176666666666667 0.11575 0.19
0 0.06375 0.6088333333333333 0.1115 0.199
0 0.180375 0.6105 0.12875 0.19633333333333333
0 0.215375 0.4239042904290429 0.10225 0.19047524752475245
0 0.0525 0.8078333333333333 0.105 0.209
0 0.16575 0.8061666666666667 0.1415 0.22033333333333333
0 0.30148514851485153 0.612046204620462 0.10445544554455449 0.18778877887788772
0 0.28873762376237627 0.8113861386138614 0.10965346534653465 0.2122112211221121
0 0.4027227722772277 0.8094059405940595 0.10396039603960396 0.21023102310231023
0 0.4012376237623762 0.6103960396039604 0.09950495049504951 0.18844884488448846
0 0.31324257425742574 0.4245874587458746 0.10024752475247527 0.1858085808580858
0 0.33452970297029705 0.2602310231023102 0.0893564356435644 0.15676567656765675
0 0.2985148514851485 0.1476897689768977 0.08514851485148514 0.07557755775577556
0 0.422029702970297 0.26402640264026406 0.08564356435643561 0.15577557755775578
0 0.41126237623762374 0.42970297029702975 0.09579207920792078 0.18085808580858084
0 0.49863861386138614 0.8023102310231023 0.0972772277227723 0.19603960396039596
0 0.5909653465346535 0.7981848184818482 0.09579207920792078 0.19042904290429033
0 0.4957920792079208 0.6115511551155115 0.09504950495049502 0.1828382838283829
0 0.5900990099009901 0.6136963696369636 0.09455445544554447 0.17986798679867988
0 0.5034653465346535 0.4316831683168317 0.09504950495049502 0.1782178217821782
0 0.592450495049505 0.43465346534653465 0.08737623762376233 0.1749174917491749
0 0.5037128712871287 0.26864686468646864 0.08514851485148517 0.15247524752475244
0 0.5876237623762377 0.26798679867986797 0.08811881188118821 0.16039603960396043
0 0.6837871287128712 0.2825082508250825 0.10816831683168322 0.22838283828382835
0 0.6763613861386139 0.14092409240924092 0.17797029702970305 0.10165016501650163
0 0.8084158415841585 0.2607260726072607 0.14108910891089113 0.25346534653465347
0 0.7014851485148516 0.516996699669967 0.13316831683168323 0.265016501650165
0 0.8241336633663365 0.5202970297029703 0.11806930693069308 0.2663366336633663
0 0.7123762376237623 0.7986798679867987 0.15 0.3174917491749175
0 0.8346534653465346 0.7968646864686469 0.13217821782178227 0.2927392739273928
0 0.39617940199335544 0.17851605758582503 0.1325581395348837 0.024806201550387583
