0 0.6366666666666667 0.44 0.31333333333333335 0.13333333333333333
0 0.89 0.54 0.22 0.4
0 0.6366666666666667 0.31666666666666665 0.2866666666666667 0.12666666666666668
0 0.8833333333333333 0.2866666666666667 0.23333333333333334 0.12
0 0.35 0.31333333333333335 0.2866666666666667 0.10666666666666667
0 0.3333333333333333 0.43 0.30666666666666664 0.12666666666666668
0 0.10333333333333333 0.43 0.20666666666666667 0.12666666666666668
0 0.08 0.57 0.16 0.15333333333333332
0 0.3 0.5733333333333334 0.36 0.16
0 0.6333333333333333 0.5833333333333334 0.36 0.18
0 0.64 0.8366666666666667 0.38666666666666666 0.32666666666666666
0 0.27666666666666667 0.8233333333333334 0.3933333333333333 0.34
0 0.10666666666666667 0.8166666666666667 0.21333333333333335 0.35333333333333333
0 0.11666666666666667 0.31333333333333335 0.23333333333333334 0.12
0 0.13 0.21666666666666667 0.26 0.11333333333333333
0 0.38333333333333336 0.21333333333333335 0.26 0.10666666666666667
0 0.6366666666666667 0.20666666666666667 0.26 0.10666666666666667
0 0.8733333333333333 0.18 0.25333333333333335 0.10666666666666667
