0 0.760485651214128 0.11652892561983472 0.47902869757174393 0.22975206611570248
0 0.7571743929359823 0.34297520661157027 0.4856512141280353 0.22644628099173553
0 0.7571743929359823 0.5429752066115703 0.4856512141280353 0.19669421487603306
0 0.7571743929359823 0.7231404958677686 0.4856512141280353 0.1768595041322314
0 0.7439293598233996 0.8793388429752066 0.45474613686534215 0.1487603305785124
0 0.7328918322295805 0.9752066115702479 0.423841059602649 0.03966942148760331
0 0.9701986754966887 0.8743801652892562 0.059602649006622516 0.23471074380165288
0 0.27593818984547464 0.9727272727272728 0.4282560706401766 0.047933884297520664
0 0.26490066225165565 0.8785123966942149 0.445916114790287 0.15702479338842976
0 0.24834437086092714 0.724793388429752 0.47902869757174393 0.17024793388429751
0 0.24834437086092714 0.547107438016529 0.4922737306843267 0.1884297520661157
0 0.24724061810154527 0.3446280991735537 0.4900662251655629 0.2231404958677686
0 0.2571743929359823 0.11900826446280992 0.5099337748344371 0.228099173553719
