0 0.857 0.4722222222222222 0.286 0.31981981981981983
0 0.48 0.46996996996997 0.496 0.3123123123123123
0 0.148 0.4647147147147147 0.296 0.2957957957957958
0 0.846 0.7019519519519519 0.308 0.23873873873873874
0 0.5 0.7162162162162162 0.428 0.2012012012012012
0 0.154 0.7034534534534534 0.308 0.1816816816816817
0 0.499 0.8828828828828829 0.382 0.15915915915915915
0 0.839 0.8926426426426426 0.322 0.16366366366366367
0 0.166 0.8731231231231231 0.332 0.15765765765765766
0 0.17 0.96996996996997 0.34 0.057057057057057055
0 0.505 0.9767267267267268 0.346 0.046546546546546545
0 0.836 0.9827327327327328 0.328 0.03453453453453453
