0 0.803 0.24266666666666667 0.378 0.464
0 0.819 0.68 0.35 0.528
0 0.485 0.20666666666666667 0.27 0.38666666666666666
0 0.507 0.5813333333333334 0.27 0.448
0 0.823 0.9013333333333333 0.338 0.17066666666666666
0 0.538 0.856 0.232 0.26666666666666666
0 0.329 0.812 0.194 0.34933333333333333
0 0.322 0.9426666666666667 0.148 0.088
0 0.259 0.184 0.222 0.3413333333333333
0 0.283 0.5106666666666667 0.206 0.37066666666666664
0 0.096 0.15866666666666668 0.152 0.2853333333333333
0 0.121 0.448 0.166 0.32
0 0.161 0.7266666666666667 0.166 0.31733333333333336
0 0.148 0.8666666666666667 0.204 0.23466666666666666
0 0.066 0.676 0.068 0.21066666666666667
0 0.047 0.48 0.066 0.20266666666666666
0 0.029 0.30533333333333335 0.038 0.14133333333333334
