0 0.144 0.123 0.184 0.146
0 0.165 0.274 0.29 0.152
0 0.364 0.13 0.284 0.156
0 0.64 0.158 0.272 0.196
0 0.901 0.208 0.142 0.104
0 0.983 0.215 0.022 0.078
0 0.913 0.302 0.166 0.096
0 0.91 0.438 0.172 0.176
0 0.911 0.591 0.166 0.17
0 0.916 0.763 0.156 0.174
0 0.582 0.758 0.304 0.184
0 0.288 0.752 0.296 0.168
0 0.074 0.748 0.148 0.168
0 0.137 0.585 0.274 0.166
0 0.41 0.59 0.296 0.16
0 0.646 0.595 0.188 0.166
0 0.609 0.437 0.286 0.162
0 0.315 0.427 0.298 0.162
0 0.09 0.425 0.18 0.158
0 0.449 0.281 0.278 0.154
0 0.677 0.306 0.182 0.188
