0 0.235 0.4346846846846847 0.358 0.13513513513513514
0 0.521 0.5106981981981982 0.242 0.1858108108108108
0 0.225 0.5320945945945946 0.35 0.08671171171171171
0 0.749 0.5106981981981982 0.262 0.19256756756756757
0 0.515 0.33783783783783783 0.214 0.16441441441441443
0 0.74 0.6661036036036037 0.376 0.12274774774774774
0 0.359 0.6649774774774775 0.394 0.11824324324324324
0 0.084 0.6661036036036037 0.168 0.12274774774774774
0 0.732 0.3367117117117117 0.244 0.15990990990990991
0 0.362 0.28265765765765766 0.1 0.0945945945945946
0 0.258 0.35135135135135137 0.312 0.05630630630630631
0 0.21 0.2849099099099099 0.216 0.15765765765765766
0 0.251 0.17229729729729729 0.314 0.12837837837837837
0 0.046 0.18412162162162163 0.092 0.15878378378378377
0 0.548 0.18299549549549549 0.2 0.14527027027027026
0 0.744 0.19200450450450451 0.224 0.17905405405405406
0 0.048 0.34628378378378377 0.096 0.16554054054054054
0 0.031 0.5163288288288288 0.062 0.18130630630630631
