0 0.347 0.32142857142857145 0.414 0.16883116883116883
0 0.781 0.31737012987012986 0.402 0.16396103896103897
0 0.839 0.4788961038961039 0.29 0.1590909090909091
0 0.544 0.4715909090909091 0.264 0.18344155844155843
0 0.786 0.6290584415584416 0.396 0.14772727272727273
0 0.552 0.7272727272727273 0.256 0.2077922077922078
0 0.83 0.7686688311688312 0.288 0.137987012987013
0 0.34 0.627435064935065 0.364 0.14123376623376624
0 0.278 0.48295454545454547 0.276 0.15422077922077923
0 0.293 0.7621753246753247 0.254 0.12824675324675325
0 0.366 0.8896103896103896 0.376 0.1266233766233766
0 0.77 0.9017857142857143 0.372 0.137987012987013
0 0.089 0.864448051948052 0.178 0.13474025974025974
0 0.084 0.760551948051948 0.168 0.15746753246753248
0 0.08 0.6469155844155844 0.16 0.1444805194805195
0 0.071 0.510551948051948 0.142 0.15097402597402598
0 0.07 0.37256493506493504 0.136 0.16071428571428573
