0 0.085 0.2143928035982009 0.17 0.1469265367316342
0 0.242 0.22638680659670166 0.16 0.13493253373313344
0 0.091 0.348575712143928 0.178 0.12743628185907047
0 0.249 0.34782608695652173 0.158 0.1199400299850075
0 0.097 0.4662668665667166 0.174 0.1199400299850075
0 0.252 0.46101949025487254 0.144 0.10944527736131934
0 0.103 0.5697151424287856 0.166 0.11394302848575712
0 0.253 0.5622188905547226 0.138 0.10494752623688156
0 0.108 0.6694152923538231 0.16 0.10944527736131934
0 0.252 0.6604197901049476 0.136 0.10644677661169415
0 0.111 0.7691154422788605 0.154 0.11094452773613193
0 0.254 0.7481259370314842 0.136 0.10794602698650675
0 0.118 0.856071964017991 0.156 0.11094452773613193
0 0.254 0.8328335832083958 0.132 0.10344827586206896
0 0.439 0.20539730134932535 0.17 0.12293853073463268
0 0.434 0.315592203898051 0.164 0.10944527736131934
0 0.373 0.42128935532233885 0.098 0.10494752623688156
0 0.372 0.5217391304347826 0.1 0.09895052473763119
0 0.367 0.6176911544227887 0.098 0.10494752623688156
0 0.367 0.7098950524737632 0.102 0.10344827586206896
0 0.367 0.7968515742128935 0.102 0.10344827586206896
0 0.467 0.4205397301349325 0.094 0.10644677661169415
0 0.467 0.5172413793103449 0.094 0.09895052473763119
0 0.463 0.6124437781109445 0.098 0.09745127436281859
0 0.462 0.6979010494752623 0.096 0.0944527736131934
0 0.46 0.7841079460269865 0.096 0.09295352323838081
0 0.55 0.7683658170914542 0.088 0.09145427286356822
0 0.637 0.7691154422788605 0.102 0.08995502248875563
0 0.562 0.2128935532233883 0.088 0.11094452773613193
0 0.558 0.31859070464767614 0.084 0.10644677661169415
0 0.555 0.41904047976011993 0.082 0.09745127436281859
0 0.554 0.5134932533733133 0.084 0.10044977511244378
0 0.553 0.6064467766116941 0.09 0.0944527736131934
0 0.55 0.6896551724137931 0.084 0.09295352323838081
0 0.639 0.6911544227886057 0.102 0.09295352323838081
0 0.644 0.6064467766116941 0.104 0.0944527736131934
0 0.648 0.5164917541229386 0.108 0.10344827586206896
0 0.649 0.42653673163418293 0.114 0.10944527736131934
0 0.657 0.32083958020989506 0.122 0.11394302848575712
0 0.661 0.20689655172413793 0.13 0.11694152923538231
0 0.822 0.19490254872563717 0.204 0.13193403298350825
0 0.764 0.32158920539730135 0.12 0.12743628185907047
0 0.756 0.4370314842578711 0.104 0.11544227886056972
0 0.905 0.32158920539730135 0.19 0.16041979010494753
0 0.898 0.4572713643178411 0.204 0.1409295352323838
0 0.748 0.5412293853073463 0.108 0.1199400299850075
0 0.74 0.6341829085457271 0.1 0.13493253373313344
0 0.737 0.7256371814092953 0.094 0.13493253373313344
0 0.728 0.8118440779610195 0.096 0.1454272863568216
0 0.897 0.5674662668665668 0.206 0.13343328335832083
0 0.891 0.6799100449775113 0.214 0.15742128935532235
0 0.88 0.780359820089955 0.208 0.15442278860569716
0 0.869 0.8755622188905547 0.202 0.1619190404797601
