0 0.101 0.48970588235294116 0.162 0.2088235294117647
0 0.092 0.2985294117647059 0.168 0.20294117647058824
0 0.085 0.10441176470588236 0.17 0.2088235294117647
0 0.092 0.675 0.124 0.2088235294117647
0 0.101 0.8514705882352941 0.122 0.20294117647058824
0 0.257 0.6176470588235294 0.218 0.3235294117647059
0 0.263 0.8632352941176471 0.206 0.2735294117647059
0 0.189 0.1 0.054 0.2
0 0.198 0.3029411764705882 0.052 0.20588235294117646
0 0.203 0.4323529411764706 0.046 0.08823529411764706
0 0.245 0.43823529411764706 0.038 0.058823529411764705
0 0.284 0.4455882352941177 0.04 0.03823529411764706
0 0.317 0.45 0.026 0.01764705882352941
0 0.441 0.5897058823529412 0.194 0.2735294117647059
0 0.453 0.8264705882352941 0.174 0.28823529411764703
0 0.402 0.9779411764705882 0.116 0.04411764705882353
0 0.491 0.9514705882352941 0.102 0.09117647058823529
0 0.24 0.31029411764705883 0.044 0.21470588235294116
0 0.281 0.3235294117647059 0.046 0.22941176470588234
0 0.323 0.3338235294117647 0.042 0.23823529411764705
0 0.442 0.34705882352941175 0.192 0.25882352941176473
0 0.435 0.10882352941176471 0.202 0.21764705882352942
0 0.31 0.10588235294117647 0.048 0.21176470588235294
0 0.27 0.10441176470588236 0.048 0.2088235294117647
0 0.232 0.10147058823529412 0.04 0.20294117647058824
0 0.549 0.10735294117647058 0.026 0.21470588235294116
0 0.549 0.33676470588235297 0.026 0.23823529411764705
0 0.55 0.5676470588235294 0.024 0.2235294117647059
0 0.551 0.7838235294117647 0.022 0.2088235294117647
0 0.553 0.9411764705882353 0.022 0.11176470588235295
0 0.65 0.9485294117647058 0.172 0.10294117647058823
0 0.652 0.8088235294117647 0.176 0.27647058823529413
0 0.655 0.5838235294117647 0.182 0.2676470588235294
0 0.656 0.34558823529411764 0.184 0.26176470588235295
0 0.658 0.10882352941176471 0.192 0.21764705882352942
0 0.788 0.9161764705882353 0.104 0.1676470588235294
0 0.792 0.7558823529411764 0.104 0.24705882352941178
0 0.886 0.8897058823529411 0.088 0.21470588235294116
0 0.964 0.8382352941176471 0.068 0.20588235294117646
0 0.966 0.6676470588235294 0.068 0.20588235294117646
0 0.888 0.7102941176470589 0.088 0.22647058823529412
0 0.968 0.48676470588235293 0.064 0.19705882352941176
0 0.892 0.513235294117647 0.096 0.21470588235294116
0 0.796 0.5470588235294118 0.104 0.2411764705882353
0 0.802 0.33088235294117646 0.112 0.23823529411764705
0 0.807 0.10882352941176471 0.114 0.21764705882352942
0 0.91 0.10441176470588236 0.104 0.2088235294117647
0 0.978 0.10588235294117647 0.044 0.2
0 0.972 0.3029411764705882 0.056 0.19411764705882353
0 0.901 0.31323529411764706 0.102 0.21470588235294116
