0 0.5056497175141242 0.9033333333333333 0.2128060263653484 0.19333333333333333
0 0.6817325800376648 0.9333333333333333 0.1431261770244821 0.13333333333333333
0 0.6610169491525424 0.7883333333333333 0.2335216572504708 0.21666666666666667
0 0.4736346516007533 0.75 0.12994350282485875 0.18666666666666668
0 0.7033898305084746 0.61 0.15254237288135594 0.20666666666666667
0 0.5141242937853108 0.585 0.22598870056497175 0.21
0 0.696798493408663 0.4116666666666667 0.2711864406779661 0.23
0 0.4839924670433145 0.39 0.1694915254237288 0.23333333333333334
0 0.7288135593220338 0.20166666666666666 0.17325800376647835 0.23666666666666666
0 0.532015065913371 0.18833333333333332 0.2391713747645951 0.23
0 0.32015065913371 0.8083333333333333 0.10546139359698682 0.15
0 0.1864406779661017 0.785 0.1657250470809793 0.15
0 0.2994350282485876 0.66 0.1958568738229755 0.16666666666666666
0 0.14218455743879474 0.6433333333333333 0.11487758945386065 0.16
0 0.3286252354048964 0.5133333333333333 0.1337099811676083 0.16666666666666666
0 0.17231638418079095 0.5033333333333333 0.16760828625235405 0.16666666666666666
0 0.3032015065913371 0.3566666666666667 0.192090395480226 0.18
0 0.13559322033898305 0.34 0.14689265536723164 0.16666666666666666
0 0.3418079096045198 0.195 0.14500941619585686 0.17666666666666667
0 0.1704331450094162 0.185 0.2015065913370998 0.17
0 0.1393596986817326 0.051666666666666666 0.1657250470809793 0.10333333333333333
0 0.3097928436911488 0.056666666666666664 0.18267419962335216 0.11333333333333333
0 0.4811676082862524 0.04 0.1638418079096045 0.08
0 0.7033898305084746 0.056666666666666664 0.2580037664783427 0.11333333333333333
0 0.044256120527306965 0.47 0.08851224105461393 0.22666666666666666
0 0.046139359698681735 0.6666666666666666 0.09227871939736347 0.20666666666666667
0 0.051789077212806026 0.84 0.10357815442561205 0.24666666666666667
0 0.8879472693032016 0.8066666666666666 0.1638418079096045 0.31333333333333335
0 0.89924670433145 0.9316666666666666 0.2015065913370998 0.13666666666666666
0 0.9764595103578154 0.8533333333333334 0.047080979284369114 0.26
0 0.9077212806026366 0.5816666666666667 0.18455743879472694 0.2966666666666667
0 0.9152542372881356 0.3333333333333333 0.1694915254237288 0.2733333333333333
0 0.9190207156308852 0.10333333333333333 0.16195856873822975 0.20666666666666667
