0 0.053 0.05733333333333333 0.106 0.11466666666666667
0 0.058 0.172 0.116 0.14133333333333334
0 0.067 0.30133333333333334 0.122 0.13866666666666666
0 0.077 0.42533333333333334 0.126 0.136
0 0.082 0.5506666666666666 0.124 0.136
0 0.074 0.6773333333333333 0.124 0.13333333333333333
0 0.085 0.7973333333333333 0.122 0.12266666666666666
0 0.105 0.908 0.114 0.12
0 0.114 0.9813333333333333 0.112 0.037333333333333336
0 0.169 0.052 0.118 0.104
0 0.175 0.16666666666666666 0.122 0.14133333333333334
0 0.189 0.2946666666666667 0.122 0.136
0 0.202 0.42533333333333334 0.128 0.136
0 0.201 0.5493333333333333 0.118 0.128
0 0.197 0.6746666666666666 0.122 0.13333333333333333
0 0.205 0.7946666666666666 0.118 0.12266666666666666
0 0.218 0.9146666666666666 0.12 0.11733333333333333
0 0.228 0.9826666666666667 0.112 0.034666666666666665
0 0.287 0.050666666666666665 0.122 0.10133333333333333
0 0.302 0.16533333333333333 0.124 0.13333333333333333
0 0.312 0.2906666666666667 0.12 0.13333333333333333
0 0.321 0.4186666666666667 0.118 0.13333333333333333
0 0.32 0.5453333333333333 0.12 0.13066666666666665
0 0.314 0.668 0.116 0.13066666666666665
0 0.321 0.7906666666666666 0.118 0.12533333333333332
0 0.334 0.9053333333333333 0.116 0.12
0 0.341 0.9773333333333334 0.11 0.04533333333333334
0 0.412 0.04933333333333333 0.12 0.09866666666666667
0 0.422 0.16266666666666665 0.12 0.12266666666666666
0 0.43 0.28933333333333333 0.116 0.13066666666666665
0 0.437 0.4186666666666667 0.114 0.12266666666666666
0 0.436 0.5426666666666666 0.112 0.12
0 0.433 0.6666666666666666 0.114 0.12266666666666666
0 0.437 0.784 0.114 0.12266666666666666
0 0.449 0.8973333333333333 0.11 0.12
0 0.451 0.9773333333333334 0.106 0.04533333333333334
0 0.534 0.050666666666666665 0.112 0.10133333333333333
0 0.538 0.16533333333333333 0.116 0.128
0 0.546 0.29333333333333333 0.112 0.128
0 0.551 0.4186666666666667 0.11 0.128
0 0.552 0.5426666666666666 0.112 0.12
0 0.549 0.66 0.114 0.12533333333333332
0 0.553 0.78 0.114 0.12533333333333332
0 0.559 0.892 0.11 0.12
0 0.56 0.972 0.108 0.056
0 0.648 0.052 0.116 0.104
0 0.761 0.05466666666666667 0.11 0.10933333333333334
0 0.868 0.058666666666666666 0.104 0.11733333333333333
0 0.658 0.164 0.12 0.13066666666666665
0 0.771 0.17066666666666666 0.106 0.128
0 0.875 0.17733333333333334 0.102 0.12533333333333332
0 0.661 0.2906666666666667 0.114 0.12266666666666666
0 0.777 0.296 0.114 0.12266666666666666
0 0.883 0.30133333333333334 0.102 0.12266666666666666
0 0.664 0.416 0.112 0.128
0 0.665 0.5413333333333333 0.114 0.12266666666666666
0 0.662 0.6626666666666666 0.116 0.12
0 0.665 0.776 0.11 0.11733333333333333
0 0.667 0.8893333333333333 0.106 0.11466666666666667
0 0.668 0.9706666666666667 0.104 0.058666666666666666
0 0.775 0.42 0.11 0.12533333333333332
0 0.776 0.5413333333333333 0.116 0.11733333333333333
0 0.773 0.6586666666666666 0.106 0.11733333333333333
0 0.776 0.7733333333333333 0.108 0.11733333333333333
0 0.772 0.884 0.104 0.11466666666666667
0 0.772 0.968 0.104 0.058666666666666666
0 0.883 0.42133333333333334 0.11 0.11733333333333333
0 0.885 0.5386666666666666 0.102 0.112
0 0.883 0.6493333333333333 0.11 0.11466666666666667
0 0.883 0.7586666666666667 0.106 0.10933333333333334
0 0.877 0.864 0.106 0.112
0 0.873 0.9533333333333334 0.098 0.09333333333333334
0 0.966 0.6013333333333334 0.068 0.17333333333333334
0 0.966 0.7386666666666667 0.068 0.11733333333333333
0 0.964 0.856 0.072 0.12266666666666666
0 0.958 0.9546666666666667 0.084 0.09066666666666667
0 0.952 0.33066666666666666 0.04 0.048
0 0.986 0.328 0.028 0.048
0 0.951 0.372 0.042 0.04533333333333334
0 0.986 0.37466666666666665 0.028 0.050666666666666665
0 0.955 0.41733333333333333 0.034 0.04533333333333334
0 0.986 0.42133333333333334 0.028 0.05333333333333334
0 0.953 0.4613333333333333 0.034 0.037333333333333336
0 0.984 0.4653333333333333 0.032 0.04
0 0.95 0.5026666666666667 0.032 0.050666666666666665
0 0.983 0.5186666666666667 0.034 0.072
