0 0.879 0.12358642972536349 0.182 0.23424878836833601
0 0.882 0.3602584814216478 0.184 0.23263327948303716
0 0.891 0.5936995153473344 0.198 0.23424878836833601
0 0.882 0.8295638126009693 0.192 0.23747980613893377
0 0.695 0.8303715670436187 0.19 0.23263327948303716
0 0.694 0.6017770597738288 0.188 0.23424878836833601
0 0.505 0.6211631663974152 0.182 0.23424878836833601
0 0.504 0.8505654281098546 0.18 0.2310177705977383
0 0.317 0.8570274636510501 0.186 0.2310177705977383
0 0.128 0.8562197092084006 0.18 0.23263327948303716
0 0.145 0.6252019386106623 0.178 0.2294022617124394
0 0.324 0.6260096930533118 0.188 0.2310177705977383
0 0.512 0.388529886914378 0.184 0.23424878836833601
0 0.693 0.3667205169628433 0.182 0.2358642972536349
0 0.326 0.39418416801292405 0.188 0.23263327948303716
0 0.139 0.3966074313408724 0.178 0.22778675282714056
0 0.691 0.13651050080775445 0.186 0.2310177705977383
0 0.5 0.16074313408723748 0.188 0.2245557350565428
0 0.316 0.16397415185783523 0.18 0.2310177705977383
0 0.134 0.16962843295638125 0.18 0.22617124394184168
