0 0.27624309392265195 0.22727272727272727 0.13259668508287292 0.19090909090909092
0 0.4116022099447514 0.20909090909090908 0.14917127071823205 0.20909090909090908
0 0.6187845303867403 0.2 0.26519337016574585 0.23636363636363636
0 0.7707182320441989 0.22954545454545455 0.049723756906077346 0.17727272727272728
0 0.8591160220994475 0.2409090909090909 0.1270718232044199 0.17272727272727273
0 0.1464088397790055 0.41363636363636364 0.10497237569060773 0.18181818181818182
0 0.2541436464088398 0.42045454545454547 0.13259668508287292 0.20454545454545456
0 0.38950276243093923 0.42272727272727273 0.14917127071823205 0.21818181818181817
0 0.6104972375690608 0.43636363636363634 0.292817679558011 0.23636363636363636
0 0.7900552486187845 0.42045454545454547 0.06629834254143646 0.19545454545454546
0 0.8480662983425414 0.41363636363636364 0.06077348066298342 0.17272727272727273
0 0.8977900552486188 0.4113636363636364 0.03867403314917127 0.1590909090909091
0 0.17403314917127072 0.5977272727272728 0.14917127071823205 0.18636363636363637
0 0.3314917127071823 0.6204545454545455 0.17679558011049723 0.21363636363636362
0 0.569060773480663 0.65 0.2983425414364641 0.23636363636363636
0 0.7513812154696132 0.6181818181818182 0.06629834254143646 0.2
0 0.8149171270718232 0.5886363636363636 0.06077348066298342 0.17727272727272728
0 0.8756906077348067 0.5659090909090909 0.06077348066298342 0.1590909090909091
0 0.16022099447513813 0.7477272727272727 0.09944751381215469 0.16818181818181818
0 0.26795580110497236 0.7772727272727272 0.11602209944751381 0.19090909090909092
0 0.3867403314917127 0.8136363636363636 0.13259668508287292 0.20909090909090908
0 0.585635359116022 0.8522727272727273 0.26519337016574585 0.25
0 0.7624309392265194 0.7795454545454545 0.08839779005524862 0.20454545454545456
0 0.8259668508287292 0.7318181818181818 0.06077348066298342 0.17272727272727273
0 0.8756906077348067 0.6954545454545454 0.049723756906077346 0.14545454545454545
0 0.19060773480662985 0.9068181818181819 0.1270718232044199 0.18636363636363637
0 0.3314917127071823 0.925 0.16574585635359115 0.15
0 0.5497237569060773 0.9522727272727273 0.281767955801105 0.09545454545454546
0 0.7292817679558011 0.9340909090909091 0.07734806629834254 0.1318181818181818
0 0.8011049723756906 0.9 0.06629834254143646 0.19090909090909092
0 0.8591160220994475 0.85 0.06077348066298342 0.18181818181818182
