0 0.19 0.452 0.296 0.18933333333333333
0 0.139 0.18933333333333333 0.158 0.11733333333333333
0 0.224 0.196 0.016 0.104
0 0.451 0.012 0.134 0.024
0 0.443 0.156 0.142 0.056
0 0.192 0.632 0.292 0.18666666666666668
0 0.198 0.808 0.28 0.17066666666666666
0 0.496 0.276 0.316 0.20533333333333334
0 0.489 0.4653333333333333 0.306 0.19466666666666665
0 0.485 0.6426666666666667 0.302 0.192
0 0.485 0.82 0.294 0.18933333333333333
0 0.792 0.4746666666666667 0.312 0.20266666666666666
0 0.97 0.5173333333333333 0.06 0.08533333333333333
0 0.79 0.66 0.32 0.18933333333333333
0 0.782 0.824 0.308 0.19733333333333333
0 0.972 0.676 0.056 0.08266666666666667
0 0.603 0.16133333333333333 0.138 0.072
0 0.661 0.228 0.018 0.06133333333333333
0 0.766 0.18266666666666667 0.148 0.09866666666666667
0 0.605 0.013333333333333334 0.142 0.02666666666666667
0 0.793 0.016 0.154 0.032
0 0.946 0.016 0.108 0.032
0 0.932 0.176 0.136 0.07466666666666667
0 0.896 0.23466666666666666 0.064 0.064
0 0.197 0.018666666666666668 0.118 0.037333333333333336
