0 0.7305327868852459 0.7546153846153846 0.2151639344262295 0.09384615384615384
0 0.7622950819672131 0.6807692307692308 0.1557377049180328 0.09076923076923077
0 0.5532786885245902 0.7338461538461538 0.13524590163934427 0.08307692307692308
0 0.5881147540983607 0.6638461538461539 0.20491803278688525 0.09384615384615384
0 0.7377049180327869 0.5992307692307692 0.22540983606557377 0.09076923076923077
0 0.7889344262295082 0.5007692307692307 0.1598360655737705 0.1276923076923077
0 0.5584016393442623 0.5846153846153846 0.1413934426229508 0.08307692307692308
0 0.6034836065573771 0.5038461538461538 0.22336065573770492 0.10307692307692308
0 0.5747950819672131 0.42 0.16598360655737704 0.10153846153846154
0 0.757172131147541 0.3992307692307692 0.1864754098360656 0.07538461538461538
0 0.7858606557377049 0.33076923076923076 0.12090163934426229 0.06153846153846154
0 0.7745901639344263 0.26615384615384613 0.18032786885245902 0.06769230769230769
0 0.6311475409836066 0.26615384615384613 0.11475409836065574 0.06769230769230769
0 0.8022540983606558 0.19384615384615383 0.125 0.07384615384615385
0 0.805327868852459 0.12230769230769231 0.12704918032786885 0.07538461538461538
0 0.680327868852459 0.12384615384615384 0.11885245901639344 0.07230769230769231
0 0.6793032786885246 0.19615384615384615 0.12090163934426229 0.07230769230769231
0 0.42213114754098363 0.7207692307692307 0.12295081967213115 0.07846153846153846
0 0.26844262295081966 0.7092307692307692 0.18032786885245902 0.08307692307692308
0 0.3452868852459016 0.9492307692307692 0.25614754098360654 0.10153846153846154
0 0.42315573770491804 0.65 0.125 0.07846153846153846
0 0.39139344262295084 0.5769230769230769 0.20081967213114754 0.08
0 0.26536885245901637 0.6392307692307693 0.19057377049180327 0.07230769230769231
0 0.22950819672131148 0.5692307692307692 0.13114754098360656 0.07384615384615385
0 0.42418032786885246 0.5015384615384615 0.13114754098360656 0.08
0 0.26434426229508196 0.4976923076923077 0.19672131147540983 0.08153846153846153
0 0.38524590163934425 0.42230769230769233 0.21311475409836064 0.07846153846153846
0 0.22028688524590165 0.42 0.125 0.07692307692307693
0 0.4334016393442623 0.3384615384615385 0.1864754098360656 0.08615384615384615
0 0.2489754098360656 0.3392307692307692 0.2028688524590164 0.08461538461538462
0 0.39549180327868855 0.24923076923076923 0.25 0.09538461538461539
0 0.20901639344262296 0.2530769230769231 0.13114754098360656 0.0876923076923077
0 0.38831967213114754 0.15461538461538463 0.25614754098360654 0.10923076923076923
0 0.19672131147540983 0.16153846153846155 0.13524590163934427 0.09538461538461539
0 0.38934426229508196 0.06076923076923077 0.26229508196721313 0.12153846153846154
0 0.1885245901639344 0.06384615384615384 0.13934426229508196 0.10307692307692308
0 0.5430327868852459 0.09538461538461539 0.04918032786885246 0.12615384615384614
0 0.5420081967213115 0.1753846153846154 0.05122950819672131 0.10461538461538461
0 0.5461065573770492 0.2561538461538462 0.055327868852459015 0.08461538461538462
0 0.5942622950819673 0.12461538461538461 0.05327868852459016 0.07076923076923076
0 0.5952868852459017 0.19692307692307692 0.055327868852459015 0.07384615384615385
