0 0.284 0.0889487870619946 0.128 0.1778975741239892
0 0.413 0.09164420485175202 0.154 0.18328840970350405
0 0.031 0.3746630727762803 0.062 0.22641509433962265
0 0.094 0.3867924528301887 0.128 0.25067385444743934
0 0.188 0.3975741239892183 0.124 0.2776280323450135
0 0.296 0.3706199460916442 0.148 0.3908355795148248
0 0.424 0.38140161725067384 0.152 0.4123989218328841
0 0.574 0.3975741239892183 0.172 0.444743935309973
0 0.031 0.49595687331536387 0.062 0.03234501347708895
0 0.056 0.5431266846361186 0.112 0.09433962264150944
0 0.123 0.7533692722371967 0.246 0.49326145552560646
0 0.016 0.8463611859838275 0.032 0.30727762803234504
0 0.092 0.5040431266846361 0.076 0.026954177897574125
0 0.216 0.6886792452830188 0.116 0.3423180592991914
0 0.229 0.9231805929919138 0.238 0.15363881401617252
0 0.369 0.9460916442048517 0.194 0.1078167115902965
0 0.317 0.7250673854447439 0.134 0.3557951482479784
0 0.44 0.7547169811320755 0.14 0.38274932614555257
0 0.524 0.9663072776280324 0.168 0.0673854447439353
0 0.576 0.7951482479784366 0.156 0.40970350404312667
0 0.576 0.0889487870619946 0.188 0.1778975741239892
0 0.777 0.09299191374663072 0.218 0.18598382749326145
0 0.94 0.09568733153638814 0.116 0.19137466307277629
0 0.764 0.42183288409703507 0.208 0.48787061994609165
0 0.739 0.8153638814016172 0.194 0.3638814016172507
0 0.905 0.8342318059299192 0.186 0.3261455525606469
0 0.922 0.444743935309973 0.156 0.5121293800539084
