0 0.127 0.21259259259259258 0.254 0.21185185185185185
0 0.137 0.4162962962962963 0.27 0.20148148148148148
0 0.147 0.6118518518518519 0.286 0.2162962962962963
0 0.16 0.7977777777777778 0.296 0.22962962962962963
0 0.38 0.2362962962962963 0.268 0.18814814814814815
0 0.393 0.4162962962962963 0.246 0.1748148148148148
0 0.391 0.58 0.238 0.18222222222222223
0 0.412 0.7481481481481481 0.252 0.21037037037037037
0 0.612 0.7051851851851851 0.2 0.1688888888888889
0 0.606 0.5585185185185185 0.2 0.15703703703703703
0 0.622 0.4103703703703704 0.196 0.16
0 0.624 0.2518518518518518 0.204 0.16592592592592592
0 0.271 0.12 0.118 0.05037037037037037
0 0.842 0.13185185185185186 0.232 0.14814814814814814
0 0.839 0.26666666666666666 0.238 0.14222222222222222
0 0.843 0.40814814814814815 0.246 0.14074074074074075
0 0.833 0.5459259259259259 0.254 0.15555555555555556
0 0.838 0.6792592592592592 0.256 0.17037037037037037
