0 0.16363636363636364 0.2545454545454545 0.08484848484848485 0.14545454545454545
0 0.43636363636363634 0.10909090909090909 0.49696969696969695 0.21818181818181817
0 0.2727272727272727 0.022727272727272728 0.07272727272727272 0.045454545454545456
0 0.7909090909090909 0.1590909090909091 0.28484848484848485 0.22727272727272727
0 0.9454545454545454 0.2159090909090909 0.10909090909090909 0.16818181818181818
0 0.38484848484848483 0.25227272727272726 0.3939393939393939 0.22272727272727272
0 0.7151515151515152 0.30454545454545456 0.32727272727272727 0.2
0 0.9121212121212121 0.35454545454545455 0.17575757575757575 0.17272727272727273
0 0.12424242424242424 0.3931818181818182 0.10303030303030303 0.1590909090909091
0 0.36666666666666664 0.42727272727272725 0.4303030303030303 0.20909090909090908
0 0.6909090909090909 0.4659090909090909 0.2909090909090909 0.17727272727272728
0 0.9151515151515152 0.4818181818181818 0.1696969696969697 0.15454545454545454
0 0.8181818181818182 0.6181818181818182 0.1696969696969697 0.13636363636363635
0 0.6090909090909091 0.6068181818181818 0.3333333333333333 0.1590909090909091
0 0.2909090909090909 0.5772727272727273 0.36363636363636365 0.21818181818181817
0 0.09393939393939393 0.5136363636363637 0.09090909090909091 0.17272727272727273
0 0.051515151515151514 0.6022727272727273 0.06666666666666667 0.1590909090909091
0 0.2696969696969697 0.7090909090909091 0.4303030303030303 0.2727272727272727
0 0.6090909090909091 0.7613636363636364 0.3333333333333333 0.15
0 0.806060606060606 0.7522727272727273 0.13333333333333333 0.1318181818181818
0 0.9242424242424242 0.6613636363636364 0.15151515151515152 0.2863636363636364
0 0.8696969696969697 0.8704545454545455 0.2606060606060606 0.2590909090909091
0 0.7242424242424242 0.8886363636363637 0.1393939393939394 0.1409090909090909
0 0.22121212121212122 0.8795454545454545 0.34545454545454546 0.2409090909090909
0 0.05454545454545454 0.7659090909090909 0.03636363636363636 0.17727272727272728
0 0.5212121212121212 0.9090909090909091 0.3393939393939394 0.18181818181818182
0 0.5181818181818182 0.975 0.34545454545454546 0.05
0 0.7363636363636363 0.9772727272727273 0.12727272727272726 0.045454545454545456
