0 0.799 0.1401799100449775 0.402 0.2683658170914543
0 0.798 0.32083958020989506 0.404 0.2098950524737631
0 0.334 0.10644677661169415 0.528 0.2128935532233883
0 0.34 0.3193403298350825 0.52 0.2368815592203898
0 0.254 0.6259370314842578 0.328 0.391304347826087
0 0.546 0.6101949025487257 0.284 0.36281859070464767
0 0.807 0.5944527736131934 0.25 0.34332833583208394
0 0.967 0.5832083958020989 0.066 0.3238380809595202
0 0.969 0.8703148425787106 0.062 0.2593703148425787
0 0.815 0.8740629685157422 0.246 0.2518740629685157
0 0.554 0.8853073463268366 0.272 0.22938530734632684
0 0.272 0.8973013493253373 0.316 0.20539730134932535
