0 0.833 0.33066666666666666 0.298 0.2773333333333333
0 0.865 0.5746666666666667 0.214 0.22666666666666666
0 0.666 0.5373333333333333 0.184 0.2693333333333333
0 0.47 0.5733333333333334 0.236 0.19733333333333333
0 0.589 0.336 0.218 0.29333333333333333
0 0.447 0.348 0.258 0.2906666666666667
0 0.38 0.228 0.18 0.024
0 0.318 0.248 0.2 0.02666666666666667
0 0.248 0.368 0.24 0.21333333333333335
0 0.107 0.37066666666666664 0.214 0.224
0 0.09 0.25866666666666666 0.18 0.048
0 0.204 0.23733333333333334 0.228 0.05333333333333334
0 0.248 0.208 0.072 0.042666666666666665
0 0.32 0.204 0.08 0.04
0 0.288 0.14533333333333334 0.052 0.088
0 0.625 0.11733333333333333 0.058 0.042666666666666665
0 0.429 0.132 0.122 0.11466666666666667
0 0.339 0.13733333333333334 0.066 0.10933333333333334
0 0.245 0.16933333333333334 0.062 0.04533333333333334
0 0.158 0.184 0.06 0.048
0 0.769 0.12533333333333332 0.042 0.032
0 0.801 0.12266666666666666 0.026 0.032
0 0.829 0.12133333333333333 0.03 0.04
0 0.877 0.116 0.054 0.04533333333333334
0 0.93 0.112 0.06 0.042666666666666665
0 0.899 0.148 0.034 0.034666666666666665
0 0.938 0.148 0.052 0.034666666666666665
0 0.821 0.7733333333333333 0.262 0.20266666666666666
0 0.613 0.7626666666666667 0.174 0.18133333333333335
0 0.458 0.7533333333333333 0.164 0.184
0 0.511 0.9053333333333333 0.21 0.14666666666666667
0 0.691 0.9213333333333333 0.162 0.14133333333333334
0 0.861 0.9293333333333333 0.178 0.136
0 0.285 0.7213333333333334 0.206 0.152
0 0.289 0.5613333333333334 0.166 0.184
0 0.157 0.5613333333333334 0.15 0.168
0 0.053 0.5613333333333334 0.106 0.16266666666666665
0 0.132 0.7173333333333334 0.14 0.14933333333333335
0 0.048 0.7106666666666667 0.096 0.14666666666666667
0 0.084 0.844 0.168 0.136
0 0.214 0.8533333333333334 0.14 0.12266666666666666
0 0.341 0.8533333333333334 0.154 0.144
