0 0.33955375253549697 0.12604823486579841 0.3797160243407709 0.1854010444870724
0 0.3326572008113591 0.30012941360035983 0.37809330628803245 0.18723669839288506
0 0.31906693711967543 0.47727001551127557 0.3793103448275863 0.19213177547505197
0 0.29817444219066935 0.658846781027905 0.3935091277890467 0.19488525633377082
0 0.2971602434077079 0.845012681309066 0.38985801217038546 0.20008627573357318
0 0.6831643002028397 0.8503666718676862 0.3845841784989858 0.18387133289889532
0 0.6947261663286005 0.669095848668692 0.37687626774847877 0.18111785204017633
0 0.7 0.4907314774872346 0.3744421906693711 0.17989408276963464
0 0.7070993914807302 0.31680326991149094 0.3748478701825558 0.17897625581672835
0 0.714604462474645 0.14287506233574723 0.3663286004056795 0.17622277495800945
