0 0.45 0.11811023622047244 0.872 0.11923509561304838
0 0.278 0.23172103487064116 0.556 0.11473565804274466
0 0.777 0.22778402699662542 0.446 0.13385826771653545
0 0.787 0.33689538807649044 0.426 0.10686164229471316
0 0.275 0.3323959505061867 0.55 0.09561304836895389
0 0.275 0.43869516310461193 0.55 0.11923509561304838
0 0.764 0.43082114735658045 0.472 0.09898762654668167
0 0.753 0.5134983127109112 0.494 0.09111361079865017
0 0.751 0.5956130483689539 0.498 0.08661417322834646
0 0.753 0.6647919010123734 0.494 0.07424071991001124
0 0.259 0.5219347581552306 0.518 0.0922384701912261
0 0.252 0.6001124859392576 0.504 0.0686164229471316
0 0.256 0.6732283464566929 0.512 0.08211473565804274
