0 0.171 0.11993769470404984 0.266 0.14641744548286603
0 0.398 0.13239875389408098 0.184 0.14018691588785046
0 0.593 0.12149532710280374 0.194 0.14330218068535824
0 0.147 0.26791277258566976 0.294 0.16199376947040497
0 0.153 0.4236760124610592 0.286 0.16199376947040497
0 0.155 0.5716510903426791 0.286 0.1526479750778816
0 0.071 0.6246105919003115 0.142 0.1838006230529595
0 0.207 0.764797507788162 0.154 0.19003115264797507
0 0.073 0.7710280373831776 0.146 0.17757009345794392
0 0.066 0.9314641744548287 0.128 0.13707165109034267
0 0.203 0.9221183800623053 0.15 0.1557632398753894
0 0.288 0.8364485981308412 0.024 0.1838006230529595
0 0.29 0.9532710280373832 0.024 0.09345794392523364
0 0.221 0.7102803738317757 0.162 0.16199376947040497
0 0.3 0.40186915887850466 0.012 0.13707165109034267
0 0.396 0.27258566978193144 0.184 0.14018691588785046
0 0.405 0.40809968847352024 0.182 0.14330218068535824
0 0.398 0.5467289719626168 0.18 0.14641744548286603
0 0.403 0.6900311526479751 0.174 0.1526479750778816
0 0.406 0.8255451713395638 0.172 0.1308411214953271
0 0.408 0.9454828660436138 0.172 0.10903426791277258
0 0.611 0.8940809968847352 0.222 0.2118380062305296
0 0.621 0.7242990654205608 0.23 0.24610591900311526
0 0.542 0.5264797507788161 0.088 0.1557632398753894
0 0.595 0.40186915887850466 0.186 0.13707165109034267
0 0.595 0.2616822429906542 0.194 0.14330218068535824
0 0.697 0.11526479750778816 0.014 0.14330218068535824
0 0.719 0.11370716510903427 0.038 0.1588785046728972
0 0.863 0.11370716510903427 0.274 0.17133956386292834
0 0.709 0.27102803738317754 0.03 0.1557632398753894
0 0.862 0.2850467289719626 0.276 0.17757009345794392
0 0.668 0.4470404984423676 0.172 0.19626168224299065
0 0.664 0.5903426791277259 0.172 0.2087227414330218
0 0.862 0.4501557632398754 0.276 0.17757009345794392
0 0.873 0.6137071651090342 0.254 0.16822429906542055
0 0.865 0.7710280373831776 0.27 0.1588785046728972
0 0.859 0.9252336448598131 0.282 0.14953271028037382
