0 0.114 0.060719640179910044 0.228 0.12143928035982009
0 0.343 0.0727136431784108 0.254 0.1454272863568216
0 0.573 0.06971514242878561 0.218 0.13943028485757122
0 0.821 0.06521739130434782 0.302 0.13043478260869565
0 0.454 0.20614692653673164 0.16 0.13343328335832083
0 0.759 0.20389805097451275 0.482 0.15892053973013492
0 0.194 0.1956521739130435 0.388 0.15442278860569716
0 0.071 0.3448275862068966 0.142 0.1409295352323838
0 0.241 0.3410794602698651 0.258 0.1424287856071964
0 0.475 0.34407796101949023 0.234 0.14842578710644677
0 0.7 0.35007496251874065 0.244 0.13943028485757122
0 0.903 0.3523238380809595 0.194 0.13793103448275862
0 0.478 0.4535232383808096 0.164 0.0734632683658171
0 0.775 0.47976011994003 0.45 0.12593703148425786
0 0.201 0.4715142428785607 0.402 0.12443778110944528
0 0.892 0.5937031484257871 0.216 0.12293853073463268
0 0.692 0.5944527736131934 0.22 0.1184407796101949
0 0.485 0.5689655172413793 0.21 0.1634182908545727
0 0.272 0.5937031484257871 0.22 0.12293853073463268
0 0.088 0.5952023988005997 0.176 0.12593703148425786
0 0.212 0.7016491754122939 0.424 0.11094452773613193
0 0.502 0.7586206896551724 0.192 0.18290854572713644
0 0.764 0.704647676161919 0.432 0.11094452773613193
0 0.694 0.7991004497751124 0.196 0.095952023988006
0 0.883 0.7886056971514243 0.206 0.11694152923538231
0 0.116 0.8043478260869565 0.212 0.10944527736131934
0 0.31 0.7968515742128935 0.2 0.10644677661169415
0 0.243 0.889055472263868 0.398 0.08695652173913043
0 0.506 0.9235382308845578 0.176 0.15292353823088456
0 0.771 0.8883058470764618 0.394 0.08845577211394302
0 0.848 0.9625187406296851 0.176 0.07196401799100449
0 0.68 0.9640179910044977 0.18 0.07196401799100449
0 0.158 0.9632683658170914 0.192 0.0734632683658171
0 0.329 0.9610194902548725 0.182 0.07796101949025487
