0 0.867 0.618440779610195 0.194 0.17841079460269865
0 0.847 0.7871064467766117 0.182 0.1619190404797601
0 0.659 0.896551724137931 0.214 0.20689655172413793
0 0.436 0.9107946026986506 0.24 0.17841079460269865
0 0.189 0.9280359820089955 0.27 0.14392803598200898
0 0.164 0.7308845577211395 0.3 0.328335832083958
0 0.415 0.7001499250374813 0.274 0.3058470764617691
0 0.63 0.6799100449775113 0.272 0.28335832083958024
0 0.722 0.547976011994003 0.076 0.05847076461769116
0 0.875 0.32908545727136435 0.206 0.19940029985007496
0 0.881 0.11619190404797601 0.206 0.22338830584707647
0 0.688 0.3305847076461769 0.2 0.20839580209895053
0 0.698 0.11319340329835083 0.208 0.22638680659670166
0 0.488 0.3343328335832084 0.212 0.22188905547226387
0 0.489 0.11169415292353824 0.222 0.22338830584707647
0 0.269 0.3350824587706147 0.242 0.2383808095952024
0 0.255 0.10944527736131934 0.254 0.21889055472263869
0 0.068 0.10794602698650675 0.136 0.2158920539730135
0 0.081 0.335832083958021 0.162 0.24587706146926536
