0 0.8358778625954199 0.16 0.22646310432569974 0.25142857142857145
0 0.6463104325699746 0.15857142857142856 0.2035623409669211 0.24857142857142858
0 0.47455470737913485 0.15571428571428572 0.1806615776081425 0.24857142857142858
0 0.7455470737913485 0.45714285714285713 0.5089058524173028 0.24571428571428572
0 0.24681933842239187 0.45571428571428574 0.49363867684478374 0.24857142857142858
0 0.2480916030534351 0.30857142857142855 0.4860050890585242 0.04
0 0.7150127226463104 0.3157142857142857 0.4529262086513995 0.037142857142857144
0 0.26463104325699743 0.2735714285714286 0.4223918575063613 0.041428571428571426
0 0.23155216284987276 0.25 0.32061068702290074 0.02857142857142857
0 0.8320610687022901 0.6678571428571428 0.1984732824427481 0.1757142857142857
0 0.6717557251908397 0.6664285714285715 0.18829516539440203 0.17285714285714285
0 0.5025445292620865 0.6642857142857143 0.17557251908396945 0.16857142857142857
0 0.32951653944020354 0.6621428571428571 0.17048346055979643 0.16428571428571428
0 0.15648854961832062 0.6614285714285715 0.1806615776081425 0.16285714285714287
0 0.044529262086514 0.66 0.089058524173028 0.16285714285714287
