0 0.296 0.7391304347826086 0.232 0.20389805097451275
0 0.483 0.7443778110944528 0.166 0.15442278860569716
0 0.284 0.881559220389805 0.232 0.23088455772113944
0 0.473 0.8800599700149925 0.162 0.15892053973013492
0 0.613 0.8538230884557722 0.138 0.1454272863568216
0 0.732 0.828335832083958 0.12 0.136431784107946
0 0.839 0.8058470764617691 0.11 0.12743628185907047
0 0.847 0.6979010494752623 0.106 0.1184407796101949
0 0.745 0.7136431784107946 0.126 0.13493253373313344
0 0.624 0.7301349325337332 0.14 0.1409295352323838
0 0.862 0.5862068965517241 0.108 0.1199400299850075
0 0.758 0.5952023988005997 0.128 0.12893553223388307
0 0.633 0.5997001499250375 0.15 0.13493253373313344
0 0.49 0.6079460269865068 0.172 0.1424287856071964
0 0.304 0.6026986506746627 0.24 0.1889055472263868
0 0.876 0.46851574212893554 0.108 0.12443778110944528
0 0.772 0.46551724137931033 0.132 0.13343328335832083
0 0.648 0.4662668665667166 0.152 0.1409295352323838
0 0.505 0.46101949025487254 0.162 0.15142428785607195
0 0.312 0.4542728635682159 0.244 0.16491754122938532
0 0.901 0.3320839580209895 0.094 0.15142428785607195
0 0.824 0.32533733133433285 0.104 0.1619190404797601
0 0.735 0.31784107946026985 0.11 0.1679160419790105
0 0.637 0.3065967016491754 0.122 0.18140929535232383
0 0.526 0.29760119940029983 0.136 0.1934032983508246
0 0.369 0.28335832083958024 0.206 0.20689655172413793
0 0.497 0.12368815592203898 0.282 0.1934032983508246
0 0.232 0.3058470764617691 0.084 0.13493253373313344
0 0.167 0.31259370314842577 0.05 0.1184407796101949
0 0.177 0.43928035982008995 0.05 0.13793103448275862
0 0.14 0.4280359820089955 0.028 0.11544227886056972
0 0.17 0.5622188905547226 0.04 0.14992503748125938
0 0.136 0.5337331334332833 0.032 0.12593703148425786
0 0.164 0.6821589205397302 0.044 0.17091454272863568
0 0.156 0.7968515742128935 0.048 0.1664167916041979
0 0.13 0.6416791604197901 0.036 0.14392803598200898
0 0.126 0.7113943028485757 0.032 0.10944527736131934
