0 0.1709443099273608 0.20564971751412428 0.3418886198547216 0.39322033898305087
0 0.1774818401937046 0.49814366424535916 0.3549636803874092 0.2821630347054076
0 0.12493946731234867 0.811499596448749 0.24987893462469735 0.37166747376916864
0 0.40314769975786924 0.7945117029862794 0.30556900726392255 0.3725585149313963
0 0.40460048426150125 0.2150121065375303 0.24164648910411626 0.2673123486682809
0 0.43607748184019374 0.4568200161420501 0.19418886198547217 0.3183212267958031
0 0.5644067796610169 0.19402744148506862 0.19903147699757864 0.20597255851493143
0 0.5937956204379561 0.383698296836983 0.13868613138686134 0.2924574209245742
0 0.650912408759124 0.6927007299270072 0.2346715328467153 0.32554744525547435
0 0.7085 0.4241666666666667 0.096 0.215
0 0.6995 0.2495 0.092 0.18966666666666668
0 0.7907178217821782 0.3580858085808581 0.09034653465346537 0.27920792079207923
0 0.8019955654101996 0.6229120473022912 0.08957871396895792 0.26548410938654843
0 0.8638665132336019 0.38695818948983507 0.06743383199079392 0.23260452627541237
0 0.916800920598389 0.40813195243574996 0.057307249712313026 0.1933256616800921
0 0.961680092059839 0.4243958573072497 0.04626006904487917 0.17429996164173384
0 0.8723820483314155 0.6103567318757193 0.06973532796317614 0.22585347142309162
0 0.9273878020713464 0.6040659762178751 0.059148446490218706 0.19301879555044116
0 0.9681242807825088 0.5956271576524741 0.04257767548906793 0.168162639048715
