0 0.08181818181818182 0.13636363636363635 0.16363636363636364 0.2545454545454545
0 0.32272727272727275 0.1409090909090909 0.34545454545454546 0.2727272727272727
0 0.6136363636363636 0.1409090909090909 0.22727272727272727 0.2727272727272727
0 0.8681818181818182 0.1409090909090909 0.2636363636363636 0.2727272727272727
0 0.08863636363636364 0.38636363636363635 0.17727272727272728 0.23636363636363636
0 0.32954545454545453 0.39545454545454545 0.32272727272727275 0.24545454545454545
0 0.6 0.4022727272727273 0.20909090909090908 0.2409090909090909
0 0.8613636363636363 0.4022727272727273 0.2772727272727273 0.2409090909090909
0 0.1431818181818182 0.6181818181818182 0.2863636363636364 0.21818181818181817
0 0.3886363636363636 0.6204545454545455 0.19545454545454546 0.20454545454545456
0 0.6613636363636364 0.6363636363636364 0.31363636363636366 0.22727272727272727
0 0.9090909090909091 0.6363636363636364 0.18181818181818182 0.22727272727272727
0 0.15 0.8318181818181818 0.2909090909090909 0.20909090909090908
0 0.12954545454545455 0.9590909090909091 0.19545454545454546 0.07272727272727272
0 0.3886363636363636 0.825 0.19545454545454546 0.20454545454545456
0 0.6636363636363637 0.85 0.2909090909090909 0.19090909090909092
0 0.9090909090909091 0.8568181818181818 0.18181818181818182 0.20454545454545456
0 0.37272727272727274 0.9659090909090909 0.2727272727272727 0.05909090909090909
0 0.6204545454545455 0.975 0.20454545454545456 0.05
