0 0.81 0.3347826086956522 0.18 0.10144927536231885
0 0.646 0.3285024154589372 0.172 0.0966183574879227
0 0.483 0.32415458937198066 0.166 0.10144927536231885
0 0.311 0.3178743961352657 0.178 0.10048309178743961
0 0.144 0.3004830917874396 0.192 0.14299516908212562
0 0.833 0.43285024154589374 0.21 0.11207729468599034
0 0.66 0.43043478260869567 0.196 0.10531400966183575
0 0.483 0.4241545893719807 0.182 0.11014492753623188
0 0.297 0.41739130434782606 0.19 0.10821256038647344
0 0.108 0.4144927536231884 0.204 0.11014492753623188
0 0.865 0.5458937198067633 0.218 0.12753623188405797
0 0.679 0.5444444444444444 0.214 0.1285024154589372
0 0.486 0.5381642512077295 0.2 0.12753623188405797
0 0.283 0.5352657004830917 0.214 0.1294685990338164
0 0.099 0.5357487922705314 0.198 0.1323671497584541
0 0.894 0.6956521739130435 0.212 0.17198067632850242
0 0.709 0.691304347826087 0.242 0.17294685990338166
0 0.492 0.6879227053140097 0.228 0.17198067632850242
0 0.261 0.6859903381642513 0.23 0.17198067632850242
0 0.082 0.6840579710144927 0.164 0.17004830917874397
