0 0.3424242424242424 0.06818181818181818 0.1696969696969697 0.13636363636363635
0 0.5060606060606061 0.07045454545454545 0.16363636363636364 0.1409090909090909
0 0.6696969696969697 0.07045454545454545 0.16363636363636364 0.1409090909090909
0 0.7848484848484848 0.09318181818181819 0.07272727272727272 0.18636363636363637
0 0.8909090909090909 0.045454545454545456 0.06666666666666667 0.09090909090909091
0 0.9545454545454546 0.08409090909090909 0.07878787878787878 0.16818181818181818
0 0.9893939393939394 0.08863636363636364 0.021212121212121213 0.16818181818181818
0 0.9712121212121212 0.3977272727272727 0.051515151515151514 0.4772727272727273
0 0.9272727272727272 0.3 0.07272727272727272 0.39090909090909093
0 0.9090909090909091 0.6136363636363636 0.07272727272727272 0.3090909090909091
0 0.9621212121212122 0.7522727272727273 0.07575757575757576 0.37727272727272726
0 0.8727272727272727 0.2159090909090909 0.07878787878787878 0.30454545454545456
0 0.8560606060606061 0.46136363636363636 0.07575757575757576 0.29545454545454547
0 0.6818181818181818 0.17045454545454544 0.2 0.05909090909090909
0 0.4909090909090909 0.16363636363636364 0.18787878787878787 0.06363636363636363
0 0.28939393939393937 0.16590909090909092 0.20909090909090908 0.05909090909090909
0 0.706060606060606 0.4022727272727273 0.23030303030303031 0.41363636363636364
0 0.47575757575757577 0.4022727272727273 0.21818181818181817 0.42272727272727273
0 0.2606060606060606 0.4022727272727273 0.24848484848484848 0.41363636363636364
0 0.27575757575757576 0.7704545454545455 0.22424242424242424 0.32272727272727275
0 0.48333333333333334 0.7681818181818182 0.20909090909090908 0.3181818181818182
0 0.6954545454545454 0.7727272727272727 0.21515151515151515 0.3181818181818182
