0 0.8688888888888889 0.7175 0.26222222222222225 0.125
0 0.6544444444444445 0.715 0.17555555555555555 0.13
0 0.47555555555555556 0.7141666666666666 0.18222222222222223 0.12833333333333333
0 0.29333333333333333 0.7166666666666667 0.19111111111111112 0.13333333333333333
0 0.10111111111111111 0.7191666666666666 0.20222222222222222 0.13833333333333334
0 0.9211111111111111 0.5983333333333334 0.15777777777777777 0.11666666666666667
0 0.7588888888888888 0.5925 0.16666666666666666 0.12166666666666667
0 0.59 0.5883333333333334 0.1711111111111111 0.12333333333333334
0 0.4166666666666667 0.5858333333333333 0.1711111111111111 0.12166666666666667
0 0.16555555555555557 0.5816666666666667 0.33111111111111113 0.13
0 0.8677777777777778 0.4775 0.2644444444444444 0.12833333333333333
0 0.6511111111111111 0.4708333333333333 0.1688888888888889 0.12166666666666667
0 0.48 0.46416666666666667 0.17333333333333334 0.12166666666666667
0 0.3 0.46 0.18222222222222223 0.12333333333333334
0 0.10777777777777778 0.45416666666666666 0.20222222222222222 0.13166666666666665
0 0.8922222222222222 0.3625 0.18 0.115
0 0.6633333333333333 0.3525 0.2866666666666667 0.125
0 0.43333333333333335 0.3441666666666667 0.17333333333333334 0.125
0 0.18222222222222223 0.33166666666666667 0.32 0.13
0 0.36444444444444446 0.22 0.28888888888888886 0.13333333333333333
0 0.5922222222222222 0.24 0.1622222222222222 0.11
0 0.8011111111111111 0.24666666666666667 0.26 0.11666666666666667
0 0.12555555555555556 0.21 0.19333333333333333 0.12333333333333334
