0 0.16532258064516128 0.2818181818181818 0.33064516129032256 0.15454545454545454
0 0.46774193548387094 0.2818181818181818 0.2903225806451613 0.13636363636363635
0 0.6774193548387096 0.25227272727272726 0.3225806451612903 0.1590909090909091
0 0.9193548387096774 0.2636363636363636 0.16129032258064516 0.11818181818181818
0 0.9153225806451613 0.37727272727272726 0.1693548387096774 0.10909090909090909
0 0.7217741935483871 0.38636363636363635 0.23387096774193547 0.12727272727272726
0 0.4637096774193548 0.4113636363636364 0.28225806451612906 0.1318181818181818
0 0.16532258064516128 0.42272727272727273 0.33064516129032256 0.14545454545454545
0 0.9153225806451613 0.4772727272727273 0.1693548387096774 0.10909090909090909
0 0.717741935483871 0.5 0.22580645161290322 0.12727272727272726
0 0.45564516129032256 0.5295454545454545 0.28225806451612906 0.1409090909090909
0 0.16532258064516128 0.5590909090909091 0.33064516129032256 0.16363636363636364
0 0.18548387096774194 0.675 0.3225806451612903 0.15
0 0.4717741935483871 0.634090909090909 0.2661290322580645 0.1318181818181818
0 0.7137096774193549 0.6 0.21774193548387097 0.12727272727272726
0 0.9112903225806451 0.5681818181818182 0.1774193548387097 0.10909090909090909
0 0.907258064516129 0.6386363636363637 0.1693548387096774 0.05909090909090909
0 0.7096774193548387 0.7863636363636364 0.20967741935483872 0.12727272727272726
0 0.7096774193548387 0.6954545454545454 0.20967741935483872 0.12727272727272726
0 0.4596774193548387 0.7363636363636363 0.25806451612903225 0.13636363636363635
0 0.5725806451612904 0.8136363636363636 0.03225806451612903 0.07272727272727272
0 0.3870967741935484 0.8818181818181818 0.4032258064516129 0.23636363636363636
0 0.18951612903225806 0.7659090909090909 0.29838709677419356 0.12272727272727273
0 0.09274193548387097 0.85 0.18548387096774194 0.21818181818181817
0 0.09274193548387097 0.975 0.18548387096774194 0.05
