0 0.6791808873720137 0.6568181818181819 0.44368600682593856 0.5954545454545455
0 0.2525597269624573 0.6386363636363637 0.43686006825938567 0.5954545454545455
0 0.3583617747440273 0.32954545454545453 0.44368600682593856 0.10454545454545454
0 0.6092150170648464 0.3090909090909091 0.05802047781569966 0.06363636363636363
0 0.6023890784982935 0.22954545454545455 0.07167235494880546 0.09545454545454546
0 0.5273037542662116 0.22954545454545455 0.07167235494880546 0.09545454545454546
0 0.45733788395904434 0.22954545454545455 0.06825938566552901 0.09545454545454546
0 0.3890784982935154 0.225 0.07508532423208192 0.09545454545454546
0 0.32081911262798635 0.22727272727272727 0.06143344709897611 0.1
0 0.2235494880546075 0.22272727272727272 0.13993174061433447 0.1
0 0.4641638225255973 0.18409090909090908 0.36860068259385664 0.07727272727272727
0 0.059726962457337884 0.2590909090909091 0.09897610921501707 0.11818181818181818
0 0.13139931740614336 0.2840909090909091 0.051194539249146756 0.07727272727272727
0 0.9488054607508533 0.4409090909090909 0.040955631399317405 0.12727272727272726
0 0.931740614334471 0.42954545454545456 0.06825938566552901 0.1318181818181818
0 0.9300341296928327 0.5590909090909091 0.07167235494880546 0.13636363636363635
0 0.9249146757679181 0.6613636363636364 0.06143344709897611 0.1409090909090909
0 0.9266211604095563 0.7840909090909091 0.08532423208191127 0.17727272727272728
0 0.7064846416382252 0.32727272727272727 0.14334470989761092 0.02727272727272727
