0 0.8145833333333333 0.4332552693208431 0.32083333333333336 0.15456674473067916
0 0.8708333333333333 0.2822014051522248 0.25833333333333336 0.18969555035128804
0 0.8020833333333334 0.5409836065573771 0.3125 0.1358313817330211
0 0.46041666666666664 0.4718969555035129 0.3875 0.16627634660421545
0 0.4708333333333333 0.5889929742388759 0.35833333333333334 0.1522248243559719
0 0.775 0.6381733021077284 0.3 0.13348946135831383
0 0.46458333333333335 0.6908665105386417 0.3375 0.1451990632318501
0 0.6020833333333333 0.3231850117096019 0.29583333333333334 0.16393442622950818
0 0.2708333333333333 0.35011709601873536 0.375 0.18032786885245902
0 0.7833333333333333 0.7142857142857143 0.21666666666666667 0.117096018735363
0 0.575 0.752927400468384 0.21666666666666667 0.11475409836065574
0 0.3416666666666667 0.797423887587822 0.25 0.11943793911007025
0 0.12708333333333333 0.84192037470726 0.2125 0.1053864168618267
0 0.14583333333333334 0.747072599531616 0.2916666666666667 0.15456674473067916
0 0.14583333333333334 0.6358313817330211 0.2916666666666667 0.15690866510538642
0 0.13333333333333333 0.509367681498829 0.26666666666666666 0.15690866510538642
0 0.06458333333333334 0.3700234192037471 0.12916666666666668 0.17798594847775176
0 0.6125 0.16744730679156908 0.31666666666666665 0.18032786885245902
0 0.23541666666666666 0.17681498829039813 0.4125 0.1990632318501171
0 0.6229166666666667 0.03747072599531616 0.3458333333333333 0.07494145199063232
0 0.22291666666666668 0.040983606557377046 0.42916666666666664 0.08196721311475409
