0 0.451 0.11169415292353824 0.73 0.20839580209895053
0 0.441 0.30509745127436283 0.738 0.22038980509745126
0 0.428 0.5007496251874063 0.732 0.21889055472263869
0 0.414 0.7031484257871065 0.756 0.2368815592203898
0 0.418 0.9002998500749625 0.772 0.19940029985007496
0 0.903 0.2331334332833583 0.194 0.1634182908545727
0 0.897 0.3875562218890555 0.206 0.14842578710644677
0 0.896 0.5322338830584707 0.208 0.1469265367316342
0 0.896 0.6829085457271364 0.208 0.15742128935532235
0 0.887 0.835832083958021 0.226 0.15442278860569716
