0 0.185 0.156 0.306 0.22133333333333333
0 0.189 0.352 0.298 0.19733333333333333
0 0.206 0.532 0.292 0.18933333333333333
0 0.219 0.6973333333333334 0.282 0.17333333333333334
0 0.23 0.8546666666666667 0.272 0.16266666666666665
0 0.489 0.14533333333333334 0.318 0.216
0 0.48 0.34 0.292 0.19466666666666665
0 0.484 0.5213333333333333 0.292 0.17866666666666667
0 0.488 0.6906666666666667 0.276 0.16533333333333333
0 0.493 0.84 0.266 0.15466666666666667
0 0.802 0.13866666666666666 0.316 0.208
0 0.781 0.336 0.31 0.192
0 0.773 0.5173333333333333 0.294 0.18133333333333335
0 0.765 0.6866666666666666 0.282 0.168
0 0.759 0.8413333333333334 0.27 0.14666666666666667
0 0.966 0.184 0.064 0.24533333333333332
0 0.955 0.4026666666666667 0.086 0.256
0 0.948 0.628 0.1 0.19466666666666665
0 0.941 0.82 0.114 0.18933333333333333
