0 0.321 0.4773413897280967 0.334 0.44108761329305135
0 0.38 0.3066465256797583 0.22 0.12386706948640483
0 0.609 0.3851963746223565 0.23 0.24471299093655588
0 0.598 0.5045317220543807 0.212 0.01812688821752266
0 0.318 0.8323262839879154 0.288 0.2809667673716012
0 0.623 0.743202416918429 0.294 0.459214501510574
0 0.821 0.4743202416918429 0.222 0.24169184290030213
0 0.813 0.5694864048338368 0.218 0.1903323262839879
0 0.616 0.13141993957703926 0.24 0.2628398791540785
0 0.38 0.1268882175226586 0.24 0.2537764350453172
