0 0.175 0.07871064467766117 0.314 0.15742128935532235
0 0.47 0.10194902548725637 0.292 0.15292353823088456
0 0.742 0.12293853073463268 0.264 0.14992503748125938
0 0.168 0.2166416791604198 0.312 0.16041979010494753
0 0.463 0.2331334332833583 0.294 0.15442278860569716
0 0.739 0.25112443778110943 0.266 0.1454272863568216
0 0.161 0.3598200899550225 0.31 0.15292353823088456
0 0.461 0.37106446776611696 0.29 0.1454272863568216
0 0.734 0.3830584707646177 0.26 0.1424287856071964
0 0.158 0.5 0.312 0.1424287856071964
0 0.455 0.5067466266866567 0.294 0.13793103448275862
0 0.731 0.5157421289355323 0.266 0.13193403298350825
0 0.155 0.6446776611694153 0.31 0.14992503748125938
0 0.45 0.6461769115442278 0.284 0.14392803598200898
0 0.727 0.6476761619190404 0.266 0.13793103448275862
0 0.155 0.7886056971514243 0.306 0.15892053973013492
0 0.451 0.7841079460269865 0.29 0.15292353823088456
0 0.729 0.7811094452773614 0.27 0.1469265367316342
0 0.152 0.9257871064467766 0.3 0.14842578710644677
0 0.447 0.9205397301349325 0.298 0.14992503748125938
0 0.726 0.9137931034482759 0.26 0.15442278860569716
