0 0.434 0.13438438438438438 0.028 0.04954954954954955
0 0.533 0.12312312312312312 0.17 0.06006006006006006
0 0.54 0.19519519519519518 0.196 0.0990990990990991
0 0.542 0.23798798798798798 0.196 0.06156156156156156
0 0.307 0.22297297297297297 0.23 0.07057057057057058
0 0.312 0.15915915915915915 0.236 0.07807807807807808
0 0.309 0.09834834834834835 0.23 0.08258258258258258
0 0.629 0.2987987987987988 0.17 0.06306306306306306
0 0.857 0.30930930930930933 0.286 0.07807807807807808
0 0.857 0.3686186186186186 0.286 0.06456456456456457
0 0.848 0.43018018018018017 0.236 0.06156156156156156
0 0.982 0.43243243243243246 0.032 0.06306306306306306
0 0.63 0.3611111111111111 0.168 0.06156156156156156
0 0.638 0.4219219219219219 0.172 0.06006006006006006
0 0.64 0.48423423423423423 0.176 0.06456456456456457
0 0.414 0.2912912912912913 0.26 0.06906906906906907
0 0.415 0.35735735735735735 0.266 0.06306306306306306
0 0.416 0.42042042042042044 0.264 0.06606606606606606
0 0.14 0.283033033033033 0.28 0.07957957957957958
0 0.143 0.34984984984984985 0.286 0.07207207207207207
0 0.144 0.4144144144144144 0.284 0.06906906906906907
0 0.144 0.48348348348348347 0.288 0.06606606606606606
0 0.417 0.484984984984985 0.262 0.06306306306306306
0 0.148 0.5465465465465466 0.292 0.06606606606606606
0 0.149 0.6103603603603603 0.294 0.06756756756756757
0 0.15 0.6741741741741741 0.296 0.07507507507507508
0 0.15 0.737987987987988 0.296 0.07657657657657657
0 0.147 0.8078078078078078 0.286 0.08408408408408409
0 0.155 0.8753753753753754 0.278 0.08408408408408409
0 0.426 0.5472972972972973 0.26 0.06156156156156156
0 0.431 0.6118618618618619 0.258 0.07057057057057058
0 0.437 0.6704204204204204 0.254 0.06456456456456457
0 0.428 0.7312312312312312 0.26 0.07207207207207207
0 0.421 0.7912912912912913 0.258 0.07507507507507508
0 0.422 0.8543543543543544 0.256 0.07807807807807808
0 0.637 0.8408408408408409 0.17 0.06306306306306306
0 0.635 0.7845345345345346 0.162 0.06156156156156156
0 0.643 0.7244744744744744 0.166 0.06156156156156156
0 0.65 0.6651651651651652 0.168 0.06006006006006006
0 0.647 0.6051051051051051 0.166 0.06306306306306306
0 0.647 0.5442942942942943 0.17 0.05855855855855856
0 0.835 0.4894894894894895 0.206 0.06606606606606606
0 0.969 0.49324324324324326 0.062 0.06156156156156156
0 0.866 0.5472972972972973 0.268 0.06456456456456457
0 0.868 0.6021021021021021 0.264 0.06306306306306306
0 0.969 0.6621621621621622 0.062 0.057057057057057055
0 0.967 0.7207207207207207 0.066 0.06006006006006006
0 0.835 0.7117117117117117 0.194 0.07207207207207207
0 0.836 0.6561561561561562 0.196 0.07207207207207207
0 0.865 0.8198198198198198 0.27 0.0960960960960961
0 0.864 0.7657657657657657 0.268 0.09309309309309309
