0 0.236 0.08468289718289719 0.472 0.16936579436579438
0 0.7106861277445109 0.0992063492063492 0.47970558882235526 0.19573144573144574
0 0.21845238095238095 0.29932611182611185 0.4369047619047619 0.3013549263549264
0 0.6790600940975193 0.3309112684112684 0.4902630453378957 0.28912841412841417
0 0.20982142857142858 0.5838963963963963 0.41964285714285715 0.31493993993993996
0 0.656547619047619 0.6142303017303018 0.4976190476190476 0.29985342485342487
0 0.6238095238095238 0.8597883597883599 0.5071428571428571 0.27706277706277704
0 0.20386904761904762 0.7961086086086087 0.40773809523809523 0.1657907907907909
0 0.18779761904761907 0.9271771771771772 0.37559523809523815 0.14264264264264265
0 0.9365449101796407 0.8819657981334629 0.12291017964071853 0.23006239772706835
0 0.9509161676646707 0.6452680225135314 0.09416766467065872 0.36561112010213803
0 0.9527125748502995 0.30823937710165256 0.09057485029940107 0.3221844599090108
