0 0.157 0.08108108108108109 0.25 0.16216216216216217
0 0.398 0.07957957957957958 0.248 0.15915915915915915
0 0.637 0.08108108108108109 0.23 0.16216216216216217
0 0.866 0.10510510510510511 0.236 0.21021021021021022
0 0.141 0.3063063063063063 0.198 0.2822822822822823
0 0.329 0.2972972972972973 0.19 0.2822822822822823
0 0.515 0.2972972972972973 0.182 0.27627627627627627
0 0.694 0.2957957957957958 0.18 0.2732732732732733
0 0.871 0.2957957957957958 0.182 0.2672672672672673
0 0.147 0.5825825825825826 0.194 0.2882882882882883
0 0.333 0.5720720720720721 0.182 0.27927927927927926
0 0.513 0.5645645645645646 0.182 0.26426426426426425
0 0.691 0.5615615615615616 0.174 0.25825825825825827
0 0.865 0.5615615615615616 0.178 0.25825825825825827
0 0.161 0.8528528528528528 0.278 0.29429429429429427
0 0.423 0.8468468468468469 0.262 0.3063063063063063
0 0.67 0.8423423423423423 0.272 0.30930930930930933
0 0.888 0.8198198198198198 0.224 0.3123123123123123
0 0.964 0.32732732732732733 0.024 0.23423423423423423
0 0.953 0.5570570570570571 0.018 0.21921921921921922
0 0.017 0.036036036036036036 0.034 0.07207207207207207
0 0.02 0.12012012012012012 0.04 0.0960960960960961
0 0.02 0.2057057057057057 0.04 0.08108108108108109
0 0.021 0.2852852852852853 0.042 0.08408408408408409
0 0.022 0.36936936936936937 0.044 0.09009009009009009
