0 0.0109375 0.06875 0.021875 0.1375
0 0.10625 0.08333333333333333 0.175 0.16666666666666666
0 0.1546875 0.0125 0.034375 0.025
0 0.203125 0.03958333333333333 0.0625 0.07916666666666666
0 0.265625 0.06458333333333334 0.0625 0.12916666666666668
0 0.315625 0.08125 0.0375 0.0875
0 0.0859375 0.16458333333333333 0.171875 0.12916666666666668
0 0.10625 0.34375 0.2125 0.29583333333333334
0 0.1109375 0.6125 0.221875 0.2916666666666667
0 0.1171875 0.8604166666666667 0.234375 0.2791666666666667
0 0.2390625 0.12083333333333333 0.109375 0.14166666666666666
0 0.1796875 0.21458333333333332 0.071875 0.1125
0 0.303125 0.26875 0.175 0.20416666666666666
0 0.2625 0.39166666666666666 0.1 0.23333333333333334
0 0.2640625 0.6083333333333333 0.103125 0.225
0 0.2734375 0.8416666666666667 0.103125 0.26666666666666666
0 0.2625 0.9583333333333334 0.125 0.08333333333333333
0 0.34375 0.43125 0.08125 0.1875
0 0.3375 0.14166666666666666 0.09375 0.13333333333333333
0 0.440625 0.13541666666666666 0.11875 0.14583333333333334
0 0.43125 0.23958333333333334 0.13125 0.12083333333333333
0 0.4296875 0.3104166666666667 0.078125 0.14583333333333334
0 0.403125 0.45 0.0375 0.15833333333333333
0 0.35625 0.6208333333333333 0.10625 0.19166666666666668
0 0.415625 0.6083333333333333 0.0375 0.15833333333333333
0 0.353125 0.80625 0.075 0.22083333333333333
0 0.41875 0.7791666666666667 0.05625 0.18333333333333332
0 0.36875 0.9270833333333334 0.1 0.14583333333333334
0 0.4328125 0.9145833333333333 0.034375 0.17083333333333334
0 0.5109375 0.18333333333333332 0.034375 0.10833333333333334
0 0.584375 0.1125 0.125 0.16666666666666666
0 0.7140625 0.07291666666666667 0.153125 0.14583333333333334
0 0.8546875 0.04791666666666667 0.165625 0.09583333333333334
0 0.521875 0.2791666666666667 0.10625 0.125
0 0.5671875 0.19375 0.084375 0.05416666666666667
0 0.6828125 0.18958333333333333 0.103125 0.12916666666666668
0 0.7859375 0.16458333333333333 0.121875 0.1625
0 0.8953125 0.125 0.134375 0.175
0 0.678125 0.24166666666666667 0.21875 0.15
0 0.4859375 0.4270833333333333 0.134375 0.20416666666666666
0 0.6140625 0.39791666666666664 0.153125 0.19583333333333333
0 0.7625 0.37083333333333335 0.16875 0.225
0 0.86875 0.25625 0.175 0.14583333333333334
0 0.9171875 0.3333333333333333 0.165625 0.24166666666666667
0 0.975 0.175 0.05 0.08333333333333333
0 0.51875 0.5958333333333333 0.1875 0.2
0 0.7078125 0.5729166666666666 0.221875 0.2125
0 0.8984375 0.55 0.203125 0.23333333333333334
0 0.51875 0.7791666666666667 0.1625 0.19166666666666668
0 0.66875 0.7791666666666667 0.1625 0.21666666666666667
0 0.828125 0.775 0.18125 0.225
0 0.5296875 0.9125 0.184375 0.175
0 0.7265625 0.9395833333333333 0.215625 0.12083333333333333
0 0.915625 0.94375 0.16875 0.1125
0 0.9484375 0.7729166666666667 0.103125 0.22916666666666666
