0 0.7762443438914026 0.10246941135888644 0.2773755656108598 0.10686578874392116
0 0.7756589147286821 0.19965006199232915 0.27131782945736427 0.10590839040103824
0 0.7724031007751937 0.2946663422208317 0.26852713178294574 0.10034646180229662
0 0.7696124031007752 0.3888715078620178 0.26418604651162786 0.093162304028922
0 0.8082170542635658 0.48087507676620195 0.1764341085271318 0.08945435162976093
0 0.8131782945736433 0.5557293658242662 0.1764341085271318 0.1061401374259858
0 0.8147286821705427 0.6472694406785553 0.17271317829457358 0.08760037543018039
0 0.7755038759689922 0.7250205675484641 0.2474418604651163 0.09200356890418426
0 0.7716279069767441 0.7996431095815808 0.23968992248062024 0.08922260460481332
0 0.7809302325581395 0.8638370354920569 0.23906976744186045 0.10451790825135285
0 0.5866666666666668 0.8576957393309464 0.14945736434108528 0.0764765182326973
0 0.5737984496124031 0.7860859086221481 0.15224806201550392 0.07925748253206807
0 0.5747286821705426 0.7129697222511906 0.15286821705426354 0.07670826525764474
0 0.6093023255813953 0.6395059153428118 0.23875968992248062 0.08736862840523286
0 0.603875968992248 0.5599008122733224 0.23782945736434102 0.08620989328049496
0 0.5950387596899225 0.47554489519240795 0.2418604651162791 0.08528290518070472
0 0.5553488372093024 0.3899143694742818 0.16310077519379848 0.08644164030544259
0 0.553798449612403 0.300923511894416 0.16682170542635658 0.09339405105386961
0 0.5522480620155038 0.2090358165027056 0.1693023255813954 0.10011471477734903
0 0.550077519379845 0.11355604222430796 0.1755038759689923 0.10057820882724419
0 0.3345736434108527 0.12433227888436983 0.25674418604651167 0.10173694395198199
0 0.34868217054263567 0.2149453656388686 0.24155038759689923 0.09941947370250634
0 0.35488372093023257 0.3037044761937869 0.23472868217054263 0.0910765808043939
0 0.3596899224806201 0.3902619900117032 0.23441860465116277 0.08481941113080965
0 0.4018604651162791 0.4731115514304585 0.15069767441860465 0.08134320575659612
0 0.4116279069767442 0.5502833107379983 0.14728682170542634 0.07670826525764474
0 0.41751937984496124 0.6282661846328548 0.1510077519379845 0.07972097658196318
0 0.38651162790697674 0.7081030347272917 0.21984496124031006 0.09339405105386961
0 0.39193798449612405 0.7799446124610376 0.21457364341085275 0.07948922955701558
0 0.40248062015503877 0.8485417318455174 0.2164341085271318 0.08505115815575721
0 0.22697674418604652 0.8282638671626052 0.13395348837209303 0.06859711938447993
0 0.22062015503875967 0.7608254829028632 0.13736434108527132 0.07786700038238256
0 0.21503875968992248 0.6930394781056998 0.1324031007751938 0.06836537235953234
0 0.24248062015503877 0.621197900371954 0.21271317829457362 0.08644164030544264
0 0.22868217054263565 0.5498198166881032 0.23224806201550388 0.07763525335743504
0 0.21968992248062014 0.4735750454803536 0.2297674418604651 0.08319718195617658
0 0.17100775193798448 0.39234771323623135 0.1565891472868217 0.08064796468175342
0 0.16232558139534883 0.30868703723015956 0.16651162790697674 0.08945435162976093
0 0.1541085271317829 0.22073904126255778 0.16620155038759687 0.09200356890418418
0 0.13410852713178295 0.13557200959432683 0.16217054263565892 0.0954797742783977
0 0.031007751937984496 0.1419450527803849 0.0607751937984496 0.08968609865470852
0 0.03953488372093023 0.22641684337377319 0.07782945736434108 0.08667338733039018
0 0.04542635658914729 0.31007751937984496 0.0896124031007752 0.08574639923059989
0 0.050542635658914724 0.3917683456738624 0.10046511627906976 0.07717175930753985
0 0.056899224806201555 0.4689401049814023 0.11255813953488372 0.07763525335743504
0 0.06294573643410853 0.545648370239047 0.12589147286821706 0.07902573550712047
0 0.07162790697674419 0.6178375685102143 0.14325581395348838 0.07137808368385071
0 0.0896124031007752 0.6820314944206903 0.1289922480620155 0.06303519078573823
0 0.09023255813953489 0.748542890580642 0.1289922480620155 0.06998760153416528
0 0.10263565891472869 0.8091447376044308 0.12775193798449613 0.06697489020984683
0 0.015662650602409636 0.6839015253840474 0.03132530120481927 0.06933563851819828
0 0.01746987951807229 0.7445326898025585 0.033333333333333326 0.06033101013921163
0 0.022690763052208834 0.8024624657073735 0.04457831325301205 0.06333255293220706
