0 0.252 0.0915032679738562 0.092 0.1503267973856209
0 0.342 0.09640522875816994 0.1 0.14052287581699346
0 0.456 0.10457516339869281 0.136 0.13725490196078433
0 0.582 0.09640522875816994 0.116 0.14705882352941177
0 0.723 0.08333333333333333 0.17 0.16666666666666666
0 0.872 0.06862745098039216 0.128 0.13725490196078433
0 0.967 0.06862745098039216 0.066 0.13725490196078433
0 0.963 0.2369281045751634 0.074 0.19934640522875818
0 0.87 0.23366013071895425 0.128 0.20588235294117646
0 0.729 0.23039215686274508 0.154 0.21241830065359477
0 0.629 0.24836601307189543 0.018 0.1568627450980392
0 0.553 0.24836601307189543 0.134 0.1568627450980392
0 0.439 0.24509803921568626 0.098 0.16339869281045752
0 0.321 0.24509803921568626 0.138 0.1568627450980392
0 0.21 0.238562091503268 0.092 0.16339869281045752
0 0.57 0.40032679738562094 0.096 0.15359477124183007
0 0.452 0.39869281045751637 0.136 0.1503267973856209
0 0.222 0.39215686274509803 0.136 0.1503267973856209
0 0.316 0.545751633986928 0.136 0.1503267973856209
0 0.226 0.6928104575163399 0.136 0.1503267973856209
0 0.548 0.5522875816993464 0.144 0.1503267973856209
0 0.459 0.696078431372549 0.138 0.1503267973856209
0 0.322 0.8464052287581699 0.136 0.1503267973856209
0 0.55 0.8464052287581699 0.136 0.1503267973856209
0 0.205 0.5424836601307189 0.094 0.1568627450980392
0 0.433 0.5473856209150327 0.102 0.15359477124183007
0 0.573 0.7009803921568627 0.09 0.15359477124183007
0 0.342 0.696078431372549 0.1 0.1503267973856209
0 0.21 0.8431372549019608 0.1 0.1503267973856209
0 0.436 0.8464052287581699 0.1 0.1503267973856209
0 0.229 0.954248366013072 0.142 0.0915032679738562
0 0.128 0.37254901960784315 0.052 0.1437908496732026
0 0.137 0.5163398692810458 0.046 0.1503267973856209
0 0.137 0.6503267973856209 0.046 0.13725490196078433
0 0.155 0.7810457516339869 0.026 0.13071895424836602
0 0.146 0.9199346405228758 0.036 0.16013071895424835
0 0.344 0.9558823529411765 0.096 0.08823529411764706
0 0.461 0.9575163398692811 0.138 0.08496732026143791
0 0.572 0.9607843137254902 0.092 0.0784313725490196
0 0.639 0.4133986928104575 0.042 0.17973856209150327
0 0.727 0.434640522875817 0.154 0.20261437908496732
0 0.865 0.434640522875817 0.13 0.20915032679738563
0 0.856 0.630718954248366 0.128 0.19607843137254902
0 0.96 0.4411764705882353 0.08 0.20261437908496732
0 0.634 0.5784313725490197 0.04 0.1830065359477124
0 0.721 0.619281045751634 0.158 0.21895424836601307
0 0.628 0.7075163398692811 0.02 0.14705882352941177
0 0.747 0.7973856209150327 0.23 0.26143790849673204
0 0.927 0.8251633986928104 0.146 0.19934640522875818
0 0.702 0.8872549019607843 0.168 0.22549019607843138
0 0.845 0.9607843137254902 0.126 0.0784313725490196
0 0.952 0.9640522875816994 0.096 0.0718954248366013
