0 0.867 0.217 0.214 0.218
0 0.667 0.223 0.198 0.206
0 0.467 0.235 0.186 0.19
0 0.271 0.242 0.206 0.192
0 0.236 0.074 0.228 0.148
0 0.073 0.077 0.146 0.154
0 0.096 0.25 0.192 0.188
0 0.084 0.417 0.168 0.15
0 0.259 0.417 0.19 0.174
0 0.468 0.417 0.176 0.174
0 0.648 0.415 0.192 0.186
0 0.856 0.415 0.208 0.178
0 0.862 0.585 0.188 0.166
0 0.664 0.586 0.18 0.168
0 0.483 0.581 0.178 0.166
0 0.031 0.564 0.062 0.136
0 0.123 0.564 0.17 0.144
0 0.286 0.576 0.176 0.16
0 0.288 0.714 0.168 0.136
0 0.301 0.834 0.15 0.128
0 0.128 0.701 0.164 0.134
0 0.031 0.691 0.062 0.126
0 0.046 0.823 0.092 0.126
0 0.153 0.828 0.174 0.124
0 0.496 0.73 0.164 0.148
0 0.665 0.74 0.17 0.156
0 0.849 0.751 0.19 0.17
0 0.521 0.869 0.158 0.138
0 0.681 0.889 0.162 0.154
0 0.846 0.903 0.172 0.158
