0 0.616 0.612 0.216 0.33866666666666667
0 0.409 0.6053333333333333 0.202 0.3253333333333333
0 0.21 0.6373333333333333 0.212 0.2613333333333333
0 0.22 0.8826666666666667 0.196 0.23466666666666666
0 0.415 0.884 0.198 0.232
0 0.61 0.8866666666666667 0.204 0.22666666666666666
0 0.814 0.8666666666666667 0.232 0.26666666666666666
0 0.811 0.6093333333333333 0.286 0.33866666666666667
0 0.835 0.37066666666666664 0.33 0.288
0 0.206 0.356 0.288 0.30666666666666664
0 0.052 0.6893333333333334 0.104 0.30666666666666664
0 0.045 0.44133333333333336 0.09 0.27466666666666667
0 0.034 0.19466666666666665 0.068 0.2613333333333333
0 0.067 0.8813333333333333 0.134 0.23733333333333334
