0 0.15227272727272728 0.1340909090909091 0.21363636363636362 0.18636363636363637
0 0.17045454545454544 0.32727272727272727 0.21363636363636362 0.19090909090909092
0 0.17045454545454544 0.5068181818181818 0.21363636363636362 0.17727272727272728
0 0.1590909090909091 0.6909090909090909 0.20909090909090908 0.19090909090909092
0 0.16590909090909092 0.875 0.21363636363636362 0.18636363636363637
0 0.37272727272727274 0.12727272727272726 0.21818181818181817 0.18181818181818182
0 0.3840909090909091 0.32272727272727275 0.21363636363636362 0.19090909090909092
0 0.3840909090909091 0.5068181818181818 0.21363636363636362 0.17727272727272728
0 0.37272727272727274 0.6977272727272728 0.21818181818181817 0.19545454545454546
0 0.3795454545454545 0.8818181818181818 0.21363636363636362 0.19090909090909092
0 0.5954545454545455 0.8909090909090909 0.21818181818181817 0.18181818181818182
0 0.8090909090909091 0.8931818181818182 0.21818181818181817 0.17727272727272728
0 0.5863636363636363 0.7113636363636363 0.20909090909090908 0.18636363636363637
0 0.7977272727272727 0.7090909090909091 0.21363636363636362 0.20909090909090908
0 0.5954545454545455 0.5295454545454545 0.21818181818181817 0.18636363636363637
0 0.8159090909090909 0.5159090909090909 0.22272727272727272 0.18636363636363637
0 0.6022727272727273 0.33181818181818185 0.22272727272727272 0.20909090909090908
0 0.8272727272727273 0.3340909090909091 0.21818181818181817 0.20454545454545456
0 0.5977272727272728 0.1431818181818182 0.22272727272727272 0.19545454545454546
0 0.8159090909090909 0.1340909090909091 0.22272727272727272 0.19545454545454546
