0 0.014 0.10666666666666667 0.028 0.21333333333333335
0 0.134 0.11866666666666667 0.22 0.23733333333333334
0 0.365 0.13333333333333333 0.222 0.26666666666666666
0 0.595 0.112 0.23 0.224
0 0.824 0.128 0.236 0.256
0 0.97 0.12 0.06 0.24
0 0.115 0.6026666666666667 0.23 0.7946666666666666
0 0.333 0.3933333333333333 0.262 0.31733333333333336
0 0.605 0.3973333333333333 0.274 0.3626666666666667
0 0.869 0.4066666666666667 0.262 0.33866666666666667
0 0.205 0.7746666666666666 0.326 0.45066666666666666
0 0.539 0.772 0.334 0.456
0 0.852 0.7866666666666666 0.296 0.4266666666666667
