0 0.198 0.338368580060423 0.168 0.1268882175226586
0 0.304 0.3459214501510574 0.188 0.1419939577039275
0 0.437 0.3504531722054381 0.206 0.16314199395770393
0 0.582 0.3549848942598187 0.232 0.17220543806646527
0 0.77 0.36253776435045315 0.268 0.1933534743202417
0 0.181 0.45770392749244715 0.11 0.11178247734138973
0 0.289 0.47129909365558914 0.126 0.12084592145015106
0 0.416 0.48942598187311176 0.14 0.13293051359516617
0 0.564 0.5090634441087614 0.176 0.14803625377643503
0 0.78 0.5166163141993958 0.256 0.2054380664652568
0 0.19 0.5634441087613293 0.104 0.11178247734138973
0 0.299 0.5845921450151057 0.122 0.13595166163141995
0 0.426 0.6072507552870091 0.144 0.14501510574018128
0 0.578 0.6419939577039275 0.168 0.16012084592145015
0 0.786 0.6676737160120846 0.26 0.21148036253776434
0 0.2 0.6646525679758308 0.1 0.12084592145015106
0 0.307 0.6948640483383686 0.126 0.14501510574018128
0 0.433 0.7341389728096677 0.142 0.1510574018126888
0 0.582 0.7779456193353474 0.168 0.1661631419939577
0 0.791 0.8202416918429003 0.254 0.2084592145015106
