0 0.15531062124248496 0.8978978978978979 0.15030060120240482 0.2042042042042042
0 0.3066132264529058 0.9039039039039038 0.14829659318637275 0.1921921921921922
0 0.4498997995991984 0.9054054054054054 0.14228456913827656 0.1891891891891892
0 0.594188376753507 0.9039039039039038 0.1462925851703407 0.1921921921921922
0 0.7344689378757515 0.8993993993993994 0.15030060120240482 0.2012012012012012
0 0.8717434869739479 0.9009009009009009 0.1523046092184369 0.1981981981981982
0 0.8887775551102205 0.7057057057057057 0.15430861723446893 0.22822822822822822
0 0.750501002004008 0.6966966966966966 0.1462925851703407 0.21621621621621623
0 0.6062124248496994 0.7057057057057057 0.15831663326653306 0.2222222222222222
0 0.45490981963927857 0.7027027027027027 0.156312625250501 0.22822822822822822
0 0.30060120240480964 0.6996996996996997 0.156312625250501 0.22822822822822822
0 0.15130260521042085 0.6921921921921922 0.15831663326653306 0.23123123123123124
0 0.9018036072144289 0.4804804804804805 0.14428857715430862 0.2222222222222222
0 0.7605210420841684 0.4774774774774775 0.1462925851703407 0.22822822822822822
0 0.6142284569138277 0.47297297297297297 0.1623246492985972 0.24324324324324326
0 0.4559118236472946 0.47147147147147145 0.15430861723446893 0.24624624624624625
0 0.2935871743486974 0.466966966966967 0.1623246492985972 0.24324324324324326
0 0.13326653306613226 0.466966966966967 0.1623246492985972 0.23723723723723725
0 0.9098196392785571 0.25825825825825827 0.14829659318637275 0.22822822822822822
0 0.7675350701402806 0.24774774774774774 0.14829659318637275 0.23723723723723725
0 0.6182364729458918 0.23423423423423423 0.1623246492985972 0.25225225225225223
0 0.44288577154308617 0.22672672672672672 0.16032064128256512 0.2552552552552553
0 0.2835671342685371 0.2222222222222222 0.15831663326653306 0.24624624624624625
0 0.11823647294589178 0.22672672672672672 0.16032064128256512 0.24924924924924924
0 0.6072144288577155 0.05855855855855856 0.156312625250501 0.11711711711711711
0 0.44789579158316634 0.052552552552552555 0.15831663326653306 0.10510510510510511
0 0.2845691382765531 0.04954954954954955 0.16432865731462926 0.0990990990990991
0 0.11923847695390781 0.05105105105105105 0.1623246492985972 0.1021021021021021
0 0.8386773547094188 0.07207207207207207 0.2905811623246493 0.14414414414414414
0 0.9809619238476954 0.5345345345345346 0.03807615230460922 0.3003003003003003
0 0.03707414829659319 0.933933933933934 0.07414829659318638 0.13213213213213212
0 0.031062124248496994 0.7942942942942943 0.06212424849699399 0.2672672672672673
0 0.022044088176352707 0.5960960960960962 0.04408817635270541 0.24324324324324326
