0 0.073 0.06133333333333333 0.146 0.12266666666666666
0 0.079 0.16133333333333333 0.158 0.10933333333333334
0 0.293 0.05466666666666667 0.31 0.10933333333333334
0 0.252 0.136 0.212 0.14933333333333335
0 0.382 0.12266666666666666 0.196 0.14933333333333335
0 0.605 0.04133333333333333 0.27 0.08266666666666667
0 0.602 0.13333333333333333 0.252 0.13333333333333333
0 0.584 0.264 0.224 0.13333333333333333
0 0.579 0.38666666666666666 0.234 0.13866666666666666
0 0.554 0.5053333333333333 0.2 0.152
0 0.575 0.6253333333333333 0.198 0.15733333333333333
0 0.579 0.7413333333333333 0.194 0.14933333333333335
0 0.589 0.8426666666666667 0.206 0.16
0 0.795 0.032 0.114 0.064
0 0.859 0.12933333333333333 0.282 0.184
0 0.821 0.2773333333333333 0.266 0.13866666666666666
0 0.825 0.4186666666666667 0.274 0.144
0 0.788 0.5266666666666666 0.28 0.2
0 0.806 0.6666666666666666 0.272 0.18666666666666668
0 0.799 0.7986666666666666 0.254 0.19466666666666665
0 0.811 0.9106666666666666 0.254 0.17866666666666667
0 0.614 0.9373333333333334 0.2 0.12533333333333332
0 0.775 0.9733333333333334 0.13 0.05333333333333334
0 0.558 0.9786666666666667 0.08 0.042666666666666665
0 0.977 0.9666666666666667 0.046 0.06666666666666667
0 0.962 0.8786666666666667 0.076 0.136
0 0.959 0.728 0.082 0.21333333333333335
0 0.968 0.5773333333333334 0.064 0.248
0 0.378 0.24266666666666667 0.188 0.13333333333333333
0 0.377 0.35333333333333333 0.166 0.11466666666666667
0 0.378 0.472 0.16 0.13333333333333333
0 0.391 0.5866666666666667 0.178 0.128
0 0.399 0.692 0.166 0.14133333333333334
0 0.4 0.78 0.172 0.136
0 0.426 0.8746666666666667 0.188 0.14933333333333335
0 0.419 0.9346666666666666 0.198 0.13066666666666665
0 0.221 0.24666666666666667 0.15 0.13066666666666665
0 0.224 0.356 0.152 0.104
0 0.229 0.45866666666666667 0.138 0.10133333333333333
0 0.238 0.5546666666666666 0.136 0.112
0 0.247 0.644 0.142 0.12
0 0.248 0.7253333333333334 0.14 0.128
0 0.269 0.8186666666666667 0.13 0.12266666666666666
0 0.258 0.8786666666666667 0.132 0.12533333333333332
0 0.091 0.24666666666666667 0.142 0.10933333333333334
0 0.089 0.3413333333333333 0.13 0.10133333333333333
0 0.098 0.424 0.136 0.10133333333333333
0 0.111 0.5106666666666667 0.126 0.104
0 0.117 0.6 0.126 0.10133333333333333
0 0.121 0.6906666666666667 0.118 0.112
0 0.139 0.7653333333333333 0.134 0.10666666666666667
0 0.136 0.8413333333333334 0.116 0.10933333333333334
0 0.039 0.7973333333333333 0.078 0.096
0 0.038 0.7293333333333333 0.076 0.09333333333333334
0 0.034 0.656 0.068 0.08533333333333333
0 0.029 0.5746666666666667 0.058 0.08266666666666667
0 0.026 0.49866666666666665 0.052 0.08533333333333333
0 0.019 0.41733333333333333 0.038 0.07733333333333334
0 0.015 0.3373333333333333 0.03 0.08266666666666667
0 0.012 0.256 0.024 0.08
