0 0.255 0.172 0.438 0.344
0 0.203 0.4053333333333333 0.334 0.22933333333333333
0 0.218 0.5786666666666667 0.284 0.15466666666666667
0 0.241 0.7013333333333334 0.258 0.10133333333333333
0 0.263 0.7986666666666666 0.242 0.10933333333333334
0 0.497 0.808 0.258 0.112
0 0.498 0.7093333333333334 0.268 0.11733333333333333
0 0.498 0.5746666666666667 0.296 0.152
0 0.785 0.5773333333333334 0.31 0.14133333333333334
0 0.773 0.7013333333333334 0.278 0.12266666666666666
0 0.755 0.8106666666666666 0.27 0.096
0 0.823 0.3546666666666667 0.338 0.33066666666666666
0 0.506 0.3293333333333333 0.32 0.38133333333333336
0 0.705 0.176 0.438 0.352
