0 0.262 0.20195195195195195 0.428 0.2777777777777778
0 0.692 0.20945945945945946 0.372 0.25075075075075076
0 0.806 0.43018018018018017 0.348 0.23873873873873874
0 0.45 0.45045045045045046 0.376 0.23423423423423423
0 0.142 0.4677177177177177 0.284 0.25675675675675674
0 0.923 0.6081081081081081 0.154 0.23723723723723725
0 0.753 0.6448948948948949 0.23 0.2147147147147147
0 0.461 0.6681681681681682 0.358 0.23723723723723725
0 0.148 0.698948948948949 0.296 0.25075075075075076
0 0.917 0.801051051051051 0.166 0.1966966966966967
0 0.741 0.8303303303303303 0.214 0.2012012012012012
0 0.463 0.8678678678678678 0.334 0.23423423423423423
0 0.147 0.8956456456456456 0.294 0.2087087087087087
