0 0.063 0.042 0.126 0.084
0 0.244 0.05 0.22 0.1
0 0.175 0.178 0.346 0.188
0 0.515 0.196 0.322 0.184
0 0.463 0.056 0.21 0.112
0 0.676 0.058 0.204 0.116
0 0.887 0.06 0.198 0.12
0 0.992 0.06 0.016 0.12
0 0.834 0.203 0.312 0.17
0 0.994 0.205 0.012 0.158
0 0.991 0.377 0.018 0.162
0 0.884 0.378 0.2 0.172
0 0.678 0.374 0.212 0.176
0 0.465 0.37 0.21 0.172
0 0.24 0.357 0.216 0.174
0 0.065 0.354 0.13 0.18
0 0.183 0.529 0.342 0.174
0 0.512 0.542 0.32 0.176
0 0.833 0.545 0.318 0.17
0 0.063 0.702 0.126 0.172
0 0.236 0.702 0.22 0.176
0 0.457 0.716 0.218 0.176
0 0.679 0.714 0.21 0.172
0 0.889 0.711 0.21 0.174
0 0.836 0.883 0.328 0.17
0 0.506 0.881 0.328 0.17
0 0.174 0.879 0.344 0.174
