0 0.4717741935483871 0.038636363636363635 0.7983870967741935 0.07727272727272727
0 0.3064516129032258 0.18863636363636363 0.2903225806451613 0.2590909090909091
0 0.532258064516129 0.16818181818181818 0.27419354838709675 0.2545454545454545
0 0.7540322580645161 0.15227272727272728 0.25 0.2590909090909091
0 0.1774193548387097 0.425 0.2903225806451613 0.2318181818181818
0 0.6290322580645161 0.38636363636363635 0.7419354838709677 0.2636363636363636
0 0.27419354838709675 0.6295454545454545 0.2903225806451613 0.22272727272727272
0 0.5 0.6090909090909091 0.24193548387096775 0.20909090909090908
0 0.6935483870967742 0.5931818181818181 0.22580645161290322 0.20454545454545456
0 0.8911290322580645 0.575 0.21774193548387097 0.19545454545454546
0 0.5524193548387096 0.8386363636363636 0.75 0.32272727272727275
0 0.09274193548387097 0.6113636363636363 0.18548387096774194 0.1409090909090909
0 0.9112903225806451 0.7477272727272727 0.1774193548387097 0.17727272727272728
0 0.056451612903225805 0.5545454545454546 0.11290322580645161 0.1
0 0.17338709677419356 0.2431818181818182 0.10483870967741936 0.05
0 0.15725806451612903 0.2818181818181818 0.13709677419354838 0.03636363636363636
0 0.17338709677419356 0.30227272727272725 0.12096774193548387 0.031818181818181815
0 0.9717741935483871 0.12727272727272726 0.056451612903225805 0.08181818181818182
0 0.9838709677419355 0.19090909090909092 0.03225806451612903 0.05454545454545454
0 0.9798387096774194 0.23863636363636365 0.04032258064516129 0.04090909090909091
