0 0.231 0.1816816816816817 0.462 0.3483483483483483
0 0.332 0.10510510510510511 0.38 0.21021021021021022
0 0.538 0.2807807807807808 0.172 0.1981981981981982
0 0.584 0.16966966966966968 0.136 0.1831831831831832
0 0.561 0.07057057057057058 0.254 0.14114114114114115
0 0.728 0.12462462462462462 0.104 0.15915915915915915
0 0.706 0.21696696696696696 0.124 0.16066066066066065
0 0.656 0.31456456456456455 0.096 0.14264264264264265
0 0.185 0.4114114114114114 0.37 0.2672672672672673
0 0.256 0.6666666666666666 0.512 0.2822822822822823
0 0.455 0.4339339339339339 0.198 0.1921921921921922
0 0.57 0.6013513513513513 0.16 0.17867867867867868
0 0.603 0.44294294294294295 0.126 0.15015015015015015
0 0.72 0.4466966966966967 0.12 0.12462462462462462
0 0.694 0.5795795795795796 0.116 0.14414414414414414
0 0.788 0.5653153153153153 0.088 0.11861861861861862
0 0.746 0.3415915915915916 0.1 0.12162162162162163
0 0.811 0.17342342342342343 0.086 0.12762762762762764
0 0.207 0.8611111111111112 0.41 0.2777777777777778
0 0.5 0.795045045045045 0.2 0.25375375375375375
0 0.383 0.933933933933934 0.282 0.12912912912912913
0 0.606 0.8933933933933934 0.184 0.2132132132132132
0 0.741 0.8671171171171171 0.17 0.26576576576576577
0 0.663 0.7274774774774775 0.138 0.18768768768768768
0 0.769 0.6801801801801802 0.094 0.14114114114114115
0 0.836 0.8123123123123123 0.132 0.24924924924924924
0 0.922 0.7552552552552553 0.104 0.21021021021021022
0 0.973 0.7057057057057057 0.054 0.17117117117117117
0 0.792 0.25975975975975973 0.06 0.10810810810810811
0 0.835 0.36186186186186187 0.078 0.1111111111111111
0 0.813 0.4527027027027027 0.074 0.1066066066066066
0 0.86 0.5533033033033034 0.068 0.1006006006006006
0 0.845 0.6576576576576577 0.078 0.12312312312312312
0 0.906 0.6313813813813813 0.056 0.1006006006006006
0 0.92 0.5412912912912913 0.06 0.09759759759759759
0 0.871 0.4572072072072072 0.066 0.0915915915915916
0 0.855 0.2822822822822823 0.07 0.10810810810810811
0 0.877 0.20645645645645647 0.066 0.1066066066066066
0 0.927 0.234984984984985 0.042 0.0915915915915916
0 0.964 0.25075075075075076 0.036 0.07807807807807808
0 0.911 0.2987987987987988 0.05 0.0960960960960961
0 0.961 0.3138138138138138 0.054 0.08108108108108109
0 0.894 0.37462462462462465 0.06 0.08858858858858859
0 0.953 0.38288288288288286 0.074 0.07807807807807808
0 0.924 0.4587087087087087 0.044 0.08258258258258258
0 0.969 0.45495495495495497 0.058 0.07207207207207207
0 0.952 0.6096096096096096 0.064 0.0960960960960961
0 0.963 0.5292792792792793 0.038 0.08558558558558559
0 0.988 0.524024024024024 0.02 0.08108108108108109
0 0.991 0.5900900900900901 0.018 0.07807807807807808
